Main.Studies.MarkerTracking.t,Main.Studies.MarkerTracking.JointAngleOutputs.OutputFile_LeftArm.ThoraxClavicula[0],Main.Studies.MarkerTracking.JointAngleOutputs.OutputFile_LeftArm.ThoraxClavicula[1],Main.Studies.MarkerTracking.JointAngleOutputs.OutputFile_LeftArm.ThoraxClavicula[2],Main.Studies.MarkerTracking.JointAngleOutputs.OutputFile_LeftArm.ClaviculaScapula[0],Main.Studies.MarkerTracking.JointAngleOutputs.OutputFile_LeftArm.ClaviculaScapula[1],Main.Studies.MarkerTracking.JointAngleOutputs.OutputFile_LeftArm.ClaviculaScapula[2],Main.Studies.MarkerTracking.JointAngleOutputs.OutputFile_LeftArm.ScapulaHumerus[0],Main.Studies.MarkerTracking.JointAngleOutputs.OutputFile_LeftArm.ScapulaHumerus[1],Main.Studies.MarkerTracking.JointAngleOutputs.OutputFile_LeftArm.ScapulaHumerus[2],Main.Studies.MarkerTracking.JointAngleOutputs.OutputFile_LeftArm.HumerusUlna,Main.Studies.MarkerTracking.JointAngleOutputs.OutputFile_LeftArm.UlnaRadius,Main.Studies.MarkerTracking.JointAngleOutputs.OutputFile_LeftArm.RadiusWrist,Main.Studies.MarkerTracking.JointAngleOutputs.OutputFile_LeftArm.WristHand
  5.000000000000000e-01, -2.300794618933320e-02, -2.706266955721113e-01,  6.892455029731211e-02, -1.681740356148220e-02,  7.177779312022793e-01, -5.624814590721528e-03,  1.271718660939750e-02,  7.170967436464186e-01,  5.004643080939240e-02,  3.563091610106837e-01, -2.093605010147036e+00, -5.860744841898233e-01,  4.934172270871808e-01
  5.100000000000000e-01, -2.294630510395386e-02, -2.708619618046866e-01,  6.904438425922022e-02, -1.667140305024686e-02,  7.178753965363226e-01, -5.482724188885154e-03,  1.306523719258200e-02,  7.169050769748316e-01,  4.915648793963308e-02,  3.567266802132520e-01, -2.093075962360670e+00, -5.863996073552790e-01,  4.939843607356272e-01
  5.200000000000000e-01, -2.288740949219747e-02, -2.710851493349310e-01,  6.915826777164115e-02, -1.653223994766111e-02,  7.179686674628556e-01, -5.347566635182160e-03,  1.340020190554343e-02,  7.166838329966507e-01,  4.831810135853660e-02,  3.571436919786480e-01, -2.092606639089554e+00, -5.867258979056817e-01,  4.945455290534434e-01
  5.300000000000000e-01, -2.283117251672936e-02, -2.712969116901012e-01,  6.926649443128657e-02, -1.639963913444580e-02,  7.180578514383044e-01, -5.219022129284099e-03,  1.372250068455117e-02,  7.164201312078017e-01,  4.752740618958769e-02,  3.575583671947962e-01, -2.092142168873203e+00, -5.870516161786510e-01,  4.951048216491138e-01
  5.400000000000000e-01, -2.277777110842475e-02, -2.714967141153831e-01,  6.936877273433446e-02, -1.627399249456371e-02,  7.181426560877200e-01, -5.097443887006254e-03,  1.403100433855423e-02,  7.161117240099553e-01,  4.678583091403632e-02,  3.579714664522511e-01, -2.091682040622302e+00, -5.873755098983100e-01,  4.956613230966986e-01
  5.500000000000000e-01, -2.272753875778628e-02, -2.716834447571727e-01,  6.946451466099292e-02, -1.615605842697643e-02,  7.182225396234658e-01, -4.983538241821973e-03,  1.432366021447525e-02,  7.157580115786172e-01,  4.609692028514298e-02,  3.583826991217402e-01, -2.091230494479866e+00, -5.876949555556743e-01,  4.962119749026412e-01
  5.600000000000001e-01, -2.268067956426935e-02, -2.718565042706557e-01,  6.955339123684980e-02, -1.604628439791219e-02,  7.182971630742910e-01, -4.877706594836466e-03,  1.459912251557630e-02,  7.153586427637377e-01,  4.546221670113471e-02,  3.587926082263579e-01, -2.090791153870672e+00, -5.880080956236818e-01,  4.967546513465410e-01
  5.700000000000000e-01, -2.263735183038105e-02, -2.720154902078830e-01,  6.963517146603862e-02, -1.594500402278494e-02,  7.183662577646053e-01, -4.780236969748843e-03,  1.485628020315400e-02,  7.149136948925620e-01,  4.488244057173436e-02,  3.592019506899156e-01, -2.090367538777262e+00, -5.883131982105260e-01,  4.972874144487639e-01
  5.800000000000000e-01, -2.259766779702866e-02, -2.721601912116005e-01,  6.970972023690036e-02, -1.585243786175008e-02,  7.184296263549885e-01, -4.691305986180585e-03,  1.509426635442080e-02,  7.144236410185151e-01,  4.435753892678174e-02,  3.596116586192782e-01, -2.089962954998536e+00, -5.886086920994446e-01,  4.978085488359260e-01
  5.900000000000000e-01, -2.256169531482573e-02, -2.722905741468263e-01,  6.977699256967720e-02, -1.576869876341981e-02,  7.184871407954828e-01, -4.610985151135017e-03,  1.531245592280073e-02,  7.138893105150872e-01,  4.388675914110158e-02,  3.600228008698845e-01, -2.089580422665219e+00, -5.888931941060004e-01,  4.983165859116082e-01
  6.000000000000000e-01, -2.252946126789556e-02, -2.724067650428398e-01,  6.983702462907207e-02, -1.569380128534255e-02,  7.185387374665652e-01, -4.539250979173843e-03,  1.551045286377658e-02,  7.133118425039688e-01,  4.346874381750276e-02,  3.604365434713061e-01, -2.089222629643415e+00, -5.891655260336787e-01,  4.988103139234044e-01
  6.100000000000000e-01, -2.250095634195319e-02, -2.725090258640882e-01,  6.988992247915279e-02, -1.562767411679410e-02,  7.185844101090963e-01, -4.475997835008585e-03,  1.568806853477795e-02,  7.126926342845626e-01,  4.310163745890442e-02,  3.608541119039836e-01, -2.088891906540350e+00, -5.894247191947367e-01,  4.992887750633292e-01
  6.200000000000000e-01, -2.247614061409369e-02, -2.725977293566749e-01,  6.993584970011163e-02, -1.557017420168493e-02,  7.186242013457647e-01, -4.421052205795230e-03,  1.584529410422016e-02,  7.120332882798651e-01,  4.278319554469484e-02,  3.612767575103031e-01, -2.088590219306699e+00, -5.896700087277613e-01,  4.997512514920500e-01
  6.300000000000000e-01, -2.245494940934318e-02, -2.726733340386718e-01,  6.997501493049495e-02, -1.552110125206397e-02,  7.186581936746224e-01, -4.374187147325150e-03,  1.598227014152002e-02,  7.113355620663753e-01,  4.251088847888897e-02,  3.617057289871659e-01, -2.088319176266742e+00, -5.899008193269517e-01,  5.001972429993959e-01
  6.400000000000000e-01, -2.243735541506869e-02, -2.727364061838103e-01,  7.000765423180225e-02, -1.548028466404618e-02,  7.186863866992188e-01, -4.335172399321414e-03,  1.609873172965797e-02,  7.105993019957548e-01,  4.228079106188901e-02,  3.621437716661080e-01, -2.088070042743126e+00, -5.901151771852570e-01,  5.006298640484422e-01
  6.500000000000000e-01, -2.242315214228148e-02, -2.727873925816005e-01,  7.003403244705014e-02, -1.544731579278147e-02,  7.187091394294343e-01, -4.303653602644163e-03,  1.619606630406414e-02,  7.098303835262114e-01,  4.209261353172367e-02,  3.625888457426701e-01, -2.087863108990029e+00, -5.903159381728212e-01,  5.010420717834158e-01
  6.600000000000000e-01, -2.241228272895484e-02, -2.728269554844650e-01,  7.005443705922546e-02, -1.542195691821458e-02,  7.187264996389690e-01, -4.279339286936733e-03,  1.627418984635446e-02,  7.090289578761325e-01,  4.194214149469257e-02,  3.630437937937079e-01, -2.087690087327539e+00, -5.905014253392089e-01,  5.014372985262651e-01
  6.700000000000000e-01, -2.240463379139551e-02, -2.728556962454389e-01,  7.006915552407318e-02, -1.540390041996737e-02,  7.187386306476220e-01, -4.261907352224681e-03,  1.633356346396946e-02,  7.081969863410860e-01,  4.182648533926853e-02,  3.635096494870020e-01, -2.087551130847427e+00, -5.906715597668122e-01,  5.018156568776423e-01
  6.799999999999999e-01, -2.240008663546132e-02, -2.728742214643896e-01,  7.007847986471724e-02, -1.539282924540826e-02,  7.187457055470045e-01, -4.251029159865976e-03,  1.637469103063765e-02,  7.073364992628733e-01,  4.174279626002224e-02,  3.639873941508815e-01, -2.087446483227714e+00, -5.908263712349262e-01,  5.021773300581960e-01
  6.899999999999999e-01, -2.239852003123894e-02, -2.728831354618600e-01,  7.008270246087890e-02, -1.538842282595719e-02,  7.187479025312469e-01, -4.246374784416072e-03,  1.639810124019095e-02,  7.064495304830972e-01,  4.168828175861628e-02,  3.644779313688973e-01, -2.087376220037828e+00, -5.909659606100314e-01,  5.025225733671145e-01
  7.000000000000000e-01, -2.239981135296230e-02, -2.728830362505567e-01,  7.008211392927595e-02, -1.539035975193107e-02,  7.187454030711002e-01, -4.247615487332096e-03,  1.640434037586122e-02,  7.055381079009562e-01,  4.166021918735557e-02,  3.649820807715495e-01, -2.087340251552613e+00, -5.910904854774448e-01,  5.028517034778381e-01
  7.100000000000000e-01, -2.240383720009631e-02, -2.728745132436837e-01,  7.007700191913484e-02, -1.539831926911168e-02,  7.187383909314179e-01, -4.254425085028285e-03,  1.639396822316730e-02,  7.046042486368156e-01,  4.165596374928478e-02,  3.655005722681600e-01, -2.087338330840484e+00, -5.912001489045833e-01,  5.031650902320939e-01
  7.200000000000000e-01, -2.241047364303130e-02, -2.728581461816345e-01,  7.006765055508556e-02, -1.541198193171390e-02,  7.187270518015341e-01, -4.266480531915704e-03,  1.636755633070750e-02,  7.036499566189345e-01,  4.167295276612484e-02,  3.660340401108227e-01, -2.087370061451598e+00, -5.912951942257736e-01,  5.034631502883070e-01
  7.300000000000000e-01, -2.241963614357631e-02, -2.728343816428079e-01,  7.005427417624255e-02, -1.543111767422034e-02,  7.187115074696040e-01, -4.283543378456981e-03,  1.632546602949197e-02,  7.026758993223244e-01,  4.170904639695981e-02,  3.665822269582419e-01, -2.087427835446668e+00, -5.913754729444448e-01,  5.037468077497320e-01
  7.400000000000000e-01, -2.243112242933434e-02, -2.728040195709285e-01,  7.003727822010959e-02, -1.545523921769308e-02,  7.186920748908278e-01, -4.305138845117581e-03,  1.626871912710611e-02,  7.016866451234951e-01,  4.176118205312212e-02,  3.671471574120239e-01, -2.087524863130162e+00, -5.914421401230119e-01,  5.040156787993909e-01
  7.500000000000000e-01, -2.244484252554936e-02, -2.727674955880503e-01,  7.001687507719206e-02, -1.548411082897798e-02,  7.186688874382350e-01, -4.331027524567310e-03,  1.619772866306824e-02,  7.006829345016203e-01,  4.182738423403305e-02,  3.677283422671097e-01, -2.087653704737997e+00, -5.914952079407279e-01,  5.042706778140816e-01
  7.600000000000000e-01, -2.246066924301983e-02, -2.727253523869016e-01,  6.999333570644849e-02, -1.551741653911847e-02,  7.186421406149264e-01, -4.360896990392120e-03,  1.611311883634528e-02,  6.996667006844359e-01,  4.190542023927030e-02,  3.683259639870819e-01, -2.087813263759112e+00, -5.915351039538018e-01,  5.045123588748098e-01
  7.700000000000000e-01, -2.247847299491166e-02, -2.726781261795219e-01,  6.996692951346180e-02, -1.555483832062571e-02,  7.186120351988619e-01, -4.394434935106515e-03,  1.601553758739483e-02,  6.986399005542542e-01,  4.199314178613909e-02,  3.689400904566901e-01, -2.088002462504361e+00, -5.915623248857439e-01,  5.047412914491609e-01
  7.800000000000000e-01, -2.249812207832378e-02, -2.726263468261254e-01,  6.993792426720001e-02, -1.559605649759994e-02,  7.185787766869235e-01, -4.431329364226135e-03,  1.590565435890770e-02,  6.976044854039565e-01,  4.208847932210229e-02,  3.695706601920589e-01, -2.088220084220490e+00, -5.915774169150749e-01,  5.049580741643881e-01
  7.900000000000000e-01, -2.251948242344604e-02, -2.725705384835025e-01,  6.990658645170883e-02, -1.564074924286128e-02,  7.185425757240563e-01, -4.471268108122834e-03,  1.578416175685454e-02,  6.965624013162023e-01,  4.218944055253802e-02,  3.702174779270871e-01, -2.088464764922535e+00, -5.915809714512075e-01,  5.051633372687993e-01
  8.000000000000000e-01, -2.254241737398116e-02, -2.725112201806482e-01,  6.987318157659564e-02, -1.568859213760689e-02,  7.185036484773252e-01, -4.513938390826974e-03,  1.565177700298996e-02,  6.955155915868191e-01,  4.229410908768919e-02,  3.708802117626092e-01, -2.088734992762480e+00, -5.915736240311025e-01,  5.053577416862094e-01
  8.100000000000001e-01, -2.256678752005295e-02, -2.724489063251691e-01,  6.983797443893001e-02, -1.573925782214387e-02,  7.184622169149879e-01, -4.559026473223669e-03,  1.550924301982730e-02,  6.944659992236707e-01,  4.240064286205525e-02,  3.715583918828846e-01, -2.089029111631294e+00, -5.915560535597184e-01,  5.055419756916568e-01
  8.200000000000001e-01, -2.259245058995168e-02, -2.723841071167953e-01,  6.980122932421963e-02, -1.579241575428692e-02,  7.184185089791791e-01, -4.606217386027022e-03,  1.535732915229241e-02,  6.934155670278878e-01,  4.250727237995212e-02,  3.722514112328146e-01, -2.089345329442002e+00, -5.915289806951847e-01,  5.057167510354665e-01
  8.300000000000001e-01, -2.261926142322466e-02, -2.723173288077468e-01,  6.976321011301018e-02, -1.584773212190196e-02,  7.183727586149611e-01, -4.655194794762773e-03,  1.519683138349728e-02,  6.923662349839828e-01,  4.261229892282068e-02,  3.729585284408106e-01, -2.089681730958937e+00, -5.914931657419105e-01,  5.058827992559968e-01
  8.400000000000001e-01, -2.264707208125041e-02, -2.722490736566679e-01,  6.972418020809570e-02, -1.590487002910184e-02,  7.183252055606700e-01, -4.705641104691179e-03,  1.502857161542081e-02,  6.913199377558220e-01,  4.271409309114160e-02,  3.736788726964229e-01, -2.090036292684656e+00, -5.914494062551391e-01,  5.060408674706571e-01
  8.500000000000000e-01, -2.267573215389222e-02, -2.721798394127023e-01,  6.968440219249934e-02, -1.596349008022655e-02,  7.182760948018209e-01, -4.757237918828193e-03,  1.485339558726204e-02,  6.902786046641098e-01,  4.281109410006650e-02,  3.744114501324388e-01, -2.090406896814653e+00, -5.913985343048357e-01,  5.061917128856138e-01
  8.600000000000000e-01, -2.270508925815806e-02, -2.721101183675159e-01,  6.964413723508645e-02, -1.602325134711859e-02,  7.182256756923547e-01, -4.809666832521862e-03,  1.467216945206873e-02,  6.892441608577067e-01,  4.290180958584389e-02,  3.751551517036251e-01, -2.090791343707053e+00, -5.913414132559961e-01,  5.063360965673799e-01
  8.700000000000000e-01, -2.273498966809850e-02, -2.720403961717980e-01,  6.960364434817444e-02, -1.608381258314144e-02,  7.181742008429952e-01, -4.862610437414381e-03,  1.448577542456663e-02,  6.882185272986627e-01,  4.298481529867710e-02,  3.759087626731819e-01, -2.091187364702658e+00, -5.912789332074095e-01,  5.064747780875454e-01
  8.800000000000000e-01, -2.276527903033248e-02, -2.719711505092417e-01,  6.956317955361180e-02, -1.614483359508662e-02,  7.181219248561320e-01, -4.915753459343581e-03,  1.429510680245449e-02,  6.872036206704798e-01,  4.305875465283694e-02,  3.766709734719846e-01, -2.091592637106517e+00, -5.912120041070589e-01,  5.066085114337865e-01
  8.900000000000000e-01, -2.279580315003367e-02, -2.719028496080057e-01,  6.952299495591069e-02, -1.620597675412717e-02,  7.180691029393542e-01, -4.968784022883745e-03,  1.410106246684538e-02,  6.862013560035526e-01,  4.312233854383151e-02,  3.774403916900139e-01, -2.092004802028096e+00, -5.911415468888185e-01,  5.067380406453525e-01
  9.000000000000000e-01, -2.282636192164686e-02, -2.718360763893786e-01,  6.948340778199986e-02, -1.626680980983076e-02,  7.180160686307187e-01, -5.021306049375767e-03,  1.390481896373378e-02,  6.852150904051784e-01,  4.317408746272418e-02,  3.782159688991897e-01, -2.092428978218714e+00, -5.910691610739894e-01,  5.068630709542649e-01
  9.100000000000000e-01, -2.285689891212860e-02, -2.717710146258097e-01,  6.944451510055674e-02, -1.632720650919613e-02,  7.179629142177817e-01, -5.073200797585952e-03,  1.370671096373570e-02,  6.842439163003695e-01,  4.321341719550722e-02,  3.789953608133469e-01, -2.092848074124803e+00, -5.909944347767544e-01,  5.069863147748470e-01
  9.200000000000000e-01, -2.288721877860373e-02, -2.717082266138536e-01,  6.940662375494948e-02, -1.638674668239719e-02,  7.179099659665878e-01, -5.124083776818624e-03,  1.350789014852038e-02,  6.832911029462576e-01,  4.323893057142228e-02,  3.797774008584380e-01, -2.093266655657445e+00, -5.909188778131136e-01,  5.071074838352100e-01
  9.300000000000000e-01, -2.291717570374979e-02, -2.716481260126451e-01,  6.936996025208950e-02, -1.644511828261468e-02,  7.178574680341913e-01, -5.173669970116544e-03,  1.330922518162199e-02,  6.823586338077833e-01,  4.324962353375345e-02,  3.805605173015223e-01, -2.093682637258266e+00, -5.908433790626106e-01,  5.072271990427566e-01
  9.399999999999999e-01, -2.294662939799080e-02, -2.715911069570112e-01,  6.933474091364011e-02, -1.650202209094031e-02,  7.178056556977119e-01, -5.221686413808797e-03,  1.311155361998192e-02,  6.814484416334641e-01,  4.324455735307300e-02,  3.813431113798191e-01, -2.094093718851239e+00, -5.907687769008738e-01,  5.073460542406820e-01
  9.500000000000000e-01, -2.297544489993078e-02, -2.715375436993734e-01,  6.930117182687727e-02, -1.655717149074206e-02,  7.177547557737065e-01, -5.267872151076051e-03,  1.291568378448338e-02,  6.805624495988795e-01,  4.322286482195346e-02,  3.821235901487677e-01, -2.094497659784345e+00, -5.906958843654744e-01,  5.074645963497703e-01
  9.600000000000000e-01, -2.300349313892783e-02, -2.714877896760536e-01,  6.926944824334230e-02, -1.661029350398393e-02,  7.177049856113665e-01, -5.311979106784557e-03,  1.272239103894610e-02,  6.797025655506431e-01,  4.318374923222443e-02,  3.829003845718523e-01, -2.094892318010846e+00, -5.906254898254315e-01,  5.075833241672848e-01
  9.700000000000000e-01, -2.303065138993073e-02, -2.714421769986846e-01,  6.923975419314686e-02, -1.666112956794297e-02,  7.176565522548822e-01, -5.353772710276592e-03,  1.253241473727515e-02,  6.788706707301060e-01,  4.312648166001438e-02,  3.836719669253682e-01, -2.095275675892614e+00, -5.905583546602997e-01,  5.077026896653944e-01
  9.800000000000000e-01, -2.305674531736667e-02, -2.714012041336991e-01,  6.921236184728619e-02, -1.670930599529227e-02,  7.176097472464791e-01, -5.392910321635780e-03,  1.234675594310444e-02,  6.780708618092406e-01,  4.304983755657494e-02,  3.844379776627179e-01, -2.095657442935975e+00, -5.904957630305939e-01,  5.078207475958424e-01
  9.900000000000000e-01, -2.308178301185358e-02, -2.713647731648602e-01,  6.918722838756337e-02, -1.675485813850352e-02,  7.175645642445145e-01, -5.429433975302523e-03,  1.216547997045630e-02,  6.773005253336054e-01,  4.295441067438341e-02,  3.851948533403300e-01, -2.096013372572703e+00, -5.904373610065683e-01,  5.079425135444441e-01
  1.000000000000000e+00, -2.310560575982209e-02, -2.713333498849630e-01,  6.916460632981006e-02, -1.679744306822118e-02,  7.175212675324845e-01, -5.463027300627452e-03,  1.198948621387522e-02,  6.765633858755369e-01,  4.283899156455072e-02,  3.859422891756236e-01, -2.096352168656859e+00, -5.903842495804166e-01,  5.080660331591651e-01
  1.010000000000000e+00, -2.312811666827480e-02, -2.713071835047672e-01,  6.914463568408161e-02, -1.683685983450222e-02,  7.174800218127715e-01, -5.493509463401380e-03,  1.181936789171141e-02,  6.758611940824886e-01,  4.270309937301185e-02,  3.866791125314040e-01, -2.096673075931807e+00, -5.903370989362858e-01,  5.081915301635536e-01
  1.020000000000000e+00, -2.314922851289672e-02, -2.712864999948472e-01,  6.912744311597926e-02, -1.687292719194840e-02,  7.174409751995300e-01, -5.520717013466856e-03,  1.165565851762885e-02,  6.751954981823194e-01,  4.254628651046831e-02,  3.874042190149277e-01, -2.096974916698813e+00, -5.902964697417684e-01,  5.083192237983718e-01
  1.030000000000000e+00, -2.316886176104660e-02, -2.712715045263466e-01,  6.911314376656698e-02, -1.690548009036849e-02,  7.174042628263224e-01, -5.544501172394775e-03,  1.149884628520901e-02,  6.745677391735210e-01,  4.236815005696292e-02,  3.881166168035211e-01, -2.097256654457525e+00, -5.902628650057794e-01,  5.084492980189447e-01
  1.040000000000000e+00, -2.318694452252330e-02, -2.712623817797490e-01,  6.910184140453941e-02, -1.693436951711947e-02,  7.173700069112573e-01, -5.564727691082375e-03,  1.134937455986331e-02,  6.739792469411519e-01,  4.216833032719895e-02,  3.888154353485583e-01, -2.097517430766631e+00, -5.902367358014590e-01,  5.085819035482658e-01
  1.050000000000000e+00, -2.320341264553418e-02, -2.712592959772925e-01,  6.909362840601609e-02, -1.695946261988262e-02,  7.173383165664140e-01, -5.581276941629728e-03,  1.120764141417647e-02,  6.734312290094632e-01,  4.194650935080996e-02,  3.894999304533593e-01, -2.097756563338218e+00, -5.902184818738866e-01,  5.087171610427467e-01
  1.060000000000000e+00, -2.321820985259013e-02, -2.712623906792784e-01,  6.908858562260201e-02, -1.698064294456240e-02,  7.173092875523468e-01, -5.594044130240843e-03,  1.107399903237298e-02,  6.729247579829585e-01,  4.170241055320065e-02,  3.901694870262488e-01, -2.097973535027524e+00, -5.902084493731351e-01,  5.088551636118707e-01
  1.070000000000000e+00, -2.323128786052367e-02, -2.712717883889374e-01,  6.908678217907555e-02, -1.699781069571461e-02,  7.172830020816401e-01, -5.602939562750900e-03,  1.094875341050815e-02,  6.724607601423308e-01,  4.143580012848264e-02,  3.908236194565097e-01, -2.098167984042127e+00, -5.902069284670826e-01,  5.089959787706565e-01
  1.080000000000000e+00, -2.324260646176278e-02, -2.712875900059320e-01,  6.908827522634320e-02, -1.701088297593914e-02,  7.172595287124847e-01, -5.607888926587374e-03,  1.083216448269547e-02,  6.720400073215690e-01,  4.114649014858580e-02,  3.914619699239006e-01, -2.098339700587741e+00, -5.902141529668627e-01,  5.091396494619780e-01
  1.090000000000000e+00, -2.325213358541100e-02, -2.713098741883990e-01,  6.909310966542624e-02, -1.701979401910845e-02,  7.172389222896061e-01, -5.608833585614343e-03,  1.072444641408209e-02,  6.716631126326573e-01,  4.083434267248685e-02,  3.920843047880855e-01, -2.098488623235936e+00, -5.902303016050167e-01,  5.092861937115079e-01
  1.100000000000000e+00, -2.325984530500982e-02, -2.713386968711565e-01,  6.910131795531328e-02, -1.702449530878315e-02,  7.172212239751661e-01, -5.605730766719277e-03,  1.062576811494609e-02,  6.713305297134602e-01,  4.049927345836938e-02,  3.926905096156828e-01, -2.098614831096507e+00, -5.902555005743590e-01,  5.094356030477882e-01
  1.110000000000000e+00, -2.326572569991767e-02, -2.713740913166091e-01,  6.911292019378917e-02, -1.702495535882304e-02,  7.172064615128403e-01, -5.598553417005122e-03,  1.053625444339483e-02,  6.710425549453076e-01,  4.014125374665674e-02,  3.932805843124940e-01, -2.098718539748947e+00, -5.902898286030931e-01,  5.095878408437986e-01
  1.120000000000000e+00, -2.326976656652766e-02, -2.714160687731903e-01,  6.912792450281682e-02, -1.702115913147636e-02,  7.171946497267727e-01, -5.587289700224556e-03,  1.045598807152333e-02,  6.707993318816931e-01,  3.976030960212467e-02,  3.938546389783878e-01, -2.098800104148356e+00, -5.903333234601706e-01,  5.097428424408607e-01
  1.130000000000000e+00, -2.327191163777140e-02, -2.714647501440717e-01,  6.914640312989166e-02, -1.701299480933021e-02,  7.171858863926124e-01, -5.571843459926653e-03,  1.038533808802460e-02,  6.706037379984300e-01,  3.935635500724510e-02,  3.944146661245604e-01, -2.098876766822459e+00, -5.903869389926129e-01,  5.098941720642555e-01
  1.140000000000000e+00, -2.327227385544673e-02, -2.715198577402404e-01,  6.916819786303477e-02, -1.700069375769390e-02,  7.171799783719864e-01, -5.552420280401176e-03,  1.032367426657384e-02,  6.704501795321838e-01,  3.892980725245155e-02,  3.949577440125149e-01, -2.098917133447524e+00, -5.904487228328068e-01,  5.100545381750488e-01
  1.150000000000000e+00, -2.327081984100048e-02, -2.715814552324123e-01,  6.919334856817400e-02, -1.698419117820810e-02,  7.171769843795536e-01, -5.528966167292033e-03,  1.027123437247413e-02,  6.703406770194569e-01,  3.848067808797611e-02,  3.954856399006014e-01, -2.098935736365650e+00, -5.905194328711342e-01,  5.102174317974243e-01
  1.160000000000000e+00, -2.326756301992552e-02, -2.716494821768323e-01,  6.922182588575312e-02, -1.696352036328505e-02,  7.171768839613708e-01, -5.501515618794402e-03,  1.022799433156013e-02,  6.702750830785054e-01,  3.800922613940060e-02,  3.959989333379948e-01, -2.098934826571746e+00, -5.905990962601214e-01,  5.103825893842215e-01
  1.170000000000000e+00, -2.326252676485658e-02, -2.717238576582018e-01,  6.925358813723595e-02, -1.693873401304247e-02,  7.171796392720100e-01, -5.470119882318695e-03,  1.019386772086408e-02,  6.702529067441020e-01,  3.751571925476041e-02,  3.964982051454118e-01, -2.098915539298730e+00, -5.906875910702055e-01,  5.105498117252080e-01
  1.180000000000000e+00, -2.325574027513361e-02, -2.718044834149085e-01,  6.928858431276416e-02, -1.690989741658615e-02,  7.171852027808885e-01, -5.434841964027755e-03,  1.016873721416798e-02,  6.702735186585590e-01,  3.700047241560738e-02,  3.969840948631774e-01, -2.098879000760984e+00, -5.907847530317509e-01,  5.107188836436897e-01
  1.190000000000000e+00, -2.324723852406483e-02, -2.718912417866212e-01,  6.932675327028522e-02, -1.687708886114167e-02,  7.171935175698336e-01, -5.395757309070470e-03,  1.015245669105309e-02,  6.703361682385421e-01,  3.646386424167841e-02,  3.974572925946842e-01, -2.098826424715439e+00, -5.908903848326555e-01,  5.108895678630322e-01
  1.200000000000000e+00, -2.323706284668714e-02, -2.719839920904769e-01,  6.936802203571092e-02, -1.684040135746811e-02,  7.172045165356281e-01, -5.352955644679247e-03,  1.014484935763325e-02,  6.704399785740333e-01,  3.590635593140597e-02,  3.979185226232880e-01, -2.098759108612236e+00, -5.910042550716190e-01,  5.110616047458927e-01
  1.210000000000000e+00, -2.322526169300262e-02, -2.720825662987819e-01,  6.941230375297663e-02, -1.679994477600576e-02,  7.172181213371820e-01, -5.306543227384603e-03,  1.014570507743681e-02,  6.705839361294630e-01,  3.532851305136645e-02,  3.983685253374571e-01, -2.098678420222261e+00, -5.911260974677970e-01,  5.112347133567315e-01
  1.220000000000000e+00, -2.321189137144278e-02, -2.721867646583839e-01,  6.945949561324204e-02, -1.675584798444963e-02,  7.172342413679743e-01, -5.256645099781404e-03,  1.015477779378346e-02,  6.707668785383691e-01,  3.473102788584508e-02,  3.988080385321987e-01, -2.098585782801458e+00, -5.912556106026008e-01,  5.114085935742774e-01
  1.230000000000000e+00, -2.319701665870458e-02, -2.722963518039346e-01,  6.950947703557624e-02, -1.670826067609779e-02,  7.172527729411016e-01, -5.203407043228323e-03,  1.017178356362163e-02,  6.709874821770222e-01,  3.411473995250524e-02,  3.992377786020856e-01, -2.098482657554704e+00, -5.913924569203403e-01,  5.115829289153404e-01
  1.240000000000000e+00, -2.318071118103891e-02, -2.724110537957580e-01,  6.956210831120935e-02, -1.665735464709706e-02,  7.172735988310744e-01, -5.146996982804167e-03,  1.019639959610598e-02,  6.712442514605604e-01,  3.348065280744338e-02,  3.996584223152751e-01, -2.098370524154499e+00, -5.915362616746866e-01,  5.117573885671590e-01
  1.250000000000000e+00, -2.316305751031505e-02, -2.725305563472332e-01,  6.961722984131723e-02, -1.660332437585986e-02,  7.172965882578218e-01, -5.087605696377406e-03,  1.022826451925427e-02,  6.715355119349568e-01,  3.282994596971588e-02,  4.000705901333189e-01, -2.098250862742808e+00, -5.916866137547145e-01,  5.119316276619067e-01
  1.260000000000000e+00, -2.314414696390615e-02, -2.726545043192682e-01,  6.967466200422714e-02, -1.654638687090542e-02,  7.173215973256912e-01, -5.025446790889614e-03,  1.026697989391202e-02,  6.718594080900790e-01,  3.216398153582938e-02,  4.004748317472816e-01, -2.098125137952483e+00, -5.918430689857701e-01,  5.121052874984215e-01
  1.270000000000000e+00, -2.312407913124502e-02, -2.727825024621321e-01,  6.973420563510810e-02, -1.648678082401634e-02,  7.173484698753515e-01, -4.960755974612019e-03,  1.031211281586393e-02,  6.722139056334725e-01,  3.148430530672586e-02,  4.008716141219817e-01, -2.097994782398929e+00, -5.920051545272914e-01,  5.122779979202406e-01
  1.280000000000000e+00, -2.310296116748989e-02, -2.729141173347273e-01,  6.979564307385080e-02, -1.642476514315546e-02,  7.173770386771672e-01, -4.893789688626706e-03,  1.036319934831356e-02,  6.725967975179220e-01,  3.079264237362751e-02,  4.012613122399390e-01, -2.097861178493037e+00, -5.921723731995695e-01,  5.124493815740399e-01
  1.290000000000000e+00, -2.308090688615266e-02, -2.730488802772703e-01,  6.985873971868695e-02, -1.636061694158666e-02,  7.174071269146687e-01, -4.824823173303388e-03,  1.041974865561957e-02,  6.730057134058721e-01,  3.009088763664968e-02,  4.016442024281317e-01, -2.097725639845019e+00, -5.923442086329840e-01,  5.126190578241959e-01
  1.300000000000000e+00, -2.305803565638793e-02, -2.731862912698335e-01,  6.992324601718272e-02, -1.629462902834473e-02,  7.174385499638192e-01, -4.754148035188707e-03,  1.048124799728499e-02,  6.734381335413060e-01,  2.938109247058565e-02,  4.020204581672608e-01, -2.097589396987876e+00, -5.925201328697178e-01,  5.127866442866448e-01
  1.310000000000000e+00, -2.303447113612100e-02, -2.733258234417970e-01,  6.998889978825303e-02, -1.622710700087550e-02,  7.174711174289514e-01, -4.682069428892590e-03,  1.054716856906521e-02,  6.738914077677373e-01,  2.866544887827371e-02,  4.023901486881759e-01, -2.097453592367254e+00, -5.926996150628927e-01,  5.129517566241233e-01
  1.320000000000000e+00, -2.301033994269103e-02, -2.734669279553106e-01,  7.005542872213441e-02, -1.615836615429165e-02,  7.175046352640703e-01, -4.608903048989608e-03,  1.061697159649086e-02,  6.743627777787584e-01,  2.794627174654256e-02,  4.027532403566346e-01, -2.097319282081965e+00, -5.928821279803785e-01,  5.131140093900547e-01
  1.330000000000000e+00, -2.298577037102459e-02, -2.736090390212915e-01,  7.012255291571098e-02, -1.608872842535238e-02,  7.175389077892532e-01, -4.534972121551488e-03,  1.069011396757759e-02,  6.748494003847506e-01,  2.722597942757209e-02,  4.031096002809131e-01, -2.097187438336215e+00, -5.930671528471961e-01,  5.132730181145070e-01
  1.340000000000000e+00, -2.296089121694440e-02, -2.737515788544056e-01,  7.018998734165492e-02, -1.601851950220664e-02,  7.175737395079432e-01, -4.460604519191243e-03,  1.076605309078391e-02,  6.753483718165888e-01,  2.650707327496534e-02,  4.034590014610825e-01, -2.097058950455052e+00, -5.932541850069308e-01,  5.134284005941631e-01
  1.350000000000000e+00, -2.293583070580951e-02, -2.738939624468033e-01,  7.025744420349204e-02, -1.594806612761756e-02,  7.176089367365185e-01, -4.386130042662912e-03,  1.084425112865803e-02,  6.758567528726680e-01,  2.579211705039931e-02,  4.038011286834660e-01, -2.096934624025141e+00, -5.934427392262622e-01,  5.135797774632347e-01
  1.360000000000000e+00, -2.291071550509226e-02, -2.740356021391852e-01,  7.032463517712505e-02, -1.587769356922371e-02,  7.176443090895348e-01, -4.311877856742518e-03,  1.092417886389379e-02,  6.763715931790539e-01,  2.508371666418815e-02,  4.041355845482212e-01, -2.096815178197440e+00, -5.936323519611221e-01,  5.137267741254389e-01
  1.370000000000000e+00, -2.288566982044363e-02, -2.741759120175519e-01,  7.039127355025601e-02, -1.580772324953168e-02,  7.176796708188502e-01, -4.238174069718047e-03,  1.100531919832552e-02,  6.768899526008900e-01,  2.438450002600217e-02,  4.044618959152135e-01, -2.096701243542162e+00, -5.938225804538843e-01,  5.138690259711742e-01
  1.380000000000000e+00, -2.286081457769210e-02, -2.743143121455578e-01,  7.045707626251156e-02, -1.573847053720828e-02,  7.177148420009806e-01, -4.165339455023009e-03,  1.108717026147578e-02,  6.774089184751508e-01,  2.369709688398039e-02,  4.047795214690828e-01, -2.096593363788450e+00, -5.940130011613948e-01,  5.140061859096149e-01
  1.390000000000000e+00, -2.283626670821286e-02, -2.744502324972893e-01,  7.052176578471603e-02, -1.567024275746986e-02,  7.177496495516194e-01, -4.093687379568457e-03,  1.116924808615379e-02,  6.779256194649450e-01,  2.302411943039345e-02,  4.050878601474505e-01, -2.096492001067843e+00, -5.942032094129863e-01,  5.141379302593709e-01
  1.400000000000000e+00, -2.281213859637687e-02, -2.745831163318226e-01,  7.058507170886077e-02, -1.560333756932431e-02,  7.177839279780880e-01, -4.023522085834858e-03,  1.125108853277799e-02,  6.784372383397198e-01,  2.236814480053175e-02,  4.053862593908933e-01, -2.096397538444408e+00, -5.943928186044318e-01,  5.142639614399265e-01
  1.410000000000000e+00, -2.278853771649961e-02, -2.747124229305689e-01,  7.064673200508557e-02, -1.553804177001605e-02,  7.178175198236237e-01, -3.955137381487376e-03,  1.133224826424006e-02,  6.789410242508181e-01,  2.173169966217578e-02,  4.056740229179304e-01, -2.096310275016585e+00, -5.945814574278939e-01,  5.143840094010281e-01
  1.420000000000000e+00, -2.276556641825352e-02, -2.748376298423054e-01,  7.070649402060558e-02, -1.547463043213952e-02,  7.178502758699192e-01, -3.888815645512821e-03,  1.141230499388290e-02,  6.794343040532687e-01,  2.111724638818950e-02,  4.059504186587393e-01, -2.096230419404149e+00, -5.947687679390287e-01,  5.144978321740605e-01
  1.430000000000000e+00, -2.274332180660782e-02, -2.749582347638044e-01,  7.076411529420618e-02, -1.541336626421789e-02,  7.178820551904180e-01, -3.824827054348437e-03,  1.149085735226470e-02,  6.799144933947512e-01,  2.052717062846468e-02,  4.062146874699545e-01, -2.096158092754580e+00, -5.949544068306470e-01,  5.146052137832134e-01
  1.440000000000000e+00, -2.272189567320555e-02, -2.750737571543814e-01,  7.081936424359431e-02, -1.535449910823828e-02,  7.179127251288808e-01, -3.763428952129793e-03,  1.156752465270758e-02,  6.803791079299162e-01,  1.996377016410435e-02,  4.064660525744895e-01, -2.096093342901963e+00, -5.951380475585906e-01,  5.147059597591165e-01
  1.450000000000000e+00, -2.270137445515522e-02, -2.751837396629978e-01,  7.087202076689568e-02, -1.529826552114054e-02,  7.179421612419368e-01, -3.704865314525053e-03,  1.164194668635057e-02,  6.808257737430246e-01,  1.942924478450224e-02,  4.067037287418470e-01, -2.096036159924980e+00, -5.953193798279908e-01,  5.147998935136888e-01
  1.460000000000000e+00, -2.268183922851445e-02, -2.752877493634373e-01,  7.092187675327323e-02, -1.524488845132206e-02,  7.179702471929335e-01, -3.649366313653207e-03,  1.171378347662835e-02,  6.812522359184563e-01,  1.892568711324847e-02,  4.069269304410196e-01, -2.095986485650132e+00, -5.954981059503647e-01,  5.148868564195201e-01
  1.470000000000000e+00, -2.266336574769217e-02, -2.753853787910385e-01,  7.096873649489817e-02, -1.519457702993535e-02,  7.179968745750289e-01, -3.597147997313078e-03,  1.178271487056753e-02,  6.816563649321741e-01,  1.845507425678139e-02,  4.071348793317860e-01, -2.095944218540140e+00, -5.956739356794321e-01,  5.149667110021640e-01
  1.480000000000000e+00, -2.264602453153045e-02, -2.754762468166400e-01,  7.101241701400177e-02, -1.514752646945975e-02,  7.180219426592174e-01, -3.548412069905935e-03,  1.184843989680550e-02,  6.820361616310682e-01,  1.801926000013198e-02,  4.073268115052276e-01, -2.095909216988649e+00, -5.958465804350712e-01,  5.150393446326729e-01
  1.490000000000000e+00, -2.262988097122128e-02, -2.755599994654059e-01,  7.105274835835750e-02, -1.510391800822079e-02,  7.180453581050626e-01, -3.503345713245950e-03,  1.191067598321135e-02,  6.823897617474760e-01,  1.761996709624617e-02,  4.075019848105606e-01, -2.095881302143194e+00, -5.960157481166217e-01,  5.151046718572021e-01
  1.500000000000000e+00, -2.261499542667748e-02, -2.756363107579576e-01,  7.108957391020378e-02, -1.506391883286617e-02,  7.180670346920652e-01, -3.462121388011832e-03,  1.196915825306522e-02,  6.827154396949433e-01,  1.725877954901385e-02,  4.076596866481412e-01, -2.095860262593515e+00, -5.961811417088718e-01,  5.151626343432661e-01
  1.510000000000000e+00, -2.260142331838151e-02, -2.757048833610637e-01,  7.112275062047563e-02, -1.502768203977626e-02,  7.180868930778631e-01, -3.424896698620656e-03,  1.202363904065740e-02,  6.830116104893998e-01,  1.693713639840414e-02,  4.077992411899563e-01, -2.095845862415485e+00, -5.963424635593536e-01,  5.152131981657496e-01
  1.520000000000000e+00, -2.258921523232860e-02, -2.757654488755660e-01,  7.115214909176187e-02, -1.499534670283217e-02,  7.181048605650056e-01, -3.391814399834173e-03,  1.207388761230015e-02,  6.832768301207456e-01,  1.665632806235388e-02,  4.079200151515705e-01, -2.095837850707892e+00, -5.964994226981576e-01,  5.152563496688151e-01
  1.530000000000000e+00, -2.257841702924641e-02, -2.758177680283252e-01,  7.117765362024209e-02, -1.496703797110682e-02,  7.181208708689532e-01, -3.363002440699339e-03,  1.211968987342159e-02,  6.835097965984943e-01,  1.641749335063996e-02,  4.080214234406989e-01, -2.095835969287892e+00, -5.966517390614365e-01,  5.152920928010777e-01
  1.540000000000000e+00, -2.256906993891955e-02, -2.758616310477941e-01,  7.119916231628422e-02, -1.494286710308774e-02,  7.181348638977150e-01, -3.338573928003903e-03,  1.216084793238386e-02,  6.837093533086526e-01,  1.622161530807122e-02,  4.081029356851752e-01, -2.095839956416388e+00, -5.967991399668766e-01,  5.153204500971560e-01
  1.550000000000000e+00, -2.256121062017738e-02, -2.758968581421048e-01,  7.121658727955070e-02, -1.492293142771310e-02,  7.181467855885659e-01, -3.318627020014536e-03,  1.219717977649561e-02,  6.838744945941048e-01,  1.606951679056537e-02,  4.081640830030097e-01, -2.095849548724672e+00, -5.969413524336549e-01,  5.153414649886935e-01
  1.560000000000000e+00, -2.255487118194847e-02, -2.759232997816874e-01,  7.122985471141781e-02, -1.490731429569043e-02,  7.181565878387638e-01, -3.303244853067683e-03,  1.222851940588385e-02,  6.840043716556562e-01,  1.596185809958212e-02,  4.082044637656583e-01, -2.095864486082461e+00, -5.970781004104043e-01,  5.153552000418326e-01
  1.570000000000000e+00, -2.255007916821980e-02, -2.759408366546369e-01,  7.123890491082363e-02, -1.489608505600348e-02,  7.181642285376261e-01, -3.292495550493878e-03,  1.225471753527383e-02,  6.840982967885971e-01,  1.589913762743334e-02,  4.082237472492437e-01, -2.095884520956745e+00, -5.972091090936381e-01,  5.153617293568243e-01
  1.580000000000000e+00, -2.254685750295610e-02, -2.759493795860454e-01,  7.124369227141095e-02, -1.488929898406171e-02,  7.181696716795799e-01, -3.286432206192129e-03,  1.227564259436128e-02,  6.841557459243911e-01,  1.588169334539160e-02,  4.082216759208953e-01, -2.095909429947020e+00, -5.973341093510365e-01,  5.153611297750972e-01
  1.590000000000000e+00, -2.254522441602917e-02, -2.759488697105844e-01,  7.124418538653916e-02, -1.488699712431329e-02,  7.181728874904952e-01, -3.285092758528285e-03,  1.229118153078357e-02,  6.841763602389496e-01,  1.590970262749745e-02,  4.081980681856984e-01, -2.095939024663255e+00, -5.974528375689478e-01,  5.153534759375059e-01
  1.600000000000000e+00, -2.254519337759531e-02, -2.759392788024611e-01,  7.124036721212162e-02, -1.488920611063738e-02,  7.181738525231057e-01, -3.288499814433864e-03,  1.230124024499317e-02,  6.841599480379419e-01,  1.598318074596890e-02,  4.081528216941154e-01, -2.095973160202310e+00, -5.975650338761950e-01,  5.153388386728929e-01
  1.610000000000000e+00, -2.254677301778764e-02, -2.759206096265620e-01,  7.123223524265858e-02, -1.489593796265836e-02,  7.181725497789291e-01, -3.296660451094890e-03,  1.230574399778273e-02,  6.841064877829602e-01,  1.610197941930107e-02,  4.080859164341439e-01, -2.096011740669071e+00, -5.976704430876421e-01,  5.153172832731860e-01
  1.620000000000000e+00, -2.254996699698501e-02, -2.758928964297794e-01,  7.121980176283557e-02, -1.490718977810527e-02,  7.181689689132944e-01, -3.309565919875461e-03,  1.230463800319931e-02,  6.840161308127477e-01,  1.626578500843937e-02,  4.079974180335545e-01, -2.096054721632500e+00, -5.977688182997660e-01,  5.152888674834610e-01
  1.630000000000000e+00, -2.255477385160980e-02, -2.758562056124242e-01,  7.120309417990479e-02, -1.492294334914986e-02,  7.181631064710665e-01, -3.327191261548540e-03,  1.229788794536126e-02,  6.838892019335703e-01,  1.647411567482292e-02,  4.078874812492021e-01, -2.096102108071363e+00, -5.978599230236362e-01,  5.152536424999811e-01
  1.640000000000000e+00, -2.256118686074073e-02, -2.758106362223703e-01,  7.118215527471013e-02, -1.494316485412978e-02,  7.181549660988537e-01, -3.349495003119772e-03,  1.228548035951345e-02,  6.837261977466537e-01,  1.672631955814484e-02,  4.077563514517636e-01, -2.096153946871074e+00, -5.979435301245647e-01,  5.152116578853574e-01
  1.650000000000000e+00, -2.256919392891061e-02, -2.757563200497818e-01,  7.115704328467205e-02, -1.496780466934972e-02,  7.181445587641291e-01, -3.376419011116200e-03,  1.226742314363784e-02,  6.835277838338443e-01,  1.702157574712419e-02,  4.076043631497781e-01, -2.096210317012789e+00, -5.980194213367444e-01,  5.151629670754002e-01
  1.660000000000000e+00, -2.257877745052590e-02, -2.756934216696691e-01,  7.112783197208744e-02, -1.499679716913655e-02,  7.181319030147245e-01, -3.407888345304556e-03,  1.224374616431380e-02,  6.832947922948529e-01,  1.735889590644736e-02,  4.074319378931308e-01, -2.096271321478816e+00, -5.980873892060462e-01,  5.151076308961300e-01
  1.670000000000000e+00, -2.258991414065553e-02, -2.756221387259635e-01,  7.109461080173640e-02, -1.503006042109067e-02,  7.181170252816179e-01, -3.443810992680114e-03,  1.221450181203801e-02,  6.830282199098979e-01,  1.773712455373985e-02,  4.072395831168302e-01, -2.096337081577635e+00, -5.981472384888255e-01,  5.150457200980162e-01
  1.680000000000000e+00, -2.260257483010264e-02, -2.755427022998909e-01,  7.105748516576066e-02, -1.506749581165096e-02,  7.180999602429049e-01, -3.484077536765538e-03,  1.217976569221104e-02,  6.827292262128560e-01,  1.815493920306105e-02,  4.070278909571701e-01, -2.096407732755891e+00, -5.981987861128903e-01,  5.149773185826091e-01
  1.690000000000000e+00, -2.261672422664341e-02, -2.754553771605930e-01,  7.101657657444579e-02, -1.510898765124530e-02,  7.180807512651242e-01, -3.528560835827148e-03,  1.213963765418975e-02,  6.823991313179977e-01,  1.861085189220948e-02,  4.067975361239221e-01, -2.096483420609332e+00, -5.982418622284578e-01,  5.149025271003203e-01
  1.700000000000000e+00, -2.263232066745436e-02, -2.753604618611436e-01,  7.097202278751817e-02, -1.515440280520439e-02,  7.180594508763966e-01, -3.577115746926704e-03,  1.209424297575726e-02,  6.820394133437735e-01,  1.910321200248512e-02,  4.065492728985928e-01, -2.096564295977487e+00, -5.982763140071988e-01,  5.148214661654901e-01
  1.710000000000000e+00, -2.264931589886593e-02, -2.752582886718725e-01,  7.092397786748229e-02, -1.520359040542906e-02,  7.180361212023258e-01, -3.629578932183381e-03,  1.204373339865870e-02,  6.816517046998420e-01,  1.963020989938992e-02,  4.062839315545443e-01, -2.096650509461663e+00, -5.983020116397773e-01,  5.147342773987925e-01
  1.720000000000000e+00, -2.266765488294001e-02, -2.751492233459591e-01,  7.087261215332284e-02, -1.525638164309700e-02,  7.180108343659590e-01, -3.685768748860652e-03,  1.198828804999886e-02,  6.812377864478142e-01,  2.018988143357497e-02,  4.060024142735228e-01, -2.096742205613741e+00, -5.983188546351335e-01,  5.146411238897151e-01
  1.730000000000000e+00, -2.268727561125333e-02, -2.750336647439394e-01,  7.081811217370589e-02, -1.531258960719436e-02,  7.179836728870533e-01, -3.745485195652642e-03,  1.192811442875478e-02,  6.807995804579916e-01,  2.078011338340412e-02,  4.057056903829793e-01, -2.096839515825706e+00, -5.983267769304734e-01,  5.145421913293823e-01
  1.740000000000000e+00, -2.270810893634918e-02, -2.749120442772832e-01,  7.076068047965542e-02, -1.537200919218051e-02,  7.179547300649948e-01, -3.808509938793368e-03,  1.186344942596290e-02,  6.803391397349559e-01,  2.139864999965329e-02,  4.053947905240557e-01, -2.096942548385079e+00, -5.983257506090934e-01,  5.144376909312632e-01
  1.750000000000000e+00, -2.273007846032736e-02, -2.747848250089007e-01,  7.070053531519534e-02, -1.543441717269926e-02,  7.179241102827263e-01, -3.874606513986870e-03,  1.179456019808152e-02,  6.798586367847993e-01,  2.204310130004992e-02,  4.050707992666653e-01, -2.097051374455282e+00, -5.983157886128718e-01,  5.143278632666355e-01
  1.760000000000000e+00, -2.275310052621900e-02, -2.746525002547913e-01,  7.063791004482893e-02, -1.549957254743698e-02,  7.178919291589538e-01, -3.943520802068737e-03,  1.172174467014786e-02,  6.793603493446776e-01,  2.271095363814739e-02,  4.047348460170858e-01, -2.097166011263442e+00, -5.982969466388934e-01,  5.142129815424586e-01
  1.770000000000000e+00, -2.277708433940765e-02, -2.745155916486618e-01,  7.057305231134142e-02, -1.556721720158783e-02,  7.178583134986606e-01, -4.014981818344431e-03,  1.164533147885024e-02,  6.788466438847374e-01,  2.339958243937239e-02,  4.043880946527874e-01, -2.097286406496596e+00, -5.982693242804377e-01,  5.140933535817912e-01
  1.780000000000000e+00, -2.280193221237882e-02, -2.743746467018502e-01,  7.050622294015094e-02, -1.563707686979580e-02,  7.178234010517140e-01, -4.088702798241430e-03,  1.156567940000198e-02,  6.783199582716221e-01,  2.410626696854873e-02,  4.040317326268050e-01, -2.097412428872238e+00, -5.982330672000923e-01,  5.139693219213436e-01
  1.790000000000000e+00, -2.282753989388066e-02, -2.742302358745152e-01,  7.043769461368667e-02, -1.570886233677350e-02,  7.177873401539323e-01, -4.164382537405661e-03,  1.148317662808550e-02,  6.777827844454798e-01,  2.482820759065275e-02,  4.036669597979497e-01, -2.097543868168926e+00, -5.981883719961262e-01,  5.138412619751664e-01
  1.800000000000000e+00, -2.285379697973865e-02, -2.740829491024421e-01,  7.036775029522112e-02, -1.578227088402965e-02,  7.177502892609635e-01, -4.241707004145852e-03,  1.139824002159879e-02,  6.772376506813701e-01,  2.556254598847224e-02,  4.032949763710613e-01, -2.097680440484531e+00, -5.981354906200492e-01,  5.137095800525689e-01
  1.810000000000000e+00, -2.288058747644443e-02, -2.739333916664187e-01,  7.029668132720937e-02, -1.585698811430983e-02,  7.177124162471356e-01, -4.320351331950299e-03,  1.131131379966508e-02,  6.766871025499722e-01,  2.630638815070804e-02,  4.029169695732749e-01, -2.097821790774979e+00, -5.980747314148935e-01,  5.135747119888222e-01
  1.820000000000000e+00, -2.290779056101278e-02, -2.737821793531902e-01,  7.022478516591553e-02, -1.593269022846948e-02,  7.176738973901681e-01, -4.399982251213836e-03,  1.122286736289751e-02,  6.761336824805170e-01,  2.705682989045591e-02,  4.025340997889933e-01, -2.097967493040855e+00, -5.980064600180190e-01,  5.134371197960779e-01
  1.830000000000000e+00, -2.293528152262032e-02, -2.736299329930109e-01,  7.015236279291483e-02, -1.600904671289874e-02,  7.176349160614790e-01, -4.480260916915885e-03,  1.113339230280582e-02,  6.755799079052552e-01,  2.781098446084151e-02,  4.021474869434659e-01, -2.098117051783285e+00, -5.979311010376817e-01,  5.132972855713279e-01
  1.840000000000000e+00, -2.296293289470891e-02, -2.734772725278296e-01,  7.007971586166849e-02, -1.608572341378705e-02,  7.175956610904333e-01, -4.560846085791000e-03,  1.104339837105702e-02,  6.750282476389937e-01,  2.856601096702026e-02,  4.017581974738500e-01, -2.098269902437407e+00, -5.978491353890918e-01,  5.131557054949626e-01
  1.850000000000000e+00, -2.299061578888379e-02, -2.733248107212066e-01,  7.000714361904752e-02, -1.616238598819238e-02,  7.175563247701380e-01, -4.641397614189995e-03,  1.095340817584354e-02,  6.744810974139492e-01,  2.931914257392332e-02,  4.013672324917562e-01, -2.098425410289563e+00, -5.977610926596860e-01,  5.130128847381965e-01
  1.860000000000000e+00, -2.301820137713893e-02, -2.731731466153698e-01,  6.993493966685635e-02, -1.623870362755889e-02,  7.175171005986705e-01, -4.721580189101035e-03,  1.086395096350539e-02,  6.739407565103360e-01,  3.006771450749239e-02,  4.009755178410795e-01, -2.098582872597762e+00, -5.976675424337633e-01,  5.128693321188248e-01
  1.870000000000000e+00, -2.304556241509639e-02, -2.730228590020348e-01,  6.986338871529305e-02, -1.631435283298471e-02,  7.174781809382395e-01, -4.801067096947898e-03,  1.077555617762825e-02,  6.734094064538134e-01,  3.080919139174714e-02,  4.005838965626408e-01, -2.098741527210898e+00, -5.975690856177441e-01,  5.127255543572827e-01
  1.880000000000000e+00, -2.307257471812962e-02, -2.728745002541740e-01,  6.979276350421636e-02, -1.638902102969478e-02,  7.174397547314867e-01, -4.879543822519570e-03,  1.068874722896437e-02,  6.728890920489792e-01,  3.154119257299905e-02,  4.001931242441386e-01, -2.098900567831418e+00, -5.974663459301016e-01,  5.125820496895355e-01
  1.890000000000000e+00, -2.309911856723481e-02, -2.727285907152880e-01,  6.972332197988898e-02, -1.646240994236020e-02,  7.174020053003595e-01, -4.956711386255174e-03,  1.060403542762506e-02,  6.723817058419369e-01,  3.226151426948452e-02,  3.998038671955757e-01, -2.099059162573369e+00, -5.973599623625535e-01,  5.124393006544280e-01
  1.900000000000000e+00, -2.312508003234070e-02, -2.725856137987896e-01,  6.965530479285030e-02, -1.653423867735511e-02,  7.173651082378445e-01, -5.032289352758347e-03,  1.052191397039585e-02,  6.718889773072011e-01,  3.296814757473546e-02,  3.994167029804002e-01, -2.099216470707419e+00, -5.972505826684098e-01,  5.122977662697602e-01
  1.910000000000000e+00, -2.315035213374199e-02, -2.724460120971426e-01,  6.958893326942345e-02, -1.660424632561494e-02,  7.173292295182476e-01, -5.106018328256251e-03,  1.044285236183226e-02,  6.714124666194360e-01,  3.365929118548593e-02,  3.990321230720577e-01, -2.099371655375080e+00, -5.971388574936274e-01,  5.121578736960034e-01
  1.920000000000000e+00, -2.317483576573905e-02, -2.723101847470418e-01,  6.952440798641434e-02, -1.667219391805765e-02,  7.172945239497762e-01, -5.177661787253873e-03,  1.036729169196082e-02,  6.709535615508312e-01,  3.433335806746242e-02,  3.986505372354848e-01, -2.099523891624044e+00, -5.970254323292603e-01,  5.120200108152901e-01
  1.930000000000000e+00, -2.319844038993934e-02, -2.721784860389613e-01,  6.946190794044045e-02, -1.673786574788410e-02,  7.172611339568334e-01, -5.247007238264342e-03,  1.029564068919564e-02,  6.705134765169773e-01,  3.498897603153056e-02,  3.982722792340518e-01, -2.099672371666948e+00, -5.969109350440173e-01,  5.118845211112668e-01
  1.940000000000000e+00, -2.322108449891731e-02, -2.720512251223529e-01,  6.940159025151717e-02, -1.680107009721826e-02,  7.172291887044653e-01, -5.313866782083013e-03,  1.022827265580013e-02,  6.700932544247566e-01,  3.562498333973851e-02,  3.978976140759927e-01, -2.099816314310738e+00, -5.967959633666733e-01,  5.117516998841121e-01
  1.950000000000000e+00, -2.324269583043112e-02, -2.719286666412044e-01,  6.934359034281636e-02, -1.686163937791017e-02,  7.171988036194634e-01, -5.378077102386311e-03,  1.016552361361899e-02,  6.696937721157946e-01,  3.624042089363978e-02,  3.975267467492904e-01, -2.099954980135548e+00, -5.966810777067261e-01,  5.116217908831577e-01
  1.960000000000000e+00, -2.326321140044265e-02, -2.718110320746501e-01,  6.928802247723855e-02, -1.691942984175023e-02,  7.171700801964355e-01, -5.439499033190130e-03,  1.010769125176559e-02,  6.693157484727007e-01,  3.683452170884209e-02,  3.971598313940288e-01, -2.100087683975017e+00, -5.965667983445239e-01,  5.114949839187641e-01
  1.970000000000000e+00, -2.328257745723335e-02, -2.716985014887885e-01,  6.923498049002483e-02, -1.697432107983296e-02,  7.171431059186500e-01, -5.498016903611086e-03,  1.005503404905883e-02,  6.689597534964630e-01,  3.740669840990343e-02,  3.967969798127330e-01, -2.100213800084760e+00, -5.964536034410058e-01,  5.113714138194995e-01
  1.980000000000000e+00, -2.330074937481616e-02, -2.715912154742182e-01,  6.918453861965740e-02, -1.702621539087815e-02,  7.171179542797126e-01, -5.553537757578830e-03,  1.000777065686245e-02,  6.686262175924401e-01,  3.795653019124953e-02,  3.964382691866456e-01, -2.100332765168893e+00, -5.963419273067287e-01,  5.112511606104309e-01
  1.990000000000000e+00, -2.331769146382174e-02, -2.714892772093936e-01,  6.913675242221037e-02, -1.707503700139410e-02,  7.170946849532387e-01, -5.605990449907236e-03,  9.966079815260169e-03,  6.683154409725547e-01,  3.848375001074976e-02,  3.960837494348599e-01, -2.100444084546457e+00, -5.962321601124995e-01,  5.111342509628708e-01
  2.000000000000000e+00, -2.333335217424940e-02, -2.713926652326453e-01,  6.909163456229855e-02, -1.712071566398972e-02,  7.170734001705658e-01, -5.655333677204714e-03,  9.930419575797751e-03,  6.680283757265124e-01,  3.898927727962339e-02,  3.957327425082802e-01, -2.100554786738438e+00, -5.961254180858654e-01,  5.110163964897844e-01
  2.010000000000000e+00, -2.334775656214855e-02, -2.713015729028838e-01,  6.904925079031778e-02, -1.716324442905055e-02,  7.170540331459185e-01, -5.701520990284121e-03,  9.900324639149409e-03,  6.677636492551797e-01,  3.947125877687985e-02,  3.953864151462533e-01, -2.100650849956058e+00, -5.960208285903499e-01,  5.109058634815178e-01
  2.020000000000000e+00, -2.336087641247778e-02, -2.712159334164848e-01,  6.900958587748587e-02, -1.720259804776332e-02,  7.170366450733909e-01, -5.744549311367109e-03,  9.876092890509133e-03,  6.675218204376392e-01,  3.993061640131192e-02,  3.950442965347889e-01, -2.100737891747062e+00, -5.959190329111371e-01,  5.107984914103104e-01
  2.030000000000000e+00, -2.337270789193223e-02, -2.711357239976327e-01,  6.897263182809762e-02, -1.723877703561198e-02,  7.170212456461137e-01, -5.784422689638215e-03,  9.857754974550820e-03,  6.673028303766926e-01,  4.036757625900392e-02,  3.947064149514585e-01, -2.100816102074277e+00, -5.958202721103989e-01,  5.106941035768933e-01
  2.040000000000000e+00, -2.338325580589462e-02, -2.710608950163962e-01,  6.893836633284654e-02, -1.727180087600974e-02,  7.170078303116055e-01, -5.821162960075198e-03,  9.845294441701903e-03,  6.671064798788593e-01,  4.078244231885776e-02,  3.943727799359351e-01, -2.100885429167760e+00, -5.957247127969525e-01,  5.105925130292870e-01
  2.050000000000000e+00, -2.339257496315932e-02, -2.709915754312168e-01,  6.890681703117375e-02, -1.730172141619019e-02,  7.169962805552986e-01, -5.854774887393638e-03,  9.838035949251644e-03,  6.669317275487997e-01,  4.117342164447941e-02,  3.940456751245504e-01, -2.100935106947026e+00, -5.956300470964143e-01,  5.104985667656525e-01
  2.060000000000000e+00, -2.340060483462688e-02, -2.709272839452277e-01,  6.887781753646276e-02, -1.732856177403908e-02,  7.169867594230533e-01, -5.885373911683905e-03,  9.837052934329205e-03,  6.667795830419738e-01,  4.154507156677054e-02,  3.937207930300699e-01, -2.100985119918909e+00, -5.955408244270113e-01,  5.104021200262572e-01
  2.070000000000000e+00, -2.340740163352010e-02, -2.708680991193393e-01,  6.885137492136070e-02, -1.735238745207593e-02,  7.169791504160179e-01, -5.912984291812719e-03,  9.841713981935986e-03,  6.666492324738040e-01,  4.189596513018393e-02,  3.934002655505159e-01, -2.101027381552187e+00, -5.954551511972705e-01,  5.103077085982407e-01
  2.080000000000000e+00, -2.341294053316510e-02, -2.708136465876535e-01,  6.882735033602393e-02, -1.737324934848490e-02,  7.169735371522484e-01, -5.937716717945212e-03,  9.852650925387287e-03,  6.665410172851177e-01,  4.222931926203491e-02,  3.930810355519987e-01, -2.101074601460520e+00, -5.953763174750580e-01,  5.102095273034301e-01
  2.090000000000000e+00, -2.341736037635906e-02, -2.707642771369987e-01,  6.880582428904984e-02, -1.739127177176137e-02,  7.169696169561640e-01, -5.959575484507556e-03,  9.868166009277113e-03,  6.664528424146546e-01,  4.254041743357151e-02,  3.927690359397873e-01, -2.101102011109317e+00, -5.952979346255018e-01,  5.101182099134410e-01
  2.100000000000000e+00, -2.342065074701667e-02, -2.707196095626311e-01,  6.878664918608431e-02, -1.740652839999443e-02,  7.169674460892830e-01, -5.978687361557208e-03,  9.888770067786583e-03,  6.663848273529509e-01,  4.283231740862240e-02,  3.924614708989904e-01, -2.101121081903922e+00, -5.952228678090344e-01,  5.100281670628102e-01
  2.110000000000000e+00, -2.342284894338201e-02, -2.706794963323880e-01,  6.876975027536682e-02, -1.741910908651989e-02,  7.169669660909531e-01, -5.995140140175961e-03,  9.914267115728384e-03,  6.663365771157501e-01,  4.310559602888014e-02,  3.921584599686587e-01, -2.101132901193243e+00, -5.951510823779952e-01,  5.099390494166057e-01
  2.120000000000000e+00, -2.342399745434509e-02, -2.706437826425703e-01,  6.875504774792375e-02, -1.742911299698081e-02,  7.169681091002188e-01, -6.009029132723264e-03,  9.944424534465018e-03,  6.663075632502997e-01,  4.336080909553203e-02,  3.918601067605606e-01, -2.101138018033188e+00, -5.950824490092917e-01,  5.098505495521747e-01
  2.130000000000000e+00, -2.342414196499330e-02, -2.706123078548157e-01,  6.874245815220061e-02, -1.743664532833404e-02,  7.169708015934124e-01, -6.020454781263776e-03,  9.978988139139420e-03,  6.662972319601617e-01,  4.359851029423716e-02,  3.915665254212000e-01, -2.101137002284945e+00, -5.950167998182782e-01,  5.097623574925683e-01
  2.140000000000000e+00, -2.342333141254965e-02, -2.705849049662540e-01,  6.873189415670392e-02, -1.744181751923086e-02,  7.169749643259113e-01, -6.029522896509188e-03,  1.001768194470778e-02,  6.663050128644323e-01,  4.381925444970707e-02,  3.912778398944258e-01, -2.101130473182310e+00, -5.949539333275239e-01,  5.096741592299968e-01
  2.150000000000000e+00, -2.342161803495171e-02, -2.705614000782813e-01,  6.872326431514733e-02, -1.744474744983393e-02,  7.169805122884665e-01, -6.036344890069123e-03,  1.006020818764627e-02,  6.663303190708294e-01,  4.402360083352128e-02,  3.909941815968782e-01, -2.101119098234069e+00, -5.948936178741480e-01,  5.095856379945570e-01
  2.160000000000000e+00, -2.341905723255699e-02, -2.705416121632527e-01,  6.871647302925704e-02, -1.744555929613901e-02,  7.169873549982007e-01, -6.041037724293572e-03,  1.010624886242886e-02,  6.663725441701306e-01,  4.421211690325707e-02,  3.907156874146315e-01, -2.101103589694698e+00, -5.948355951132105e-01,  5.094964764333029e-01
  2.170000000000000e+00, -2.341570737978489e-02, -2.705253528028116e-01,  6.871142052145215e-02, -1.744438331671313e-02,  7.169953968897290e-01, -6.043723825014530e-03,  1.015546777683081e-02,  6.664310590503664e-01,  4.438538298640717e-02,  3.904424973614075e-01, -2.101084699059881e+00, -5.947795828122481e-01,  5.094063593506361e-01
  2.180000000000000e+00, -2.341162974537593e-02, -2.705124255970316e-01,  6.870800263041132e-02, -1.744135587688998e-02,  7.170045375263475e-01, -6.044531214434753e-03,  1.020751189146365e-02,  6.665052111954928e-01,  4.454399790403592e-02,  3.901747512802219e-01, -2.101063210517918e+00, -5.947252764688609e-01,  5.093149760548721e-01
  2.190000000000000e+00, -2.340688851305087e-02, -2.705026253703594e-01,  6.870611048322403e-02, -1.743661966866134e-02,  7.170146716355342e-01, -6.043593811123966e-03,  1.026201190556333e-02,  6.665943251761063e-01,  4.468858468655888e-02,  3.899125849845392e-01, -2.101039933574437e+00, -5.946723502774987e-01,  5.092220216357365e-01
  2.200000000000000e+00, -2.340155080159402e-02, -2.704957374662485e-01,  6.870563020308056e-02, -1.743032390917982e-02,  7.170256891371534e-01, -6.041051697743564e-03,  1.031858277740884e-02,  6.666977016873902e-01,  4.481979561053472e-02,  3.896561268547671e-01, -2.101015696359027e+00, -5.946204589500126e-01,  5.091271968807681e-01
  2.210000000000000e+00, -2.339568666350884e-02, -2.704915371802231e-01,  6.870644268118849e-02, -1.742262447510197e-02,  7.170374752003575e-01, -6.037051318976980e-03,  1.037682431774316e-02,  6.668146153816411e-01,  4.493831648506746e-02,  3.894054951768398e-01, -2.100991340802008e+00, -5.945692412831816e-01,  5.090302073234342e-01
  2.220000000000000e+00, -2.338936911258133e-02, -2.704897892015375e-01,  6.870842333989503e-02, -1.741368407782906e-02,  7.170499102434109e-01, -6.031745703739477e-03,  1.043632148743783e-02,  6.669443130513782e-01,  4.504487045263811e-02,  3.891607953344021e-01, -2.100967716281071e+00, -5.945183234622679e-01,  5.089307630627259e-01
  2.230000000000000e+00, -2.338267417365976e-02, -2.704902470683921e-01,  6.871144189188033e-02, -1.740367246830223e-02,  7.170628698890779e-01, -6.025294703579598e-03,  1.049664445306927e-02,  6.670860123864099e-01,  4.514022136727829e-02,  3.889221161271333e-01, -2.100945668272524e+00, -5.944673189144547e-01,  5.088285801070485e-01
  2.240000000000000e+00, -2.337568087078497e-02, -2.704926528122992e-01,  6.871536220089834e-02, -1.739276650626603e-02,  7.170762250219948e-01, -6.017865105490697e-03,  1.055734900538889e-02,  6.672389011938635e-01,  4.522517663686324e-02,  3.886895256129100e-01, -2.100926023996271e+00, -5.944158256895049e-01,  5.087233825564684e-01
  2.250000000000000e+00, -2.336847106540640e-02, -2.704967370078031e-01,  6.872004236753754e-02, -1.738114991329657e-02,  7.170898420988228e-01, -6.009630458926458e-03,  1.061797792759090e-02,  6.674021375404712e-01,  4.530058917289402e-02,  3.884630673671020e-01, -2.100909580297113e+00, -5.943634267173739e-01,  5.086149049947037e-01
  2.260000000000000e+00, -2.336112909959272e-02, -2.705022193920493e-01,  6.872533512463913e-02, -1.736901260472342e-02,  7.171035837830367e-01, -6.000770515900339e-03,  1.067806355643515e-02,  6.675748508729514e-01,  4.536735785258533e-02,  3.882427576688087e-01, -2.100897097028790e+00, -5.943096958356430e-01,  5.085028942910528e-01
  2.270000000000000e+00, -2.335367861928268e-02, -2.705090579848949e-01,  6.873121376548279e-02, -1.735639929894251e-02,  7.171174080998184e-01, -5.991322564985203e-03,  1.073740073381171e-02,  6.677582969047052e-01,  4.542546805133808e-02,  3.880300141958634e-01, -2.100900379662172e+00, -5.942542805427462e-01,  5.083858060885383e-01
  2.280000000000000e+00, -2.334632738715631e-02, -2.705164705130976e-01,  6.873727889456134e-02, -1.734379924937990e-02,  7.171309854590574e-01, -5.981762254652927e-03,  1.079500776528501e-02,  6.679473177558800e-01,  4.547780888521361e-02,  3.878218915056629e-01, -2.100898319735208e+00, -5.941967063627898e-01,  5.082659567821368e-01
  2.290000000000000e+00, -2.333910729187133e-02, -2.705243888214043e-01,  6.874348987805315e-02, -1.733127547859907e-02,  7.171442603544067e-01, -5.972143961725389e-03,  1.085063488982019e-02,  6.681429720466515e-01,  4.552444273517694e-02,  3.876197635973155e-01, -2.100901801840118e+00, -5.941365268380990e-01,  5.081419291477807e-01
  2.300000000000000e+00, -2.333210418922367e-02, -2.705325084077833e-01,  6.874968913142405e-02, -1.731902581683454e-02,  7.171570948068817e-01, -5.962657484088632e-03,  1.090382789558126e-02,  6.683443777201473e-01,  4.556643003962826e-02,  3.874235530811971e-01, -2.100911810003417e+00, -5.940734229023160e-01,  5.080135045519214e-01
  2.310000000000000e+00, -2.332540341676159e-02, -2.705405246145498e-01,  6.875571921946094e-02, -1.730724737586009e-02,  7.171693518609731e-01, -5.953492172118154e-03,  1.095413926419404e-02,  6.685505729814396e-01,  4.560483908438150e-02,  3.872331294489276e-01, -2.100928891146369e+00, -5.940070828694022e-01,  5.078805132380952e-01
  2.320000000000000e+00, -2.331908713472457e-02, -2.705481380799576e-01,  6.876142615349204e-02, -1.729613134645983e-02,  7.171809002337682e-01, -5.944832479088933e-03,  1.100114562742922e-02,  6.687605925520973e-01,  4.564074388483459e-02,  3.870483328699844e-01, -2.100953515745231e+00, -5.939372396981923e-01,  5.077428151678071e-01
  2.330000000000000e+00, -2.331323298476573e-02, -2.705550591618113e-01,  6.876666172176650e-02, -1.728585998332426e-02,  7.171916165019631e-01, -5.936855118136533e-03,  1.104445531462911e-02,  6.689734766669342e-01,  4.567521014186861e-02,  3.868689762937481e-01, -2.100986079556636e+00, -5.938636728330300e-01,  5.076003049498147e-01
  2.340000000000000e+00, -2.330791283296034e-02, -2.705610123339031e-01,  6.877128577376478e-02, -1.727660372061648e-02,  7.172013871272165e-01, -5.929726309135235e-03,  1.108371522752751e-02,  6.691882763873830e-01,  4.570928015014717e-02,  3.866948473948224e-01, -2.101026891725966e+00, -5.937862090055600e-01,  5.074529185698934e-01
  2.350000000000000e+00, -2.330319157636057e-02, -2.705657403964970e-01,  6.877516840400265e-02, -1.726851842398678e-02,  7.172101103757406e-01, -5.923599152272702e-03,  1.111861738195171e-02,  6.694040571195263e-01,  4.574395819081060e-02,  3.865257114163480e-01, -2.101076165131616e+00, -5.937047257415012e-01,  5.073006406767069e-01
  2.360000000000000e+00, -2.329912608639043e-02, -2.705690083407671e-01,  6.877819194038996e-02, -1.726174292491768e-02,  7.172176980048893e-01, -5.918611254401504e-03,  1.114890457072497e-02,  6.696199015272245e-01,  4.578019656631933e-02,  3.863613148516717e-01, -2.101134008927859e+00, -5.936191563018114e-01,  5.071435111648929e-01
  2.370000000000000e+00, -2.329576436348721e-02, -2.705706067137851e-01,  6.878025264431716e-02, -1.725639698394175e-02,  7.172240765863579e-01, -5.914882732993552e-03,  1.117437456438137e-02,  6.698349137900735e-01,  4.581888237144288e-02,  3.862013898667754e-01, -2.101200422273072e+00, -5.935294929279550e-01,  5.069816299927715e-01
  2.380000000000000e+00, -2.329314492273077e-02, -2.705703543834902e-01,  6.878126207395736e-02, -1.725257973520254e-02,  7.172291884375184e-01, -5.912514651786669e-03,  1.119488276846432e-02,  6.700482254561898e-01,  4.586082548143150e-02,  3.860456597286465e-01, -2.101275291052164e+00, -5.934357878782908e-01,  5.068151602672449e-01
  2.390000000000000e+00, -2.329129640013821e-02, -2.705681006697866e-01,  6.878114810153851e-02, -1.725036860495645e-02,  7.172329921843670e-01, -5.911587890229576e-03,  1.121034350411908e-02,  6.702590014305645e-01,  4.590674815396581e-02,  3.858938451658203e-01, -2.101358388340214e+00, -5.933381532413609e-01,  5.066443304566224e-01
  2.400000000000000e+00, -2.329023737729600e-02, -2.705637268210386e-01,  6.877985557709257e-02, -1.724981870637836e-02,  7.172354629619762e-01, -5.912162452194387e-03,  1.122072996220095e-02,  6.704664455802823e-01,  4.595727642568186e-02,  3.857456710555475e-01, -2.101449377423868e+00, -5.932367598707259e-01,  5.064694357124488e-01
  2.410000000000000e+00, -2.328997641780035e-02, -2.705571468420856e-01,  6.877734664386169e-02, -1.725096269901864e-02,  7.172365922651741e-01, -5.914277205072562e-03,  1.122607287167628e-02,  6.706698065516369e-01,  4.601293335959150e-02,  3.856008729986057e-01, -2.101547817302023e+00, -5.931318353524374e-01,  5.062908377883099e-01
  2.420000000000000e+00, -2.329051228507003e-02, -2.705483077431481e-01,  6.877360074573988e-02, -1.725381105239437e-02,  7.172363875015935e-01, -5.917949996034393e-03,  1.122645809615047e-02,  6.708683834276535e-01,  4.607413405092874e-02,  3.854592037506018e-01, -2.101653171361212e+00, -5.930236610028288e-01,  5.061089636261368e-01
  2.430000000000000e+00, -2.329183430624399e-02, -2.705371893151147e-01,  6.876861438373981e-02, -1.725835263634744e-02,  7.172348713062132e-01, -5.923178074103005e-03,  1.122202340028991e-02,  6.710615300899305e-01,  4.614118209606716e-02,  3.853204395647741e-01, -2.101764819066341e+00, -5.929125683407769e-01,  5.059243022450968e-01
  2.440000000000000e+00, -2.329392284992281e-02, -2.705238035471166e-01,  6.876240068119217e-02, -1.726455556434556e-02,  7.172320806683928e-01, -5.929938746703517e-03,  1.121295456572355e-02,  6.712486578667434e-01,  4.621426710213869e-02,  3.851843861235520e-01, -2.101882068679768e+00, -5.927989350319220e-01,  5.057373997795154e-01
  2.450000000000000e+00, -2.329674987416585e-02, -2.705081937673869e-01,  6.875498880849201e-02, -1.727236820570063e-02,  7.172280659488883e-01, -5.938190200485027e-03,  1.119948116669603e-02,  6.714292370808508e-01,  4.629346326493283e-02,  3.850508833688159e-01, -2.102004168481859e+00, -5.926831795389509e-01,  5.055488537894695e-01
  2.460000000000000e+00, -2.330027951581050e-02, -2.704904335404540e-01,  6.874642329281362e-02, -1.728172031662652e-02,  7.172228898395878e-01, -5.947872447696686e-03,  1.118187222958482e-02,  6.716027979602522e-01,  4.637872918688241e-02,  3.849198091106289e-01, -2.102130316773612e+00, -5.925657546940369e-01,  5.053593077328861e-01
  2.470000000000000e+00, -2.330446873234249e-02, -2.704706253592882e-01,  6.873676322354812e-02, -1.729252429696478e-02,  7.172166262409537e-01, -5.958908394695575e-03,  1.116043162937568e-02,  6.717689307722848e-01,  4.646990847893939e-02,  3.847910820335189e-01, -2.102259672860945e+00, -5.924471413464534e-01,  5.051694451952118e-01
  2.480000000000000e+00, -2.330926799092055e-02, -2.704488991307920e-01,  6.872608135512548e-02, -1.730467656565160e-02,  7.172093590672011e-01, -5.971205028577909e-03,  1.113549325137171e-02,  6.719272861053092e-01,  4.656673124087688e-02,  3.846646641917271e-01, -2.102391369719209e+00, -5.923278427858429e-01,  5.049799825428197e-01
  2.490000000000000e+00, -2.331462196604102e-02, -2.704254103903956e-01,  6.871446309812118e-02, -1.731805901216318e-02,  7.172011810604736e-01, -5.984654708761428e-03,  1.110741632706213e-02,  6.720775766522322e-01,  4.666881748764778e-02,  3.845405624271737e-01, -2.102524527802109e+00, -5.922083807106603e-01,  5.047916589783841e-01
  2.500000000000000e+00, -2.332047024719554e-02, -2.704003382028546e-01,  6.870200538109718e-02, -1.733254053594344e-02,  7.171921926152722e-01, -5.999136580425602e-03,  1.107658099354436e-02,  6.722195797889904e-01,  4.677568282321709e-02,  3.844188285015134e-01, -2.102658269811429e+00, -5.920892934741750e-01,  5.046052249775325e-01
  2.510000000000000e+00, -2.332674810129758e-02, -2.703738827310261e-01,  6.868881535713214e-02, -1.734797874364166e-02,  7.171825005282317e-01, -6.014518158296206e-03,  1.104338371154600e-02,  6.723531391996581e-01,  4.688674583543202e-02,  3.842995579098684e-01, -2.102791735619082e+00, -5.919711351000171e-01,  5.044214315202052e-01
  2.520000000000000e+00, -2.333338730181443e-02, -2.703462624499964e-01,  6.867500894098300e-02, -1.736422182799899e-02,  7.171722166512438e-01, -6.030657100896270e-03,  1.100823246453021e-02,  6.724781649228407e-01,  4.700133719884490e-02,  3.841828870760789e-01, -2.102924094788594e+00, -5.918544719985664e-01,  5.042410211800259e-01
  2.530000000000000e+00, -2.334031700707176e-02, -2.703177109981560e-01,  6.866070918123968e-02, -1.738111060291922e-02,  7.171614564838082e-01, -6.047403161271624e-03,  1.097154191427546e-02,  6.725946321708841e-01,  4.711871081792984e-02,  3.840689887209086e-01, -2.103054554393563e+00, -5.917398752206164e-01,  5.040647200463650e-01
  2.540000000000000e+00, -2.334746468434520e-02, -2.702884736955445e-01,  6.864604448103226e-02, -1.739848068301945e-02,  7.171503377078083e-01, -6.064600300620316e-03,  1.093372849496302e-02,  6.727025796254195e-01,  4.723805683228984e-02,  3.839580656232157e-01, -2.103182362389396e+00, -5.916279079562153e-01,  5.038932291333051e-01
  2.550000000000000e+00, -2.335475707438271e-02, -2.702588038064189e-01,  6.863114670027938e-02, -1.741616478197395e-02,  7.171389786676151e-01, -6.082088932439150e-03,  1.089520539940917e-02,  6.728021077615695e-01,  4.735851597924445e-02,  3.838503435568072e-01, -2.103306809470657e+00, -5.915191112680140e-01,  5.037272151417646e-01
  2.560000000000000e+00, -2.336213437843282e-02, -2.702289648595439e-01,  6.861614606957836e-02, -1.743401316393110e-02,  7.171274705925461e-01, -6.099718411771184e-03,  1.085625503749957e-02,  6.728929365468385e-01,  4.747895072491053e-02,  3.837463751912755e-01, -2.103424602650256e+00, -5.914137513002981e-01,  5.035683995099162e-01
  2.570000000000000e+00, -2.336949716769523e-02, -2.701992062136685e-01,  6.860118394948839e-02, -1.745182077785247e-02,  7.171159830367061e-01, -6.117305941976159e-03,  1.081752085260426e-02,  6.729761846950251e-01,  4.759892279531923e-02,  3.836457962072974e-01, -2.103540515144518e+00, -5.913127754077852e-01,  5.034151199045672e-01
  2.580000000000000e+00, -2.337678977269900e-02, -2.701697827685463e-01,  6.858638535843600e-02, -1.746944604742587e-02,  7.171046000303245e-01, -6.134707813768845e-03,  1.077925297579095e-02,  6.730516857524889e-01,  4.771730103063423e-02,  3.835491727002361e-01, -2.103651396154107e+00, -5.912163752290159e-01,  5.032690178842016e-01
  2.590000000000000e+00, -2.338394615492122e-02, -2.701409397023587e-01,  6.857187582381355e-02, -1.748673433567398e-02,  7.170934266678977e-01, -6.151774050809109e-03,  1.074180067800695e-02,  6.731197263892434e-01,  4.783318379681544e-02,  3.834567515173552e-01, -2.103756630492433e+00, -5.911249051025029e-01,  5.031305598787297e-01
  2.600000000000000e+00, -2.339090377814921e-02, -2.701129107071858e-01,  6.855777480598280e-02, -1.750353887537079e-02,  7.170825623294962e-01, -6.168362070104590e-03,  1.070549112336493e-02,  6.731806586834500e-01,  4.794570635091520e-02,  3.833687790851864e-01, -2.103855821743600e+00, -5.910386789173905e-01,  5.030001345857888e-01
  2.610000000000000e+00, -2.339760498998788e-02, -2.700859135261779e-01,  6.854419333883023e-02, -1.751972384702224e-02,  7.170720984189229e-01, -6.184339582343566e-03,  1.067062188412868e-02,  6.732348693572793e-01,  4.805405441535546e-02,  3.832854872538042e-01, -2.103948663850732e+00, -5.909579547763483e-01,  5.028780574989816e-01
  2.620000000000000e+00, -2.340399790509491e-02, -2.700601461661306e-01,  6.853123215060511e-02, -1.753516656194503e-02,  7.170621170058751e-01, -6.199586782546596e-03,  1.063745692652207e-02,  6.732827718872754e-01,  4.815748007940750e-02,  3.832070861441206e-01, -2.104034932040451e+00, -5.908829305420228e-01,  5.027645669039390e-01
  2.630000000000000e+00, -2.341003717393407e-02, -2.700357835664342e-01,  6.851898001516568e-02, -1.754975936955609e-02,  7.170526896471965e-01, -6.213998269920354e-03,  1.060622317229935e-02,  6.733247991997779e-01,  4.825531590154549e-02,  3.831337579732609e-01, -2.104114478657090e+00, -5.908137409304189e-01,  5.026598206847400e-01
  2.640000000000000e+00, -2.341568279769562e-02, -2.700129233445471e-01,  6.850749266632478e-02, -1.756342050189344e-02,  7.170438848194093e-01, -6.227501397692582e-03,  1.057718542008781e-02,  6.733612810644505e-01,  4.834740520814382e-02,  3.830646496552486e-01, -2.104186125489058e+00, -5.907511823354155e-01,  5.025641409817743e-01
  2.650000000000000e+00, -2.342090777375624e-02, -2.699917951303125e-01,  6.849687286540690e-02, -1.757605675833684e-02,  7.170357332689012e-01, -6.239988374881193e-03,  1.055032841645931e-02,  6.733928984579814e-01,  4.843239672008339e-02,  3.830019503417172e-01, -2.104252138359734e+00, -5.906937444420747e-01,  5.024769915130998e-01
  2.660000000000000e+00, -2.342568739780519e-02, -2.699724329553739e-01,  6.848714456388008e-02, -1.758762376996429e-02,  7.170282797762901e-01, -6.251423726068583e-03,  1.052584176205698e-02,  6.734199971287320e-01,  4.851039513048701e-02,  3.829446592605336e-01, -2.104311524907431e+00, -5.906421732341958e-01,  5.023985658970437e-01
  2.670000000000000e+00, -2.343000750309850e-02, -2.699548979669994e-01,  6.847833804416310e-02, -1.759808645423426e-02,  7.170215460877777e-01, -6.261772151830051e-03,  1.050378262860767e-02,  6.734429890862398e-01,  4.858114455518513e-02,  3.828927998085819e-01, -2.104364285246899e+00, -5.905963398444994e-01,  5.023287174655197e-01
  2.680000000000000e+00, -2.343386153561728e-02, -2.699392203974341e-01,  6.847046806688639e-02, -1.760742816479684e-02,  7.170155420843968e-01, -6.271016597698165e-03,  1.048416996393114e-02,  6.734622949330229e-01,  4.864451362087006e-02,  3.828463505375193e-01, -2.104410601613446e+00, -5.905560709384179e-01,  5.022672079618977e-01
  2.690000000000000e+00, -2.343725074409518e-02, -2.699254001458082e-01,  6.846353402352152e-02, -1.761565083462673e-02,  7.170102653579655e-01, -6.279158225452745e-03,  1.046698261007196e-02,  6.734783202386476e-01,  4.870048806414971e-02,  3.828052433257342e-01, -2.104450731485326e+00, -5.905211419999646e-01,  5.022137257844260e-01
  2.700000000000000e+00, -2.344019228605033e-02, -2.699135132289427e-01,  6.845755886312764e-02, -1.762276224631131e-02,  7.170056753969813e-01, -6.286185848165982e-03,  1.045196375317071e-02,  6.734914180097753e-01,  4.874823957698882e-02,  3.827707714513899e-01, -2.104483761451645e+00, -5.904912011987319e-01,  5.021704996656489e-01
  2.710000000000000e+00, -2.344268421937807e-02, -2.699032787679204e-01,  6.845243161492656e-02, -1.762882479682602e-02,  7.170018025427010e-01, -6.292198354826560e-03,  1.043943679178731e-02,  6.735020017759706e-01,  4.878994297772561e-02,  3.827397713245358e-01, -2.104512633427663e+00, -5.904660912431514e-01,  5.021315155832344e-01
  2.720000000000000e+00, -2.344475800071668e-02, -2.698947302753247e-01,  6.844815227347947e-02, -1.763387727163262e-02,  7.169985825241544e-01, -6.297213253576850e-03,  1.042905676971822e-02,  6.735104002275548e-01,  4.882488479583905e-02,  3.827136024158601e-01, -2.104536513961127e+00, -5.904454153787436e-01,  5.020992129904673e-01
  2.730000000000000e+00, -2.344642863285625e-02, -2.698878171658659e-01,  6.844469434050937e-02, -1.763795363885666e-02,  7.169959909851883e-01, -6.301262763461854e-03,  1.042073181729680e-02,  6.735168504679870e-01,  4.885323329999052e-02,  3.826921729249807e-01, -2.104555598987962e+00, -5.904289111276269e-01,  5.020732787168489e-01
  2.740000000000000e+00, -2.344775148918379e-02, -2.698823236910278e-01,  6.844194851477384e-02, -1.764118592445392e-02,  7.169939407656001e-01, -6.304476287117901e-03,  1.041416703996556e-02,  6.735217333754385e-01,  4.887582727227160e-02,  3.826749281878782e-01, -2.104570587989763e+00, -5.904159486687967e-01,  5.020528150927303e-01
  2.750000000000000e+00, -2.344882118631384e-02, -2.698777420024551e-01,  6.843967266307356e-02, -1.764383201642646e-02,  7.169922960952694e-01, -6.307124884298004e-03,  1.040901724853105e-02,  6.735255829337535e-01,  4.889516113561174e-02,  3.826591521473526e-01, -2.104582618799018e+00, -5.904071317976390e-01,  5.020372776386336e-01
