Main.Studies.MarkerTracking.t,Main.Studies.MarkerTracking.JointAngleOutputs.OutputFile_RightArm.ThoraxClavicula[0],Main.Studies.MarkerTracking.JointAngleOutputs.OutputFile_RightArm.ThoraxClavicula[1],Main.Studies.MarkerTracking.JointAngleOutputs.OutputFile_RightArm.ThoraxClavicula[2],Main.Studies.MarkerTracking.JointAngleOutputs.OutputFile_RightArm.ClaviculaScapula[0],Main.Studies.MarkerTracking.JointAngleOutputs.OutputFile_RightArm.ClaviculaScapula[1],Main.Studies.MarkerTracking.JointAngleOutputs.OutputFile_RightArm.ClaviculaScapula[2],Main.Studies.MarkerTracking.JointAngleOutputs.OutputFile_RightArm.ScapulaHumerus[0],Main.Studies.MarkerTracking.JointAngleOutputs.OutputFile_RightArm.ScapulaHumerus[1],Main.Studies.MarkerTracking.JointAngleOutputs.OutputFile_RightArm.ScapulaHumerus[2],Main.Studies.MarkerTracking.JointAngleOutputs.OutputFile_RightArm.HumerusUlna,Main.Studies.MarkerTracking.JointAngleOutputs.OutputFile_RightArm.UlnaRadius,Main.Studies.MarkerTracking.JointAngleOutputs.OutputFile_RightArm.RadiusWrist,Main.Studies.MarkerTracking.JointAngleOutputs.OutputFile_RightArm.WristHand
  1.000000000000000e-02, -1.673009710389146e-02, -2.896212242028517e-01,  7.925011835922609e-02, -2.953062540506724e-03,  7.281514415945093e-01,  6.910167213422347e-03,  5.346796263022054e-02,  9.844999638200406e-01,  4.786766903235295e-03,  2.591936133480772e-01,  2.454189482904792e+00, -5.319036325411838e-01, -6.685525715778465e-02
  2.000000000000000e-02, -1.676002136176091e-02, -2.895098466280912e-01,  7.919197985627280e-02, -3.024928044193576e-03,  7.281041668063403e-01,  6.843795681168907e-03,  5.323770932744572e-02,  9.845418463179183e-01,  5.177107761391760e-03,  2.591403097835554e-01,  2.454498195169721e+00, -5.317521410680950e-01, -6.685524892115643e-02
  3.000000000000000e-02, -1.679017743391638e-02, -2.893980176606134e-01,  7.913356377925720e-02, -3.097241223488182e-03,  7.280564835113873e-01,  6.777047376394178e-03,  5.300574982492190e-02,  9.845795355301205e-01,  5.567144601812825e-03,  2.590919320915304e-01,  2.454805126303036e+00, -5.316055900997189e-01, -6.685472939433958e-02
  4.000000000000000e-02, -1.682049269837704e-02, -2.892858341567012e-01,  7.907494103447416e-02, -3.169869709499752e-03,  7.280085233361536e-01,  6.710021756947884e-03,  5.277262222950777e-02,  9.846171775390075e-01,  5.957399525775465e-03,  2.590445856001090e-01,  2.455108038017057e+00, -5.314589446613679e-01, -6.685360275857902e-02
  5.000000000000000e-02, -1.685091803408117e-02, -2.891735245196165e-01,  7.901622554901239e-02, -3.242684414751680e-03,  7.279603594301498e-01,  6.642843867496856e-03,  5.253871199175565e-02,  9.846546798264351e-01,  6.346875074732328e-03,  2.589986795812647e-01,  2.455406045891611e+00, -5.313126095053348e-01, -6.685182386492038e-02
  6.000000000000000e-02, -1.688138909710755e-02, -2.890613337120922e-01,  7.895754452675409e-02, -3.315529517841797e-03,  7.279120929234001e-01,  6.575658374764342e-03,  5.230451493412571e-02,  9.846920928711774e-01,  6.734692663071125e-03,  2.589543398387822e-01,  2.455698615460982e+00, -5.311667878177297e-01, -6.684942813491303e-02
  6.999999999999999e-02, -1.691184153070515e-02, -2.889495167503406e-01,  7.889902919399593e-02, -3.388246818044389e-03,  7.278638240091726e-01,  6.508613595989399e-03,  5.207052839293368e-02,  9.847294982765025e-01,  7.119896099464148e-03,  2.589117363715319e-01,  2.455985103203378e+00, -5.310216756689332e-01, -6.684644474940787e-02
  8.000000000000000e-02, -1.694220698984165e-02, -2.888383433299163e-01,  7.884081839856616e-02, -3.460668665407338e-03,  7.278156592188243e-01,  6.441866717705040e-03,  5.183728004834501e-02,  9.847669937760866e-01,  7.501478889571040e-03,  2.588710459407710e-01,  2.456264901701749e+00, -5.308774728920782e-01, -6.684292076060031e-02
  9.000000000000000e-02, -1.697241300906765e-02, -2.887280980781433e-01,  7.878305876584232e-02, -3.532617707846455e-03,  7.277677116544035e-01,  6.375584008782534e-03,  5.160532887729002e-02,  9.848046983299106e-01,  7.878384506092746e-03,  2.588324492118522e-01,  2.456537441826729e+00, -5.307343790324173e-01, -6.683891987851008e-02
  1.000000000000000e-01, -1.700238288336595e-02, -2.886190808252915e-01,  7.872590485721045e-02, -3.603906651092345e-03,  7.277201011953301e-01,  6.309941028896341e-03,  5.137526602108018e-02,  9.848427583815256e-01,  8.249506344543555e-03,  2.587961283607346e-01,  2.456802191276012e+00, -5.305925883956694e-01, -6.683452117339997e-02
  1.100000000000000e-01, -1.703203557878925e-02, -2.885116067912633e-01,  7.866951928162921e-02, -3.674338084353286e-03,  7.276729546542789e-01,  6.245122779051653e-03,  5.114771542306651e-02,  9.848813535816465e-01,  8.613687837084402e-03,  2.587622648323696e-01,  2.457058655203029e+00, -5.304522857602803e-01, -6.682981744713701e-02
  1.200000000000000e-01, -1.706128568537165e-02, -2.884060066678895e-01,  7.861407274718255e-02, -3.743704393070711e-03,  7.276264058615004e-01,  6.181323776794307e-03,  5.092333415312881e-02,  9.849207012337672e-01,  8.969722674218947e-03,  2.587310380358307e-01,  2.457306378371931e+00, -5.303136442889693e-01, -6.682491348648967e-02
  1.300000000000000e-01, -1.709004339877818e-02, -2.883026266305435e-01,  7.855974407219128e-02, -3.811787730594041e-03,  7.275805957001606e-01,  6.118748079757016e-03,  5.070281252298209e-02,  9.849610580925382e-01,  9.316355050553610e-03,  2.587026251229073e-01,  2.457544946206790e+00, -5.301768257916991e-01, -6.681992508810757e-02
  1.400000000000000e-01, -1.711821450520248e-02, -2.882018283277902e-01,  7.850672018661989e-02, -3.878360000336490e-03,  7.275356721361544e-01,  6.057609296806806e-03,  5.048687418118068e-02,  9.850027199868885e-01,  9.652279967140215e-03,  2.586772010004667e-01,  2.457773983491737e+00, -5.300419814286045e-01, -6.681497867558325e-02
  1.500000000000000e-01, -1.714570036251737e-02, -2.881039888402968e-01,  7.845519612374117e-02, -3.943182836491863e-03,  7.274917902595280e-01,  5.998130591627903e-03,  5.027627624879326e-02,  9.850460215289036e-01,  9.976143855098384e-03,  2.586549376848126e-01,  2.457993150177705e+00, -5.299092514696049e-01, -6.681021091460929e-02
  1.600000000000000e-01, -1.717239789362151e-02, -2.880095005620015e-01,  7.840537497579239e-02, -4.006007622206624e-03,  7.274491123080172e-01,  5.940544645532872e-03,  5.007180936530139e-02,  9.850913363396376e-01,  1.028654561755353e-02,  2.586360032422024e-01,  2.458202135325759e+00, -5.297787652512294e-01, -6.680576810147239e-02
  1.700000000000000e-01, -1.719819961455113e-02, -2.879187709479184e-01,  7.835746778172736e-02, -4.066575589764494e-03,  7.274078076362402e-01,  5.885093540602199e-03,  4.987429748518616e-02,  9.851390771239851e-01,  1.058203816208234e-02,  2.586205608494438e-01,  2.458400651991288e+00, -5.296506421415761e-01, -6.680180509345576e-02
  1.800000000000000e-01, -1.722299370949262e-02, -2.878322220807494e-01,  7.831169332258578e-02, -4.124618032393746e-03,  7.273680526114729e-01,  5.832028534978599e-03,  4.968459733377307e-02,  9.851896952881929e-01,  1.086113059459106e-02,  2.586087680753092e-01,  2.458588435203390e+00, -5.295249931611409e-01, -6.679848369769043e-02
  1.900000000000000e-01, -1.724666415534138e-02, -2.877502900493599e-01,  7.826827782046418e-02, -4.179856634865230e-03,  7.273300304301020e-01,  5.781609724314495e-03,  4.950359749950872e-02,  9.852436802116474e-01,  1.112229107853401e-02,  2.586007762322911e-01,  2.458765242879968e+00, -5.294019227538791e-01, -6.679597105891520e-02
  2.000000000000000e-01, -1.726909089943054e-02, -2.876734241362757e-01,  7.822745453873983e-02, -4.232003926834225e-03,  7.272939308494963e-01,  5.734105585928023e-03,  4.933221714332091e-02,  9.853015588386388e-01,  1.136395035422396e-02,  2.585967296111799e-01,  2.458930858551647e+00, -5.292815299139322e-01, -6.679443875693618e-02
  2.100000000000000e-01, -1.729015008833079e-02, -2.876020858050905e-01,  7.818946328076444e-02, -4.280763858989249e-03,  7.272599498392779e-01,  5.689792403533642e-03,  4.917140433552786e-02,  9.853638960190330e-01,  1.158450602719433e-02,  2.585967644825022e-01,  2.459085094193227e+00, -5.291639085183835e-01, -6.679406258192391e-02
  2.200000000000000e-01, -1.730971433376249e-02, -2.875367475277739e-01,  7.815454980944503e-02, -4.325832470548401e-03,  7.272282891757663e-01,  5.648953599496671e-03,  4.902213413062933e-02,  9.854312944205509e-01,  1.178232751207415e-02,  2.586010080695894e-01,  2.459227791319391e+00, -5.290491479268848e-01, -6.679502241324035e-02
  2.300000000000000e-01, -1.732765301068010e-02, -2.874778914729521e-01,  7.812296519841085e-02, -4.366898635988306e-03,  7.271991559867588e-01,  5.611878986244287e-03,  4.888540642094188e-02,  9.855043928621279e-01,  1.195576151579071e-02,  2.586095776796959e-01,  2.459358820893375e+00, -5.289373344219236e-01, -6.679750188270782e-02
  2.400000000000000e-01, -1.734383260330659e-02, -2.874260079904550e-01,  7.809496508175026e-02, -4.403644930642845e-03,  7.271727622218499e-01,  5.578863899239774e-03,  4.876224344507654e-02,  9.855838641562694e-01,  1.210313833681228e-02,  2.586225796633837e-01,  2.459478083971577e+00, -5.288285527764088e-01, -6.680168810399001e-02
  2.500000000000000e-01, -1.735811710808198e-02, -2.873815938617051e-01,  7.807080878636852e-02, -4.435748634000306e-03,  7.271493240353877e-01,  5.550208193582493e-03,  4.865368688793422e-02,  9.856704128513739e-01,  1.222277909794624e-02,  2.586401083220090e-01,  2.459585513575061e+00, -5.287228872160402e-01, -6.680777181853455e-02
  2.600000000000001e-01, -1.737036848797060e-02, -2.873451503554645e-01,  7.805075836506904e-02, -4.462882855487741e-03,  7.271290610868231e-01,  5.526215121834808e-03,  4.856079461284218e-02,  9.857647712904936e-01,  1.231300363445912e-02,  2.586622455366971e-01,  2.459681077477500e+00, -5.286204216838399e-01, -6.681594776190448e-02
  2.700000000000001e-01, -1.738044718300700e-02, -2.873171810823128e-01,  7.803507752579078e-02, -4.484717789204059e-03,  7.271121957516729e-01,  5.507190087664194e-03,  4.848463699623649e-02,  9.858676941603229e-01,  1.237213903250625e-02,  2.586890609747078e-01,  2.459764781404338e+00, -5.285212399233393e-01, -6.682641503225331e-02
  2.800000000000000e-01, -1.738835107516251e-02, -2.872983236958835e-01,  7.802402462909561e-02, -4.501096622636667e-03,  7.270986702435874e-01,  5.493361943371853e-03,  4.842534500514049e-02,  9.859744280657403e-01,  1.239511527057357e-02,  2.587286914492175e-01,  2.459838213491845e+00, -5.284340635254328e-01, -6.683877943109670e-02
  2.900000000000000e-01, -1.739366345158221e-02, -2.872888161709302e-01,  7.801787634419174e-02, -4.511339141298661e-03,  7.270892713364969e-01,  5.485191753928217e-03,  4.838589143821978e-02,  9.860968323194232e-01,  1.238707582544148e-02,  2.587650574078141e-01,  2.459898392994365e+00, -5.283417154636502e-01, -6.685442756673655e-02
  3.000000000000000e-01, -1.739637481035828e-02, -2.872892815138752e-01,  7.801688851203148e-02, -4.515280735458099e-03,  7.270839569508631e-01,  5.482909590412882e-03,  4.836646082411285e-02,  9.862304260782921e-01,  1.234319245903146e-02,  2.588058920288556e-01,  2.459946903480510e+00, -5.282525185517510e-01, -6.687300462815897e-02
  3.100000000000001e-01, -1.739621582198920e-02, -2.873000614193513e-01,  7.802131606216044e-02, -4.512436115753772e-03,  7.270832172638017e-01,  5.486880001227471e-03,  4.836901535121627e-02,  9.863809302915248e-01,  1.226527421048284e-02,  2.588436433618415e-01,  2.459982469043097e+00, -5.281585895634757e-01, -6.689536836916918e-02
  3.200000000000000e-01, -1.739333587770436e-02, -2.873219215059429e-01,  7.803140387782874e-02, -4.502843323813826e-03,  7.270866874449190e-01,  5.497239867513122e-03,  4.839265551599032e-02,  9.865379337476587e-01,  1.214467454461324e-02,  2.588948908280549e-01,  2.460008534952818e+00, -5.280776628786802e-01, -6.692046407909576e-02
  3.300000000000000e-01, -1.738744037271668e-02, -2.873551788824742e-01,  7.804740825543224e-02, -4.485984708430026e-03,  7.270949090672970e-01,  5.514367371860071e-03,  4.843952246090197e-02,  9.867084916117841e-01,  1.198383742868583e-02,  2.589505011326762e-01,  2.460023546641233e+00, -5.280000378405354e-01, -6.694918167424767e-02
  3.400000000000000e-01, -1.737840744057214e-02, -2.874002754283987e-01,  7.806956122892036e-02, -4.461570417186764e-03,  7.271080758066010e-01,  5.538528791992822e-03,  4.851057136939438e-02,  9.868928477964358e-01,  1.178128237144925e-02,  2.590109336227085e-01,  2.460027902947039e+00, -5.279263906609990e-01, -6.698176624612202e-02
  3.500000000000000e-01, -1.736610962552033e-02, -2.874576302473787e-01,  7.809808828232336e-02, -4.429307399589598e-03,  7.271263943364124e-01,  5.569987050090741e-03,  4.860679655616416e-02,  9.870916370766660e-01,  1.153580833457863e-02,  2.590761196155830e-01,  2.460021899980921e+00, -5.278568070091330e-01, -6.701848140005655e-02
  3.600000000000000e-01, -1.735042548440160e-02, -2.875276354369807e-01,  7.813320163049882e-02, -4.388917743439502e-03,  7.271500621855513e-01,  5.608989704930191e-03,  4.872914978769274e-02,  9.873054031521089e-01,  1.124632812859701e-02,  2.591459976526315e-01,  2.460005854324224e+00, -5.277914092638609e-01, -6.705959950402901e-02
  3.700000000000001e-01, -1.733124017727479e-02, -2.876106514653537e-01,  7.817509811484101e-02, -4.340140645133916e-03,  7.271792670322211e-01,  5.655766745223754e-03,  4.887853547015092e-02,  9.875346103201356e-01,  1.091189544313572e-02,  2.592204855075921e-01,  2.459980094416360e+00, -5.277303264889531e-01, -6.710540177058132e-02
  3.800000000000001e-01, -1.730844668000752e-02, -2.877070022936772e-01,  7.822395672367809e-02, -4.282735375613088e-03,  7.272141848150850e-01,  5.710527734488009e-03,  4.905580134960918e-02,  9.877796293956229e-01,  1.053172317911578e-02,  2.592994810705497e-01,  2.459944960223578e+00, -5.276736991017760e-01, -6.715617876299457e-02
  3.900000000000001e-01, -1.728194699322360e-02, -2.878169703473738e-01,  7.827993604947853e-02, -4.216484282875898e-03,  7.272549778672324e-01,  5.773458909707634e-03,  4.926172909893759e-02,  9.880407262415690e-01,  1.010520304993386e-02,  2.593828610959402e-01,  2.459900803867028e+00, -5.276216810487151e-01, -6.721222996752645e-02
  4.000000000000001e-01, -1.725165338704209e-02, -2.879407913730668e-01,  7.834317167973552e-02, -4.141195883185692e-03,  7.273017929925215e-01,  5.844720212200290e-03,  4.949702450229157e-02,  9.883180513481490e-01,  9.631925476818636e-03,  2.594704798431839e-01,  2.459847994779731e+00, -5.275744411309597e-01, -6.727386134517478e-02
  4.100000000000000e-01, -1.721748966005021e-02, -2.880786492380270e-01,  7.841377355308243e-02, -4.056707994710106e-03,  7.273547595223323e-01,  5.924442292357149e-03,  4.976230738853482e-02,  9.886116304120637e-01,  9.111699684637212e-03,  2.595621676299175e-01,  2.459786926879323e+00, -5.275321637204873e-01, -6.734138195887981e-02
  4.200000000000000e-01, -1.717939236015797e-02, -2.882306708221833e-01,  7.849182336293106e-02, -3.962890802221646e-03,  7.274139874386516e-01,  6.012723589010067e-03,  5.005810168987052e-02,  9.889213556847288e-01,  8.544573642437501e-03,  2.596577289952536e-01,  2.459718022480377e+00, -5.274950488976656e-01, -6.741510111178534e-02
  4.300000000000000e-01, -1.713726187584648e-02, -2.883970039812765e-01,  7.857742734503645e-02, -3.859554800811636e-03,  7.274796548133415e-01,  6.109702050490796e-03,  5.038519454396536e-02,  9.892504760381352e-01,  7.931101906335407e-03,  2.597541152829319e-01,  2.459641203889241e+00, -5.274595116780931e-01, -6.749500185313417e-02
  4.400000000000001e-01, -1.709114121611363e-02, -2.885774747679110e-01,  7.867049990653181e-02, -3.746801349220983e-03,  7.275516938115453e-01,  6.215272449262302e-03,  5.074331160515561e-02,  9.895926221846135e-01,  7.271812321804075e-03,  2.598554644975325e-01,  2.459557756871339e+00, -5.274319499799675e-01, -6.758207771308902e-02
  4.500000000000000e-01, -1.704098476643082e-02, -2.887721017466452e-01,  7.877107214533403e-02, -3.624552135342354e-03,  7.276301899411267e-01,  6.329477258800153e-03,  5.113283992277231e-02,  9.899496928820375e-01,  6.567368601192575e-03,  2.599599560563072e-01,  2.459467936326781e+00, -5.274102775953844e-01, -6.767625532841269e-02
  4.600000000000001e-01, -1.698679015443778e-02, -2.889807389966194e-01,  7.887909010036817e-02, -3.492832995056165e-03,  7.277151605943469e-01,  6.452261186214072e-03,  5.155383314142106e-02,  9.903210117188542e-01,  5.818958670270108e-03,  2.600672334220563e-01,  2.459372297209246e+00, -5.273947181941877e-01, -6.777781958056604e-02
  4.700000000000000e-01, -1.692857341404746e-02, -2.892031637014796e-01,  7.899446093620065e-02, -3.351715598655991e-03,  7.278065947916735e-01,  6.583524680492297e-03,  5.200620085233767e-02,  9.907057016559998e-01,  5.028070444332907e-03,  2.601769473728370e-01,  2.459271449778505e+00, -5.273855674847764e-01, -6.788704365379160e-02
  4.800000000000001e-01, -1.686636870844529e-02, -2.894390739843799e-01,  7.911705213736575e-02, -3.201317637600968e-03,  7.279044539452560e-01,  6.723123470926693e-03,  5.248970873954033e-02,  9.911027276044637e-01,  4.196513776806238e-03,  2.602887102921596e-01,  2.459166053837605e+00, -5.273831400483969e-01, -6.800418891303547e-02
  4.900000000000000e-01, -1.680022867309286e-02, -2.896880876153290e-01,  7.924669077805112e-02, -3.041803738574845e-03,  7.280086713369381e-01,  6.870867868796000e-03,  5.300397440935799e-02,  9.915109050798890e-01,  3.326424692341625e-03,  2.604020929179537e-01,  2.459056825517064e+00, -5.273877636558304e-01, -6.812950496754991e-02
  5.000000000000000e-01, -1.673022457786629e-02, -2.899497416830003e-01,  7.938316325292304e-02, -2.873385884379695e-03,  7.281191518567787e-01,  7.026522585050320e-03,  5.354846460358500e-02,  9.919289100690948e-01,  2.420264982881933e-03,  2.605166227981917e-01,  2.458944544638551e+00, -5.273997739860239e-01, -6.826323011774302e-02
  5.100000000000001e-01, -1.665644628444823e-02, -2.902234932352004e-01,  7.952621548214522e-02, -2.696323304003809e-03,  7.282357720472317e-01,  7.189807085490241e-03,  5.412249400668633e-02,  9.923552910643360e-01,  1.480817552793111e-03,  2.606317830169059e-01,  2.458830060133820e+00, -5.274195100328601e-01, -6.840559176568548e-02
  5.200000000000000e-01, -1.657900203423883e-02, -2.905087207746827e-01,  7.967555353087248e-02, -2.510921908131246e-03,  7.283583803968102e-01,  7.360396411202958e-03,  5.472522543795427e-02,  9.927884849636101e-01,  5.111779070738479e-04,  2.607470107916516e-01,  2.458714293927929e+00, -5.274473098683372e-01, -6.855680652611371e-02
  5.300000000000001e-01, -1.649801811413477e-02, -2.908047264548268e-01,  7.983084456067800e-02, -2.317533379597289e-03,  7.284867978037096e-01,  7.537922363590428e-03,  5.535567111451853e-02,  9.932268370430267e-01, -4.852577581741974e-04,  2.608616958478248e-01,  2.458598245237857e+00, -5.274835055235756e-01, -6.871708015675219e-02
  5.400000000000000e-01, -1.641363845714441e-02, -2.911107387996748e-01,  7.999171801877018e-02, -2.116554041400980e-03,  7.286208181179729e-01,  7.721974940697854e-03,  5.601269460358536e-02,  9.936686222730012e-01, -1.504807441382680e-03,  2.609751791975687e-01,  2.458482994956367e+00, -5.275284176069790e-01, -6.888660778338289e-02
  5.500000000000000e-01, -1.632602423793579e-02, -2.914259157490277e-01,  8.015776695917044e-02, -1.908423640790231e-03,  7.287602086628722e-01,  7.912103897815303e-03,  5.669501302826820e-02,  9.941120654387658e-01, -2.543520674465593e-03,  2.610867529078100e-01,  2.458369708132506e+00, -5.275823508435560e-01, -6.906557455074006e-02
  5.600000000000001e-01, -1.623535353032262e-02, -2.917493477857777e-01,  8.032854936946367e-02, -1.693624206809147e-03,  7.289047106288448e-01,  8.107820285090703e-03,  5.740119904044916e-02,  9.945553598881272e-01, -3.597197487522534e-03,  2.611956605730237e-01,  2.458259634623384e+00, -5.276455900694580e-01, -6.925415614167253e-02
  5.700000000000001e-01, -1.614182108652281e-02, -2.920800609259557e-01,  8.050358938918205e-02, -1.472679121444045e-03,  7.290540392460894e-01,  8.308597830550952e-03,  5.812968212329937e-02,  9.949966843893062e-01, -4.661408240934191e-03,  2.613010981595051e-01,  2.458154108602696e+00, -5.277183955082375e-01, -6.945251894834349e-02
  5.800000000000001e-01, -1.604563828726418e-02, -2.924170193798819e-01,  8.068237832115768e-02, -1.246152526537213e-03,  7.292078836564472e-01,  8.513874054537681e-03,  5.887874885045302e-02,  9.954342182545299e-01, -5.731513626268323e-03,  2.614022150589210e-01,  2.458054546649115e+00, -5.278009972133627e-01, -6.966081965693578e-02
  5.900000000000001e-01, -1.594703331915122e-02, -2.927591277011968e-01,  8.086437533793449e-02, -1.014649190314408e-03,  7.293659063963628e-01,  8.723051002143226e-03,  5.964654171532235e-02,  9.958661572210523e-01, -6.802684202207827e-03,  2.614981151949146e-01,  2.457962445252263e+00, -5.278935899961895e-01, -6.987920280888474e-02
  6.000000000000000e-01, -1.584625159491717e-02, -2.931052324522715e-01,  8.104900788789830e-02, -7.788148539529119e-04,  7.295277424539641e-01,  8.935495587398675e-03,  6.043105644076031e-02,  9.962907307301319e-01, -7.869919939370423e-03,  2.615878586922194e-01,  2.457879378133254e+00, -5.279963301211353e-01, -7.010779509293937e-02
  6.100000000000001e-01, -1.574355634043183e-02, -2.934541237482334e-01,  8.123567198230811e-02, -5.393368520478672e-04,  7.296929980145076e-01,  9.150539746535968e-03,  6.123013839037787e-02,  9.967062185453436e-01, -8.928071406922455e-03,  2.616704646127522e-01,  2.457806989973288e+00, -5.281093322139141e-01, -7.034669727766987e-02
  6.200000000000001e-01, -1.563922922004404e-02, -2.938045371368959e-01,  8.142373260617078e-02, -2.969447006987344e-04,  7.298612490986017e-01,  9.367480676032830e-03,  6.204147907865924e-02,  9.971109653035343e-01, -9.971864133592865e-03,  2.617449148603461e-01,  2.457746983807704e+00, -5.282326633866961e-01, -7.059597540740895e-02
  6.300000000000000e-01, -1.553357089027955e-02, -2.941551562435634e-01,  8.161252447672934e-02, -5.241038305479209e-05,  7.300320402622674e-01,  9.585581402312774e-03,  6.286261363806338e-02,  9.975033924785174e-01, -1.099592774407098e-02,  2.618101605024571e-01,  2.457701104523502e+00, -5.283663353864926e-01, -7.085565165927356e-02
  6.400000000000001e-01, -1.542690134149246e-02, -2.945046168066842e-01,  8.180135346787695e-02,  1.934520362288125e-04,  7.302048835700511e-01,  9.804072027386028e-03,  6.369092038092174e-02,  9.978820083751897e-01, -1.199483246244805e-02,  2.618651322572094e-01,  2.457671119933789e+00, -5.285102976278950e-01, -7.112569458263673e-02
  6.500000000000000e-01, -1.531955980122805e-02, -2.948515130071055e-01,  8.198949916996724e-02,  4.397880350071730e-04,  7.303792581921089e-01,  1.002215216787455e-02,  6.452362428457704e-02,  9.982454185854840e-01, -1.296313628873891e-02,  2.619087555319429e-01,  2.457658795698275e+00, -5.286644310623145e-01, -7.140600810064522e-02
  6.600000000000001e-01, -1.521190394026037e-02, -2.951944070853634e-01,  8.217621910666116e-02,  6.857061298194784e-04,  7.305546110243821e-01,  1.023899516059338e-02,  6.535780645583014e-02,  9.985923382482667e-01, -1.389544641959864e-02,  2.619399702901738e-01,  2.457665859049056e+00, -5.288285420766127e-01, -7.169641919100003e-02
  6.700000000000000e-01, -1.510430816953534e-02, -2.955318430389099e-01,  8.236075502998941e-02,  9.302837720043490e-04,  7.307303586691968e-01,  1.045375449909736e-02,  6.619042126958775e-02,  9.989216056543904e-01, -1.478649762988493e-02,  2.619577569786794e-01,  2.457693948218908e+00, -5.290023569076260e-01, -7.199666600791302e-02
  6.800000000000000e-01, -1.499716087581731e-02, -2.958623647765824e-01,  8.254234151869494e-02,  1.172575964187823e-03,  7.309058910248273e-01,  1.066557275610675e-02,  6.701832231566972e-02,  9.992321981101913e-01, -1.563124813234607e-02,  2.619611694526122e-01,  2.457744548533593e+00, -5.291855169937569e-01, -7.230638789358909e-02
  6.900000000000001e-01, -1.489086049636760e-02, -2.961845388276924e-01,  8.272021696964978e-02,  1.411626785856892e-03,  7.310805766711074e-01,  1.087359310916770e-02,  6.783829789597048e-02,  9.995232520188765e-01, -1.642499195593155e-02,  2.619493749127094e-01,  2.457818919735888e+00, -5.293775760736292e-01, -7.262511642493451e-02
  7.000000000000001e-01, -1.478581036687591e-02, -2.964969814852040e-01,  8.289363696647567e-02,  1.646483899534789e-03,  7.312537701848750e-01,  1.107697347436366e-02,  6.864711645433759e-02,  9.997940879645607e-01, -1.716348585120997e-02,  2.619217000537711e-01,  2.457918018459548e+00, -5.295780002683338e-01, -7.295226669123883e-02
  7.100000000000001e-01, -1.468241236679419e-02, -2.967983897905460e-01,  8.306188977707145e-02,  1.876215861545615e-03,  7.314248213961086e-01,  1.127490301084848e-02,  6.944158154939217e-02,  1.000044240511486e+00, -1.784308650470366e-02,  2.618776817613331e-01,  2.458042417222681e+00, -5.297861717798746e-01, -7.328713015065283e-02
  7.200000000000001e-01, -1.458105949886803e-02, -2.970875752666185e-01,  8.322431347562662e-02,  2.099931762507281e-03,  7.315930864249282e-01,  1.146662048338934e-02,  7.021859499739443e-02,  1.000273490295540e+00, -1.846089185525781e-02,  2.618171201454658e-01,  2.458192220609042e+00, -5.300013965433150e-01, -7.362887163453603e-02
  7.300000000000001e-01, -1.448212765948706e-02, -2.973634988883624e-01,  8.338031395945056e-02,  2.316802438054426e-03,  7.317579401512460e-01,  1.165143372165208e-02,  7.097522581395727e-02,  1.000481893775266e+00, -1.901487905903062e-02,  2.617401313584677e-01,  2.458366981790570e+00, -5.302229160102835e-01, -7.397653216457462e-02
  7.400000000000001e-01, -1.438596699244886e-02, -2.976253052903581e-01,  8.352938286788063e-02,  2.526082157374756e-03,  7.319187895522394e-01,  1.182873912482249e-02,  7.170878149902718e-02,  1.000669807186158e+00, -1.950403001937154e-02,  2.616471971112990e-01,  2.458565626392189e+00, -5.304499227721233e-01, -7.432903724030565e-02
  7.500000000000001e-01, -1.429289331597755e-02, -2.978723539328363e-01,  8.367111425152411e-02,  2.727129481729693e-03,  7.320750871864248e-01,  1.199803998337279e-02,  7.241687749561361e-02,  1.000837902673425e+00, -1.992843472923552e-02,  2.615392073593199e-01,  2.458786391411087e+00, -5.306815797341822e-01, -7.468520984620255e-02
  7.600000000000000e-01, -1.420318013930365e-02, -2.981042449999569e-01,  8.380521884637385e-02,  2.919425949052622e-03,  7.322263440436548e-01,  1.215896238692982e-02,  7.309750049349716e-02,  1.000987174805250e+00, -2.028936353880302e-02,  2.614174924441152e-01,  2.459026785060490e+00, -5.309170424129745e-01, -7.504378802679479e-02
  7.700000000000001e-01, -1.411705178209083e-02, -2.983208379890077e-01,  8.393153488306650e-02,  3.102591296278876e-03,  7.323721409753065e-01,  1.231126756292717e-02,  7.374906140970205e-02,  1.001118937314413e+00, -2.058930073439772e-02,  2.612838410607204e-01,  2.459283572480660e+00, -5.311554829893225e-01, -7.540344623029648e-02
  7.800000000000000e-01, -1.403494769067498e-02, -2.985222364238374e-01,  8.404990562675123e-02,  3.275982278871601e-03,  7.325116170125179e-01,  1.245461337464152e-02,  7.436837994991088e-02,  1.001222298950656e+00, -2.083650931426242e-02,  2.611544746410644e-01,  2.459556132726870e+00, -5.314137218468963e-01, -7.576250791724271e-02
  7.900000000000001e-01, -1.395642045297040e-02, -2.987088913658736e-01,  8.416070707186744e-02,  3.440376353789100e-03,  7.326455982799905e-01,  1.258956137119813e-02,  7.495907602133700e-02,  1.001325064966683e+00, -2.102635573519025e-02,  2.610031391485388e-01,  2.459832901967832e+00, -5.316546113532588e-01, -7.612023547024137e-02
  8.000000000000000e-01, -1.388181452504186e-02, -2.988814314711994e-01,  8.426403950564158e-02,  3.595404393911490e-03,  7.327733559060193e-01,  1.271603750968937e-02,  7.551877864091730e-02,  1.001415884769957e+00, -2.116966957191489e-02,  2.608480370600073e-01,  2.460112219517129e+00, -5.318964891564614e-01, -7.647493565763956e-02
  8.100000000000001e-01, -1.381111922804440e-02, -2.990407580776347e-01,  8.436027145516957e-02,  3.741299808977755e-03,  7.328948231842141e-01,  1.283437623201730e-02,  7.604785336055542e-02,  1.001497287133525e+00, -2.127321188343174e-02,  2.606924454279927e-01,  2.460388246450974e+00, -5.321385838189873e-01, -7.682529113605097e-02
  8.200000000000002e-01, -1.374427083008018e-02, -2.991879901486075e-01,  8.444988428418375e-02,  3.878430598524392e-03,  7.330100145668401e-01,  1.294503466105088e-02,  7.654709535679985e-02,  1.001571796557850e+00, -2.134458223622491e-02,  2.605401351045873e-01,  2.460654752877538e+00, -5.323804755034146e-01, -7.717004875649405e-02
  8.300000000000001e-01, -1.368115243900470e-02, -2.993244352439733e-01,  8.453346042523673e-02,  4.007292373005312e-03,  7.331190287282494e-01,  1.304858235231086e-02,  7.701772249368999e-02,  1.001642053998431e+00, -2.139198726937809e-02,  2.603951133144762e-01,  2.460905190292554e+00, -5.326218619020671e-01, -7.750804850055647e-02
  8.400000000000001e-01, -1.362159893168730e-02, -2.994515569218174e-01,  8.461166790580892e-02,  4.128492865783941e-03,  7.332220422145661e-01,  1.314568539504109e-02,  7.746133034563951e-02,  1.001710768276960e+00, -2.142406841903221e-02,  2.602615571128364e-01,  2.461132811350201e+00, -5.328625626308193e-01, -7.783824582994935e-02
  8.500000000000001e-01, -1.356540252073643e-02, -2.995709413033096e-01,  8.468524422870516e-02,  4.242735254382094e-03,  7.333193019583820e-01,  1.323708970286761e-02,  7.787984308692826e-02,  1.001780675155562e+00, -2.144973304749494e-02,  2.601437448209902e-01,  2.461330789633339e+00, -5.331025187624372e-01, -7.815973005425091e-02
  8.600000000000001e-01, -1.351220246907850e-02, -2.996843093114541e-01,  8.475505000976329e-02,  4.350987233116679e-03,  7.334113381881221e-01,  1.332372212340768e-02,  7.827636083974529e-02,  1.001859912704252e+00, -2.147628156290250e-02,  2.600402538173440e-01,  2.461490552465860e+00, -5.333341829218839e-01, -7.847179288533250e-02
  8.700000000000001e-01, -1.346197425398152e-02, -2.997933213819589e-01,  8.482177335171573e-02,  4.453695976654930e-03,  7.334980341461578e-01,  1.340619222454850e-02,  7.865137938364132e-02,  1.001939369523951e+00, -2.151657495957559e-02,  2.599680279307735e-01,  2.461609166890633e+00, -5.335743973577030e-01, -7.877367387081317e-02
  8.800000000000001e-01, -1.341432166192321e-02, -2.998997502550918e-01,  8.488631267922508e-02,  4.551896819437736e-03,  7.335799833168940e-01,  1.348547474723910e-02,  7.900824726615845e-02,  1.002026515149150e+00, -2.157777127228020e-02,  2.599260674666950e-01,  2.461678460664486e+00, -5.338166702956318e-01, -7.906508358202430e-02
  8.900000000000000e-01, -1.336882827218976e-02, -3.000054396116739e-01,  8.494960481672027e-02,  4.646673828524438e-03,  7.336578111735081e-01,  1.356258630397750e-02,  7.935045484910734e-02,  1.002127672407819e+00, -2.166729569746286e-02,  2.599144776875429e-01,  2.461691687891929e+00, -5.340561853543623e-01, -7.934571492857914e-02
  9.000000000000001e-01, -1.332520641285041e-02, -3.001121373226018e-01,  8.501249103503650e-02,  4.738893998837574e-03,  7.337319025650653e-01,  1.363839612129868e-02,  7.968049099306243e-02,  1.002243343794709e+00, -2.179410917850742e-02,  2.599394953936425e-01,  2.461643380952345e+00, -5.342964655735133e-01, -7.961550495939294e-02
  9.100000000000001e-01, -1.328310214479211e-02, -3.002216024526941e-01,  8.507584682326291e-02,  4.829527472512978e-03,  7.338027697263606e-01,  1.371383487362391e-02,  8.000134155096511e-02,  1.002376141473083e+00, -2.196611706492628e-02,  2.600048810105615e-01,  2.461528109380726e+00, -5.345381495975435e-01, -7.987456828091591e-02
  9.200000000000000e-01, -1.324215173715273e-02, -3.003355881003834e-01,  8.514054995147140e-02,  4.919558232076569e-03,  7.338709443459549e-01,  1.378983910422506e-02,  8.031606081880187e-02,  1.002528435011173e+00, -2.219102912417897e-02,  2.601145913833514e-01,  2.461340826706560e+00, -5.347824177299251e-01, -8.012318882019973e-02
  9.300000000000000e-01, -1.320198174155806e-02, -3.004557593500258e-01,  8.520744688113946e-02,  5.009963599087913e-03,  7.339369855907883e-01,  1.386732230513589e-02,  8.062776501394983e-02,  1.002703246520781e+00, -2.247568764868539e-02,  2.602715426688612e-01,  2.461077097231266e+00, -5.350296465345544e-01, -8.036193795482233e-02
  9.400000000000002e-01, -1.316220809326599e-02, -3.005838038326025e-01,  8.527739840059329e-02,  5.101743113743278e-03,  7.340014708644934e-01,  1.394721461498031e-02,  8.093965830148633e-02,  1.002903399508213e+00, -2.282694541752221e-02,  2.604790761977778e-01,  2.460732700379226e+00, -5.352808994640076e-01, -8.059152165932074e-02
  9.500000000000002e-01, -1.312244316942582e-02, -3.007213647007064e-01,  8.535124912140511e-02,  5.195891275008483e-03,  7.340649887570619e-01,  1.403043303193306e-02,  8.125497512589343e-02,  1.003131927148099e+00, -2.325124107139315e-02,  2.607403096912231e-01,  2.460303922896181e+00, -5.355373172998004e-01, -8.081288106900787e-02
  9.600000000000001e-01, -1.308228947133076e-02, -3.008700514385861e-01,  8.542983473012307e-02,  5.293409814684883e-03,  7.341281502313447e-01,  1.411789072872839e-02,  8.157704025516734e-02,  1.003392649204595e+00, -2.375455882145944e-02,  2.610577277947655e-01,  2.459787259706306e+00, -5.357994463284618e-01, -8.102716458875912e-02
  9.700000000000000e-01, -1.304136172636177e-02, -3.010314931397690e-01,  8.551399407861254e-02,  5.395287732303984e-03,  7.341915403882077e-01,  1.421049640025228e-02,  8.190910075220308e-02,  1.003688158950704e+00, -2.434327439044032e-02,  2.614354081181534e-01,  2.459180058439486e+00, -5.360701902439212e-01, -8.123570628753284e-02
  9.800000000000002e-01, -1.299925779534847e-02, -3.012072777694618e-01,  8.560455723448321e-02,  5.502529973237674e-03,  7.342557808585768e-01,  1.430915823811684e-02,  8.225456620889915e-02,  1.004022887177600e+00, -2.502309738883382e-02,  2.618759046280523e-01,  2.458479507735950e+00, -5.363505664669058e-01, -8.144005214989218e-02
  9.900000000000001e-01, -1.295558209291096e-02, -3.013990051722530e-01,  8.570235698251258e-02,  5.616136141772174e-03,  7.343214795748753e-01,  1.441478234862450e-02,  8.261683797049242e-02,  1.004401234357066e+00, -2.579992556290552e-02,  2.623823924314970e-01,  2.457683200776913e+00, -5.366424776005925e-01, -8.164190360395678e-02
  1.000000000000000e+00, -1.290994391785756e-02, -3.016082828007817e-01,  8.580822775580642e-02,  5.737100731634254e-03,  7.343892333230135e-01,  1.452827193894807e-02,  8.299933064859244e-02,  1.004828062979431e+00, -2.667977349217032e-02,  2.629582696386626e-01,  2.456788932004000e+00, -5.369480926141638e-01, -8.184310124255195e-02
  1.010000000000000e+00, -1.286196308938970e-02, -3.018367301174627e-01,  8.592300520064584e-02,  5.866407230072407e-03,  7.344596173940419e-01,  1.465052452183379e-02,  8.340544645134558e-02,  1.005308713486984e+00, -2.766888595698971e-02,  2.636072628614616e-01,  2.455794623031526e+00, -5.372698868506163e-01, -8.204558922073492e-02
  1.020000000000000e+00, -1.281127631389950e-02, -3.020859788483843e-01,  8.604752350340715e-02,  6.005018085334969e-03,  7.345331726298147e-01,  1.478242600010544e-02,  8.383853856047595e-02,  1.005848996436062e+00, -2.877384503516570e-02,  2.643335354324604e-01,  2.454698234274719e+00, -5.376106832937257e-01, -8.225137016532411e-02
  1.030000000000000e+00, -1.275754576968935e-02, -3.023576671565699e-01,  8.618260933849156e-02,  6.153860614767360e-03,  7.346103894007989e-01,  1.492484108158313e-02,  8.430186053937953e-02,  1.006455151857806e+00, -3.000166128955034e-02,  2.651417937386222e-01,  2.453497679069875e+00, -5.379736955389609e-01, -8.246244922961822e-02
  1.040000000000000e+00, -1.270046978306068e-02, -3.026534255872590e-01,  8.632907150354258e-02,  6.313807587400047e-03,  7.346916882585119e-01,  1.507859893343065e-02,  8.479849918088717e-02,  1.007133765694485e+00, -3.135983690283146e-02,  2.660373851726328e-01,  2.452190763127633e+00, -5.383625711209952e-01, -8.268076688981239e-02
  1.050000000000000e+00, -1.263979570123352e-02, -3.029748528307374e-01,  8.648768539270457e-02,  6.485651911920522e-03,  7.347773973347195e-01,  1.524447336297444e-02,  8.533128927236995e-02,  1.007891634075416e+00, -3.285638712023128e-02,  2.670263783611043e-01,  2.450775165292880e+00, -5.387814326480566e-01, -8.290812222670031e-02
  1.060000000000000e+00, -1.257533482154200e-02, -3.033234797257008e-01,  8.665917171200219e-02,  6.670075270382419e-03,  7.348677269625569e-01,  1.542315713971570e-02,  8.590271016388816e-02,  1.008735568721324e+00, -3.449980565236822e-02,  2.681156136324512e-01,  2.449248466262724e+00, -5.392349140961069e-01, -8.314609009319408e-02
  1.070000000000000e+00, -1.250697894296528e-02, -3.037007204353036e-01,  8.684416916525967e-02,  6.867611016714893e-03,  7.349627424487573e-01,  1.561523047016036e-02,  8.651476567005109e-02,  1.009672141477281e+00, -3.629895939949022e-02,  2.693127098117609e-01,  2.447608230962367e+00, -5.397281881125516e-01, -8.339593579736392e-02
  1.080000000000000e+00, -1.243471781251788e-02, -3.041078106183747e-01,  8.704320133450064e-02,  7.078602362257487e-03,  7.350623364438259e-01,  1.582112423106312e-02,  8.716885094294605e-02,  1.010707372468895e+00, -3.826289958967323e-02,  2.706260121535395e-01,  2.445852153625204e+00, -5.402669761285835e-01, -8.365853144420717e-02
  1.090000000000000e+00, -1.235865638260028e-02, -3.045457337338248e-01,  8.725663867503468e-02,  7.303157747821242e-03,  7.351662029296616e-01,  1.604107934652317e-02,  8.786561251755884e-02,  1.011846372542646e+00, -4.040058064081536e-02,  2.720644664576201e-01,  2.443978273486890e+00, -5.408575310178634e-01, -8.393428046249450e-02
  1.100000000000000e+00, -1.227902184095385e-02, -3.050150893261496e-01,  8.748464110452515e-02,  7.541106895766322e-03,  7.352738368850887e-01,  1.627509484552523e-02,  8.860483118792757e-02,  1.013092352103921e+00, -4.271999172316499e-02,  2.736371125848818e-01,  2.441985867312047e+00, -5.415068435102299e-01, -8.422337891395157e-02
  1.110000000000000e+00, -1.219621095869403e-02, -3.055162055241417e-01,  8.772718276938174e-02,  7.791957082528522e-03,  7.353844314875656e-01,  1.652292679642273e-02,  8.938521130288063e-02,  1.014448721914736e+00, -4.522970874973463e-02,  2.753539834835517e-01,  2.439873348265482e+00, -5.422215000688821e-01, -8.452445805217705e-02
  1.120000000000000e+00, -1.211074233728976e-02, -3.060487494029737e-01,  8.798391277393745e-02,  8.054866692639393e-03,  7.354970098978084e-01,  1.678399379716179e-02,  9.020442398468997e-02,  1.015914919423305e+00, -4.793527679317387e-02,  2.772238717205395e-01,  2.437642382332101e+00, -5.430091806241452e-01, -8.483660115974755e-02
  1.130000000000000e+00, -1.202329277865697e-02, -3.066118573175808e-01,  8.825419179019850e-02,  8.328622021185721e-03,  7.356103421128223e-01,  1.705739203610928e-02,  9.105895739501506e-02,  1.017488737143452e+00, -5.084072030976739e-02,  2.792550755995821e-01,  2.435295789023229e+00, -5.438773484626086e-01, -8.515798806954074e-02
  1.140000000000000e+00, -1.193469511482917e-02, -3.072040823729739e-01,  8.853707061050821e-02,  8.611626195284114e-03,  7.357229548616417e-01,  1.734187977803354e-02,  9.194408130369541e-02,  1.019166153593756e+00, -5.394811694953736e-02,  2.814550852325224e-01,  2.432838556525583e+00, -5.448332106327024e-01, -8.548578798342056e-02
  1.150000000000000e+00, -1.184585051748529e-02, -3.078231305399232e-01,  8.883121976267269e-02,  8.901963789337677e-03,  7.358333283411858e-01,  1.763586182847958e-02,  9.285416649897477e-02,  1.020938526500033e+00, -5.725426952340598e-02,  2.838277735368491e-01,  2.430278243093714e+00, -5.458837901040422e-01, -8.581838743323543e-02
  1.160000000000000e+00, -1.175780621724236e-02, -3.084662293637497e-01,  8.913504545824390e-02,  9.197374875702305e-03,  7.359397092268616e-01,  1.793745249265153e-02,  9.378242830390923e-02,  1.022797140935731e+00, -6.075464091857135e-02,  2.863762544638283e-01,  2.427624747184099e+00, -5.470348910567091e-01, -8.615219246791272e-02
  1.170000000000000e+00, -1.167163920855977e-02, -3.091297936250892e-01,  8.944660294700978e-02,  9.495344968832713e-03,  7.360403697703952e-01,  1.824445987854419e-02,  9.472132049354132e-02,  1.024728956854792e+00, -6.443908108298055e-02,  2.890997263138104e-01,  2.424893642407675e+00, -5.482923340715058e-01, -8.648449960232565e-02
  1.180000000000000e+00, -1.158846778855329e-02, -3.098099967107057e-01,  8.976382563690309e-02,  9.793230660885352e-03,  7.361335286702243e-01,  1.855457675520757e-02,  9.566293113073841e-02,  1.026723872774714e+00, -6.829615447126385e-02,  2.919946740003818e-01,  2.422094301370442e+00, -5.496568739222191e-01, -8.681120965085677e-02
  1.190000000000000e+00, -1.150935088880700e-02, -3.105021681454975e-01,  9.008432139830704e-02,  1.008825840366829e-02,  7.362176062733359e-01,  1.886525664706401e-02,  9.659892789674358e-02,  1.028765930828112e+00, -7.230722558601670e-02,  2.950527146029588e-01,  2.419247033377161e+00, -5.511306477826660e-01, -8.712995465983370e-02
  1.200000000000000e+00, -1.143528903912640e-02, -3.112013772831718e-01,  9.040561194677579e-02,  1.037766983098709e-02,  7.362911643407118e-01,  1.917391744892458e-02,  9.752102057847375e-02,  1.030840326183653e+00, -7.645071748331173e-02,  2.982617822610437e-01,  2.416370929536782e+00, -5.527122498454026e-01, -8.743808811980883e-02
  1.210000000000000e+00, -1.136717474008139e-02, -3.119024191689995e-01,  9.072514909760661e-02,  1.065879288440161e-02,  7.363530032711092e-01,  1.947797885637229e-02,  9.842116879148931e-02,  1.032932278069320e+00, -8.070125490308919e-02,  3.016057076868665e-01,  2.413486279619200e+00, -5.543976447414130e-01, -8.773337816592924e-02
  1.220000000000000e+00, -1.130576155479344e-02, -3.125999253954641e-01,  9.104037440317715e-02,  1.092911662789654e-02,  7.364022104019561e-01,  1.977492711246936e-02,  9.929179919466394e-02,  1.035027494971095e+00, -8.503000809520665e-02,  3.050643598107932e-01,  2.410614008956886e+00, -5.561800458965975e-01, -8.801410052821432e-02
  1.230000000000000e+00, -1.125170224066259e-02, -3.132884335908392e-01,  9.134873102971063e-02,  1.118625142684023e-02,  7.364380787766582e-01,  2.006230570929281e-02,  1.001255670531311e-01,  1.037112329536240e+00, -8.940583648392543e-02,  3.086155193742289e-01,  2.407780875841284e+00, -5.580516628438211e-01, -8.827798194167710e-02
  1.240000000000000e+00, -1.120528912000054e-02, -3.139626064456421e-01,  9.164787122071869e-02,  1.142837825616484e-02,  7.364605866080726e-01,  2.033801402870216e-02,  1.009171126752290e-01,  1.039174619667391e+00, -9.379276926759354e-02,  3.122290305244667e-01,  2.404996184811293e+00, -5.599970913369593e-01, -8.852682809546987e-02
  1.250000000000000e+00, -1.116681956161693e-02, -3.146171428201518e-01,  9.193545640657368e-02,  1.165367375544760e-02,  7.364696986442342e-01,  2.059996108570904e-02,  1.016606820181021e-01,  1.041203106417608e+00, -9.815521272769089e-02,  3.158769195600030e-01,  2.402285344284717e+00, -5.620036276336856e-01, -8.875954157464731e-02
  1.260000000000000e+00, -1.113634828766639e-02, -3.152469420465969e-01,  9.220933697660762e-02,  1.186072795898758e-02,  7.364658280189147e-01,  2.084633481685539e-02,  1.023517768153719e-01,  1.043187621883149e+00, -1.024552230711240e-01,  3.195276805073979e-01,  2.399667228450172e+00, -5.640552258809929e-01, -8.897689322663839e-02
  1.270000000000000e+00, -1.111375902637373e-02, -3.158471413518360e-01,  9.246753651825540e-02,  1.204844655711682e-02,  7.364496932456652e-01,  2.107555260363542e-02,  1.029867338751610e-01,  1.045118979152240e+00, -1.066539432805741e-01,  3.231486501917579e-01,  2.397159505783048e+00, -5.661346265073253e-01, -8.918027664020754e-02
  1.280000000000000e+00, -1.109877925487603e-02, -3.164131611966133e-01,  9.270826483522647e-02,  1.221604134990050e-02,  7.364222846037801e-01,  2.128626365171628e-02,  1.035626751598318e-01,  1.046988796068385e+00, -1.107121880626442e-01,  3.267067959699755e-01,  2.394778557255722e+00, -5.682239554251771e-01, -8.937165664604679e-02
  1.290000000000000e+00, -1.109100005100642e-02, -3.169407401657010e-01,  9.292992430513591e-02,  1.236301030395038e-02,  7.363848218469521e-01,  2.147734352184742e-02,  1.040774315094935e-01,  1.048789302307054e+00, -1.145910302464264e-01,  3.301694841597834e-01,  2.392539425037680e+00, -5.703053051894932e-01, -8.955348851239495e-02
  1.300000000000000e+00, -1.108990028350891e-02, -3.174259595057562e-01,  9.313110992209320e-02,  1.248910835083317e-02,  7.363387047429741e-01,  2.164788152351380e-02,  1.045294458298842e-01,  1.050513159648222e+00, -1.182523761618359e-01,  3.335051865987573e-01,  2.390455759370909e+00, -5.723612444906300e-01, -8.972860530430188e-02
  1.310000000000000e+00, -1.109482233646977e-02, -3.178653286890490e-01,  9.331065635751903e-02,  1.259440723101724e-02,  7.362855512448437e-01,  2.179723106674535e-02,  1.049180720526919e-01,  1.052154038983557e+00, -1.216591997279278e-01,  3.366827053308274e-01,  2.388534074478184e+00, -5.743731835785367e-01, -8.990086948647691e-02
  1.320000000000000e+00, -1.110520807469315e-02, -3.182555166599047e-01,  9.346742086702632e-02,  1.267886993138437e-02,  7.362267689708085e-01,  2.192471384123368e-02,  1.052418405136607e-01,  1.053703729937650e+00, -1.247773789100797e-01,  3.396772160770677e-01,  2.386796313529302e+00, -5.763297432366106e-01, -9.007182372488048e-02
  1.330000000000000e+00, -1.112031998875723e-02, -3.185937750925150e-01,  9.360058466783291e-02,  1.274288274921508e-02,  7.361640513969471e-01,  2.203000621988214e-02,  1.055007897600707e-01,  1.055156431353389e+00, -1.275742824899158e-01,  3.424623933521986e-01,  2.385245486461115e+00, -5.782147247801815e-01, -9.024530128797414e-02
  1.340000000000000e+00, -1.113947505878996e-02, -3.188776667618118e-01,  9.370943539495169e-02,  1.278683198848999e-02,  7.360989539682958e-01,  2.211284445485362e-02,  1.056947724051321e-01,  1.056506037906505e+00, -1.300205447283788e-01,  3.450162848125505e-01,  2.383888300301008e+00, -5.800152873113917e-01, -9.042407510525684e-02
  1.350000000000000e+00, -1.116201251351777e-02, -3.191051496795261e-01,  9.379341668146901e-02,  1.281117505872631e-02,  7.360329484246303e-01,  2.217308186048008e-02,  1.058238941082751e-01,  1.057747586207324e+00, -1.320901284288751e-01,  3.473198257064301e-01,  2.382726590240430e+00, -5.817188971023017e-01, -9.061067054149623e-02
  1.360000000000000e+00, -1.118732571426333e-02, -3.192744649973694e-01,  9.385206749794224e-02,  1.281636385432225e-02,  7.359673729391696e-01,  2.221062262099049e-02,  1.058881418691217e-01,  1.058874862226414e+00, -1.337600659498301e-01,  3.493581539609023e-01,  2.381766787454488e+00, -5.833170636260923e-01, -9.080692282798497e-02
  1.370000000000000e+00, -1.121489780291965e-02, -3.193841615916117e-01,  9.388501628559824e-02,  1.280279745477694e-02,  7.359033614788458e-01,  2.222540015364427e-02,  1.058875182284663e-01,  1.059883748435123e+00, -1.350110822360844e-01,  3.511195783370005e-01,  2.381007256704231e+00, -5.848002716496333e-01, -9.101400315013319e-02
  1.380000000000000e+00, -1.124425221322073e-02, -3.194329928909975e-01,  9.389196064965200e-02,  1.277087091822036e-02,  7.358419498982807e-01,  2.221738353813096e-02,  1.058220973237671e-01,  1.060769296463019e+00, -1.358261161483028e-01,  3.525950848833618e-01,  2.380445100671968e+00, -5.861604342125432e-01, -9.123290372442885e-02
  1.390000000000000e+00, -1.127508416977018e-02, -3.194197762980450e-01,  9.387254972666811e-02,  1.272074005902915e-02,  7.357838368229321e-01,  2.218641617813554e-02,  1.056912055580200e-01,  1.061525758231020e+00, -1.361913546504476e-01,  3.537804652599010e-01,  2.380079214217321e+00, -5.873918289728971e-01, -9.146283822398188e-02
  1.400000000000000e+00, -1.130703577342682e-02, -3.193433789964754e-01,  9.382648002726383e-02,  1.265265893195847e-02,  7.357298188687346e-01,  2.213240312906929e-02,  1.054949222330133e-01,  1.062148547793667e+00, -1.360924083896016e-01,  3.546697405103733e-01,  2.379887479398370e+00, -5.884817441436218e-01, -9.170440018838616e-02
  1.410000000000000e+00, -1.134005933421154e-02, -3.192021565790519e-01,  9.375309889650318e-02,  1.256628503969879e-02,  7.356801462020346e-01,  2.205480435184403e-02,  1.052309777911940e-01,  1.062626539919769e+00, -1.355161575852778e-01,  3.552642842729936e-01,  2.379866780746213e+00, -5.894254960553846e-01, -9.195441102792745e-02
  1.420000000000000e+00, -1.137421535640072e-02, -3.189934361448505e-01,  9.365128225592514e-02,  1.246085321140249e-02,  7.356349631182149e-01,  2.195262637952316e-02,  1.048958874574236e-01,  1.062945953004244e+00, -1.344433339286583e-01,  3.555615629111289e-01,  2.380001589815651e+00, -5.902089479842130e-01, -9.220845991702012e-02
  1.430000000000000e+00, -1.145088343372199e-02, -3.182684664674417e-01,  9.331671050991733e-02,  1.215841678422585e-02,  7.355588875293940e-01,  2.163351946932463e-02,  1.041081221419331e-01,  1.065826235509626e+00, -1.299659961692805e-01,  3.512298717122370e-01,  2.379883985872969e+00, -5.841398245504553e-01, -9.096566463714324e-02
  1.440000000000000e+00, -1.151230544955243e-02, -3.175623438322928e-01,  9.299697728271018e-02,  1.188416809007752e-02,  7.355103129740321e-01,  2.133393248074752e-02,  1.033579568684591e-01,  1.067908938319222e+00, -1.254179938488454e-01,  3.474450483913390e-01,  2.380759884911852e+00, -5.799280242348198e-01, -9.027119592153314e-02
  1.450000000000000e+00, -1.155852991050138e-02, -3.169678266974884e-01,  9.273036986801389e-02,  1.166176482417329e-02,  7.354799899065889e-01,  2.108631877182567e-02,  1.025606509285025e-01,  1.066895454173172e+00, -1.216100409175939e-01,  3.464753832053527e-01,  2.381604285763733e+00, -5.801984216735603e-01, -9.060960313105648e-02
  1.460000000000000e+00, -1.155852991050138e-02, -3.169678266974884e-01,  9.273036986801389e-02,  1.166176482417329e-02,  7.354799899065889e-01,  2.108631877182567e-02,  1.025606509285025e-01,  1.066895454173172e+00, -1.216100409175939e-01,  3.464753832053527e-01,  2.381604285763733e+00, -5.801984216735603e-01, -9.060960313105648e-02
