Main.Studies.MarkerTracking.t,Main.Studies.MarkerTracking.JointAngleOutputs.OutputFile_LeftArm.SternoClavicularProtraction,Main.Studies.MarkerTracking.JointAngleOutputs.OutputFile_LeftArm.SternoClavicularElevation,Main.Studies.MarkerTracking.JointAngleOutputs.OutputFile_LeftArm.SternoClavicularAxialRotation,Main.Studies.MarkerTracking.JointAngleOutputs.OutputFile_LeftArm.AcromioClavicularProtraction,Main.Studies.MarkerTracking.JointAngleOutputs.OutputFile_LeftArm.AcromioClavicularMedialRotation,Main.Studies.MarkerTracking.JointAngleOutputs.OutputFile_LeftArm.AcromioClavicularPosteriorTilt,Main.Studies.MarkerTracking.JointAngleOutputs.OutputFile_LeftArm.GlenohumeralFlexion,Main.Studies.MarkerTracking.JointAngleOutputs.OutputFile_LeftArm.GlenohumeralExternalRotation,Main.Studies.MarkerTracking.JointAngleOutputs.OutputFile_LeftArm.GlenohumeralAbduction,Main.Studies.MarkerTracking.JointAngleOutputs.OutputFile_LeftArm.ElbowFlexion,Main.Studies.MarkerTracking.JointAngleOutputs.OutputFile_LeftArm.ElbowPronation,Main.Studies.MarkerTracking.JointAngleOutputs.OutputFile_LeftArm.WristFlexion,Main.Studies.MarkerTracking.JointAngleOutputs.OutputFile_LeftArm.WristAbduction
  1.002000000000000e+01, -2.679273660703897e-01,  7.000695875650353e-02, -1.669113322094879e-02,  7.162012105575570e-01,  1.173265019590630e-02, -1.669113322093549e-02,  2.115675633803438e-03, -3.763167222912318e-02,  5.989014759914908e-02,  5.616151362025601e-01,  2.358957216879383e-01,  7.150004785499884e-01,  6.479405517288526e-02
  1.003000000000000e+01, -2.674398960397997e-01,  6.970359460502995e-02, -1.721703445778564e-02,  7.154545261493079e-01,  1.243739191320281e-02, -1.721703445808228e-02, -1.593064989171999e-03, -3.788248266554642e-02,  5.603676370905803e-02,  5.507625974376748e-01,  2.370843694272610e-01,  7.098776907478133e-01,  6.539200525178905e-02
  1.004000000000000e+01, -2.670331563265654e-01,  6.945649541388921e-02, -1.762946643718948e-02,  7.148751502133146e-01,  1.299765307497802e-02, -1.762946643728395e-02, -4.285738503415848e-03, -3.792607143021651e-02,  5.302081109034711e-02,  5.383628282141196e-01,  2.452701740686959e-01,  7.060196035009416e-01,  6.602988093115204e-02
  1.005000000000000e+01, -2.666644467396336e-01,  6.923295861632739e-02, -1.800121718199172e-02,  7.143533354855433e-01,  1.350361058822802e-02, -1.800121718196088e-02, -6.696054311568389e-03, -3.737594058038401e-02,  5.030201981536461e-02,  5.237715331094093e-01,  2.644907971067766e-01,  7.056108813034818e-01,  6.716356374237452e-02
  1.006000000000000e+01, -2.660330266311324e-01,  6.888691419032300e-02, -1.847769442632974e-02,  7.137253745860149e-01,  1.419892108484166e-02, -1.847769442627566e-02, -8.371378938246687e-03, -3.815839729059625e-02,  4.686210632932396e-02,  5.097492474015576e-01,  2.757009084050803e-01,  7.017763878983554e-01,  6.835066476107804e-02
  1.007000000000000e+01, -2.655844096677756e-01,  6.863264594758167e-02, -1.885261770074829e-02,  7.132185352022747e-01,  1.473239480767696e-02, -1.885261770070706e-02, -1.012248926018211e-02, -3.811491886167365e-02,  4.413999805757018e-02,  4.968053825804727e-01,  2.888783404927977e-01,  6.945262002181423e-01,  6.907511368641137e-02
  1.008000000000000e+01, -2.651244917478031e-01,  6.836326471112764e-02, -1.927468566589697e-02,  7.126361201668735e-01,  1.532021201015610e-02, -1.927468566583360e-02, -1.249855184681348e-02, -3.943827213507946e-02,  4.106129793230048e-02,  4.851387782772639e-01,  2.940827441604787e-01,  6.904987643303895e-01,  6.963843143538233e-02
  1.009000000000000e+01, -2.646820647134778e-01,  6.809941871791092e-02, -1.970101228024852e-02,  7.120419448994602e-01,  1.590794535422058e-02, -1.970101228012453e-02, -1.509838788149853e-02, -3.952449947476461e-02,  3.794391215452848e-02,  4.737078952988935e-01,  3.020313930505477e-01,  6.850642103932123e-01,  7.058725449399163e-02
  1.010000000000000e+01, -2.646490685574352e-01,  6.801834703087017e-02, -1.999964364256630e-02,  7.115546644471051e-01,  1.623894704608397e-02, -1.999964364243861e-02, -1.938747858402534e-02, -3.833544911709622e-02,  3.568074256723035e-02,  4.635180276182715e-01,  3.127970205885637e-01,  6.782909655823479e-01,  7.211527137484923e-02
  1.011000000000000e+01, -2.647673511007877e-01,  6.798364300487703e-02, -2.034315717091245e-02,  7.109542973356267e-01,  1.657421315516716e-02, -2.034315717074871e-02, -2.571248605996046e-02, -3.668434316263106e-02,  3.303314606408537e-02,  4.558030547520610e-01,  3.159043622531758e-01,  6.755463969551019e-01,  7.237844375469549e-02
  1.012000000000000e+01, -2.649126366957204e-01,  6.795271087743116e-02, -2.071431588503912e-02,  7.103014376132966e-01,  1.693156514632088e-02, -2.071431588488367e-02, -3.270137884321955e-02, -3.591649920723185e-02,  3.016793309290437e-02,  4.493428738532207e-01,  3.164722153479492e-01,  6.712243831478895e-01,  7.288355111355113e-02
  1.013000000000000e+01, -2.648782088177107e-01,  6.785321343044992e-02, -2.109075639540831e-02,  7.096860126254153e-01,  1.734740662438106e-02, -2.109075639521879e-02, -3.817099107297373e-02, -3.602181416402925e-02,  2.731346472411831e-02,  4.424815891711000e-01,  3.229671330619323e-01,  6.687339874140483e-01,  7.371884732241454e-02
  1.014000000000000e+01, -2.652270915403918e-01,  6.792633281154981e-02, -2.134144336982250e-02,  7.091814635599742e-01,  1.751569674918030e-02, -2.134144336958838e-02, -4.512184131016328e-02, -3.566174802539453e-02,  2.530842627107893e-02,  4.372230639768517e-01,  3.310821503566224e-01,  6.663912102814122e-01,  7.400283114819298e-02
  1.015000000000000e+01, -2.657545144928776e-01,  6.806762849677428e-02, -2.158679878463432e-02,  7.086404788286741e-01,  1.762610536770182e-02, -2.158679878444916e-02, -5.357814432376173e-02, -3.369240259854165e-02,  2.329465185174583e-02,  4.361163753177985e-01,  3.285694308659280e-01,  6.589188297273143e-01,  7.310949411401797e-02
  1.016000000000000e+01, -2.664715795305926e-01,  6.829017290573525e-02, -2.178810117093706e-02,  7.081243669009731e-01,  1.763361800769525e-02, -2.178810117077908e-02, -6.304431099212371e-02, -3.305975639312558e-02,  2.156376357557424e-02,  4.369665483747808e-01,  3.149605560953809e-01,  6.479174868344275e-01,  7.150167342159608e-02
  1.017000000000000e+01, -2.674330604752422e-01,  6.863188225680816e-02, -2.186968894611283e-02,  7.077441745889014e-01,  1.744060585162033e-02, -2.186968894592499e-02, -7.284819556454014e-02, -3.210750413546785e-02,  2.067539496464458e-02,  4.381243946638474e-01,  3.076770997888789e-01,  6.411846736339477e-01,  7.147309596821613e-02
  1.018000000000000e+01, -2.686561566789541e-01,  6.910001009838695e-02, -2.182789331662245e-02,  7.075010355286782e-01,  1.703824172234203e-02, -2.182789331642916e-02, -8.308907081084138e-02, -3.134119374939854e-02,  2.065139155187258e-02,  4.417106434432151e-01,  3.024901545244432e-01,  6.399418813304152e-01,  7.225084720822728e-02
  1.019000000000000e+01, -2.700020931146209e-01,  6.961085185312621e-02, -2.180052305152107e-02,  7.072021326359580e-01,  1.661591567864984e-02, -2.180052305137847e-02, -9.464543160002781e-02, -3.062789992945239e-02,  2.048268552126179e-02,  4.473833976556127e-01,  2.866464753040380e-01,  6.333750053641185e-01,  7.258853718086795e-02
  1.020000000000000e+01, -2.713749470575584e-01,  7.013935041759201e-02, -2.174005271294003e-02,  7.069503826515646e-01,  1.615043880867906e-02, -2.174005271276639e-02, -1.059366064564351e-01, -2.967210943020180e-02,  2.055670601799183e-02,  4.525860961593166e-01,  2.751194673552894e-01,  6.278974266627535e-01,  7.235421252399177e-02
  1.021000000000000e+01, -2.727425456208186e-01,  7.066425986839331e-02, -2.168649474442081e-02,  7.066879055528102e-01,  1.569435506398653e-02, -2.168649474424674e-02, -1.172890144457663e-01, -2.863198085794462e-02,  2.057864653254744e-02,  4.578580109988110e-01,  2.630077000338371e-01,  6.213483564661502e-01,  7.303295311794596e-02
  1.022000000000000e+01, -2.739528020494697e-01,  7.111072772666671e-02, -2.171777815836115e-02,  7.063254581975341e-01,  1.537583022864708e-02, -2.171777815820777e-02, -1.285393780131421e-01, -2.713124513501755e-02,  2.000101347655004e-02,  4.626518378259318e-01,  2.490397101192338e-01,  6.136167268457600e-01,  7.254257180456794e-02
  1.023000000000000e+01, -2.754913240063411e-01,  7.170853510663533e-02, -2.162540070648817e-02,  7.060817342611250e-01,  1.482901243054013e-02, -2.162540070630333e-02, -1.408240568273997e-01, -2.555252934857679e-02,  2.026696595281611e-02,  4.683238090144722e-01,  2.405716610892553e-01,  6.103458978462721e-01,  7.322890169665917e-02
  1.024000000000000e+01, -2.767516612693823e-01,  7.215601526702153e-02, -2.173417042195492e-02,  7.055780630198880e-01,  1.458000235675572e-02, -2.173417042179655e-02, -1.537047857529632e-01, -2.257956503824580e-02,  1.908783286082683e-02,  4.734067507424635e-01,  2.265932540940865e-01,  6.055650558469505e-01,  7.305407529902234e-02
  1.025000000000000e+01, -2.777424281098407e-01,  7.252547397354858e-02, -2.174236334263571e-02,  7.053090815464672e-01,  1.430122432524916e-02, -2.174236334244676e-02, -1.626505725188112e-01, -2.263368561059280e-02,  1.874598339301418e-02,  4.741721558557537e-01,  2.247936385486895e-01,  6.023949936216093e-01,  7.328035275742774e-02
  1.026000000000000e+01, -2.787908007326398e-01,  7.290038726290526e-02, -2.182111607221470e-02,  7.049091044985015e-01,  1.408185867108114e-02, -2.182111607200609e-02, -1.731855274736405e-01, -2.147273676796580e-02,  1.785415706287388e-02,  4.762396982155889e-01,  2.195119645287060e-01,  6.001542424367354e-01,  7.374067525085595e-02
  1.027000000000000e+01, -2.798430873079338e-01,  7.327777372082434e-02, -2.189549474356793e-02,  7.045151819991594e-01,  1.385683777089541e-02, -2.189549474340059e-02, -1.836882082720335e-01, -1.940538637299040e-02,  1.699450780425101e-02,  4.781994894463354e-01,  2.155663750356352e-01,  5.988946683746375e-01,  7.393872148222069e-02
  1.028000000000000e+01, -2.808531486393783e-01,  7.362193240681125e-02, -2.204611324870741e-02,  7.040070536412014e-01,  1.372626273300259e-02, -2.204611324855129e-02, -1.949757335619207e-01, -1.584079682386403e-02,  1.557119497977107e-02,  4.804625058546511e-01,  2.069218717469020e-01,  5.958683498442028e-01,  7.448308658014904e-02
  1.029000000000000e+01, -2.816906004088732e-01,  7.388719409609013e-02, -2.225905966402312e-02,  7.034415338892647e-01,  1.371289162407696e-02, -2.225905966391338e-02, -2.056739802071594e-01, -1.236802216231560e-02,  1.372682378937147e-02,  4.811960150609326e-01,  1.998286315079607e-01,  5.941183807862371e-01,  7.505885168213193e-02
  1.030000000000000e+01, -2.822860752665782e-01,  7.410210132118955e-02, -2.229533966938061e-02,  7.032281190315051e-01,  1.357955440124115e-02, -2.229533966930591e-02, -2.115273040764305e-01, -1.206454142986410e-02,  1.328498905109462e-02,  4.789188811496735e-01,  2.005185443601029e-01,  5.933007024514985e-01,  7.541221595732003e-02
  1.031000000000000e+01, -2.829318879411460e-01,  7.433260950035003e-02, -2.234594134285006e-02,  7.029781871125192e-01,  1.344712447011487e-02, -2.234594134277553e-02, -2.180465928337543e-01, -1.074495887404914e-02,  1.272093129774583e-02,  4.762066111602863e-01,  1.980041477575117e-01,  5.919826344279908e-01,  7.605132896351810e-02
  1.032000000000000e+01, -2.833612320271652e-01,  7.447030295919621e-02, -2.244777659480191e-02,  7.027004199633049e-01,  1.343249840886163e-02, -2.244777659469309e-02, -2.234180111233557e-01, -8.813478407884025e-03,  1.183156721244140e-02,  4.725348811534648e-01,  1.933372859411188e-01,  5.909849362642792e-01,  7.651058802631762e-02
  1.033000000000000e+01, -2.838406716476021e-01,  7.464381284376165e-02, -2.247491369004671e-02,  7.025319281345602e-01,  1.332303918899669e-02, -2.247491368986392e-02, -2.280987391448097e-01, -7.298264316647077e-03,  1.149170050994948e-02,  4.679615563865789e-01,  1.892534961776939e-01,  5.892450153789999e-01,  7.699766255218086e-02
  1.034000000000000e+01, -2.842751666232212e-01,  7.480832798987680e-02, -2.246761485086071e-02,  7.024313539000268e-01,  1.318956413123784e-02, -2.246761485065316e-02, -2.318556897108861e-01, -6.200292263433818e-03,  1.142418359956380e-02,  4.638128237310634e-01,  1.822468944712445e-01,  5.870064501354797e-01,  7.737209964755934e-02
  1.035000000000000e+01, -2.846595268236375e-01,  7.496022810748415e-02, -2.243321118145437e-02,  7.023880265733781e-01,  1.304146047036148e-02, -2.243321118124155e-02, -2.347543876699876e-01, -4.424224500693228e-03,  1.157507800201455e-02,  4.583141463906216e-01,  1.788406683798703e-01,  5.860444465371355e-01,  7.764131431533110e-02
  1.036000000000000e+01, -2.850053338506293e-01,  7.510903614231723e-02, -2.234895271626567e-02,  7.024361226568249e-01,  1.285091631230451e-02, -2.234895271600733e-02, -2.365522707710508e-01, -2.791179100626146e-03,  1.211252037777333e-02,  4.512888190007484e-01,  1.790947392325594e-01,  5.848106428340252e-01,  7.791508084830032e-02
  1.037000000000000e+01, -2.853639710679022e-01,  7.527849474893467e-02, -2.219513476194354e-02,  7.025944962289576e-01,  1.258193390549400e-02, -2.219513476168342e-02, -2.374076717974591e-01, -2.075507570554400e-03,  1.317032655188996e-02,  4.437904802554420e-01,  1.773871585020691e-01,  5.845342936252109e-01,  7.826233043696483e-02
  1.038000000000000e+01, -2.858005292710037e-01,  7.549845199539496e-02, -2.194777074125499e-02,  7.028853878318022e-01,  1.219003225136639e-02, -2.194777074097675e-02, -2.375363943263198e-01, -1.879227446208089e-03,  1.491045671626062e-02,  4.357111066305064e-01,  1.801621173571047e-01,  5.853411996501592e-01,  7.855607504796795e-02
  1.039000000000000e+01, -2.863254078270128e-01,  7.576317954640377e-02, -2.164903537511979e-02,  7.032370438307769e-01,  1.171769076516616e-02, -2.164903537480182e-02, -2.376731074036202e-01, -1.595443578194817e-03,  1.701158476097285e-02,  4.275897419646653e-01,  1.832043823500040e-01,  5.859127136844982e-01,  7.862478528185836e-02
  1.040000000000000e+01, -2.867983081581760e-01,  7.600839677544746e-02, -2.135030684791969e-02,  7.036019704064987e-01,  1.126063795276488e-02, -2.135030684757646e-02, -2.373490090861461e-01, -1.421097725132606e-03,  1.912642827078680e-02,  4.185753032620174e-01,  1.869910412970542e-01,  5.890438542148702e-01,  7.853106439289000e-02
  1.041000000000000e+01, -2.874223472967934e-01,  7.632891819680143e-02, -2.096937004958385e-02,  7.040614946452668e-01,  1.067216259080395e-02, -2.096937004921321e-02, -2.371259192522563e-01, -1.151320575080576e-03,  2.181572545571194e-02,  4.095571060769242e-01,  1.928921392817028e-01,  5.905816471716339e-01,  7.823999908813702e-02
  1.042000000000000e+01, -2.881617799868202e-01,  7.671405179771895e-02, -2.049421778785728e-02,  7.046443166184698e-01,  9.949998341629573e-03, -2.049421778748346e-02, -2.365051611072040e-01, -1.416261195663823e-03,  2.517904639574471e-02,  4.002834873874551e-01,  1.993740816710559e-01,  5.932030682502401e-01,  7.769636151674952e-02
  1.043000000000000e+01, -2.888294405980171e-01,  7.709161083185623e-02, -1.993388597847034e-02,  7.053846179457851e-01,  9.158005340720088e-03, -1.993388597808602e-02, -2.339563653287646e-01, -4.679163173351860e-04,  2.920184021645547e-02,  3.910104257279971e-01,  2.011747233366345e-01,  5.966002859274511e-01,  7.764275556522882e-02
  1.044000000000000e+01, -2.895540766441019e-01,  7.753509922453872e-02, -1.917714356631665e-02,  7.064304096371926e-01,  8.140570009635306e-03, -1.917714356596927e-02, -2.289414928470268e-01,  7.820668811017806e-04,  3.468291767065620e-02,  3.806586593780639e-01,  2.033830448099443e-01,  5.974409850315130e-01,  7.797417054348865e-02
  1.045000000000000e+01, -2.902047118226025e-01,  7.794893846022344e-02, -1.842848279601990e-02,  7.074821004572206e-01,  7.154382326696629e-03, -1.842848279562226e-02, -2.233954707720625e-01,  1.135294793863220e-03,  4.012158638011632e-02,  3.694800033746644e-01,  2.072957589543002e-01,  5.998104766469066e-01,  7.824035705358327e-02
  1.046000000000000e+01, -2.907917527074623e-01,  7.832704567367488e-02, -1.773187878867909e-02,  7.084652186718512e-01,  6.243212949773147e-03, -1.773187878821574e-02, -2.180768608430079e-01,  5.052390367673836e-04,  4.518470239871012e-02,  3.590177652715226e-01,  2.086570947963352e-01,  6.012457132708895e-01,  7.793321608240443e-02
  1.047000000000000e+01, -2.914858811658237e-01,  7.875794405561432e-02, -1.697893302864250e-02,  7.095116230960032e-01,  5.242563404080469e-03, -1.697893302860981e-02, -2.128674870867329e-01, -4.496781083918729e-04,  5.063616234774684e-02,  3.488928120593771e-01,  2.165943729613144e-01,  6.081708248935227e-01,  7.756717388931905e-02
  1.048000000000000e+01, -2.921405816926989e-01,  7.916625115174813e-02, -1.626003556930944e-02,  7.105124339784576e-01,  4.290727939683103e-03, -1.626003556881098e-02, -2.078283050229583e-01, -1.600736073352143e-03,  5.584030439831310e-02,  3.410617697607501e-01,  2.208457112162024e-01,  6.130904779226549e-01,  7.669951170345343e-02
  1.049000000000000e+01, -2.929357761365201e-01,  7.965209264065742e-02, -1.543069933917473e-02,  7.116557466582686e-01,  3.182803585832561e-03, -1.543069933868545e-02, -2.023804759928705e-01, -3.172356643142852e-03,  6.182763467710831e-02,  3.350909041825366e-01,  2.263473013760640e-01,  6.221943104925858e-01,  7.491838770893008e-02
  1.050000000000000e+01, -2.936573382077634e-01,  8.010699686525413e-02, -1.461578226005054e-02,  7.127947073043841e-01,  2.112806091612907e-03, -1.461578225958717e-02, -1.964999116092374e-01, -5.261042378784760e-03,  6.772527846796934e-02,  3.308392708772103e-01,  2.344031047274288e-01,  6.301944006262028e-01,  7.275400125772892e-02
  1.051000000000000e+01, -2.941797198962965e-01,  8.045612582488326e-02, -1.393830917800420e-02,  7.137621866668039e-01,  1.246516869950920e-03, -1.393830917756610e-02, -1.909221110216903e-01, -8.469510809963743e-03,  7.264973201768689e-02,  3.310402579469727e-01,  2.337244324092259e-01,  6.279729975250290e-01,  6.957073858009641e-02
  1.052000000000000e+01, -2.948312631658205e-01,  8.088835605834421e-02, -1.310709629663127e-02,  7.149460417283090e-01,  1.820185659613394e-04, -1.310709629622468e-02, -1.841801335291149e-01, -1.243181819858298e-02,  7.868518891413472e-02,  3.343020424598884e-01,  2.360586874225838e-01,  6.305852470278466e-01,  6.663748147406047e-02
  1.053000000000000e+01, -2.956527260429631e-01,  8.141001905775092e-02, -1.216106435831424e-02,  7.162711619747417e-01, -1.050336399015528e-03, -1.216106435789428e-02, -1.772334654019916e-01, -1.583908371680680e-02,  8.552429243759584e-02,  3.394406149436356e-01,  2.495491521759160e-01,  6.434987391341962e-01,  6.427144963619991e-02
  1.054000000000000e+01, -2.965240906604401e-01,  8.196257231440796e-02, -1.116034175381307e-02,  7.176715021833207e-01, -2.352376624149777e-03, -1.116034175341515e-02, -1.699181290844798e-01, -2.035930227920130e-02,  9.275241217292256e-02,  3.469780973067993e-01,  2.580761667640310e-01,  6.492671286677627e-01,  6.193039829894292e-02
  1.055000000000000e+01, -2.970882220628295e-01,  8.236917881205530e-02, -1.029658963940418e-02,  7.189314026245890e-01, -3.421151930740773e-03, -1.029658963898366e-02, -1.619218198410450e-01, -2.585123425156347e-02,  9.904864569269801e-02,  3.585031579237162e-01,  2.561381264573303e-01,  6.495535280591906e-01,  5.938916939709360e-02
  1.056000000000000e+01, -2.975369808850386e-01,  8.271963695951623e-02, -9.490126577594685e-03,  7.201291813962664e-01, -4.395589064779104e-03, -9.490126577196924e-03, -1.537593235473054e-01, -3.075685316393234e-02,  1.049505398151482e-01,  3.721232743768820e-01,  2.551337462225467e-01,  6.436310654589548e-01,  5.726497171305789e-02
  1.057000000000000e+01, -2.980049792828125e-01,  8.309333486460146e-02, -8.612565368704280e-03,  7.214382294207126e-01, -5.448712487439611e-03, -8.612565368214427e-03, -1.446989348738854e-01, -3.443311002938282e-02,  1.113771722072995e-01,  3.864840915439944e-01,  2.618298304468826e-01,  6.455672497854210e-01,  5.653180195574987e-02
  1.058000000000000e+01, -2.983806903712452e-01,  8.342536043523485e-02, -7.766630663887466e-03,  7.227211991629974e-01, -6.441166487600292e-03, -7.766630663401438e-03, -1.352894188275600e-01, -3.965249251129884e-02,  1.175955730925670e-01,  4.014669390751189e-01,  2.627824242878508e-01,  6.443724820602559e-01,  5.561851273893543e-02
  1.059000000000000e+01, -2.985347248160588e-01,  8.365579092781106e-02, -7.003883757073006e-03,  7.239298841255905e-01, -7.282799026785192e-03, -7.003883756676714e-03, -1.251411436096341e-01, -4.309894707659086e-02,  1.232642816507237e-01,  4.168492220140955e-01,  2.651261097876964e-01,  6.426126961678991e-01,  5.508959959042815e-02
  1.060000000000000e+01, -2.985110979464272e-01,  8.381240172861260e-02, -6.274474213870127e-03,  7.251341896667822e-01, -8.038572026973334e-03, -6.274474213392379e-03, -1.138936467080036e-01, -4.635085392342744e-02,  1.287439211497945e-01,  4.311105955453152e-01,  2.707112270321317e-01,  6.432026505934165e-01,  5.512687917969951e-02
  1.061000000000000e+01, -2.982970441217062e-01,  8.389355585250335e-02, -5.564814668197660e-03,  7.263603682186189e-01, -8.719296363393525e-03, -5.564814667658987e-03, -1.012233274060490e-01, -4.900298190391105e-02,  1.341422041754871e-01,  4.432934959204305e-01,  2.815645754344325e-01,  6.464564769360890e-01,  5.538011093587099e-02
  1.062000000000000e+01, -2.981387541749840e-01,  8.398960924108101e-02, -4.881308002572985e-03,  7.275287911136288e-01, -9.387717324017997e-03, -4.881308001981629e-03, -8.944973769182352e-02, -5.140008348713823e-02,  1.393262571476092e-01,  4.550836267868528e-01,  2.930909462686058e-01,  6.499855395796352e-01,  5.615131457960252e-02
  1.063000000000000e+01, -2.980720814832711e-01,  8.413152790124245e-02, -4.146306527598443e-03,  7.287568986111526e-01, -1.013484595027880e-02, -4.146306527009365e-03, -7.772287527748190e-02, -5.406958448010117e-02,  1.448657232560776e-01,  4.665382533695171e-01,  3.052460171571232e-01,  6.548706355387912e-01,  5.657690874473029e-02
  1.064000000000000e+01, -2.980542580677640e-01,  8.429317531446823e-02, -3.404689516498291e-03,  7.299828567151632e-01, -1.090175824039052e-02, -3.404689516041769e-03, -6.633617348538201e-02, -5.942372102719566e-02,  1.504383711866334e-01,  4.791544922836622e-01,  3.086029787318660e-01,  6.613095341318704e-01,  5.557181847331050e-02
  1.065000000000000e+01, -2.979385670412932e-01,  8.441809091784225e-02, -2.664369078443289e-03,  7.312352722669240e-01, -1.163899128387080e-02, -2.664369077818249e-03, -5.408160560378206e-02, -6.372369089981347e-02,  1.560369543272637e-01,  4.898802471750458e-01,  3.201874478168096e-01,  6.697839152101537e-01,  5.524583826103671e-02
  1.066000000000000e+01, -2.977880024760509e-01,  8.453228318198591e-02, -1.914227067718916e-03,  7.325147333600909e-01, -1.237582368735768e-02, -1.914227067138930e-03, -4.136000432273068e-02, -6.856457879611745e-02,  1.617230187440447e-01,  5.000237238842543e-01,  3.342287706543046e-01,  6.728184419392038e-01,  5.491134287111936e-02
  1.067000000000000e+01, -2.972945418969632e-01,  8.448899848625291e-02, -1.295487704582100e-03,  7.336763933928021e-01, -1.287938142086897e-02, -1.295487703982205e-03, -2.751745888138224e-02, -7.395053430352126e-02,  1.665479975639574e-01,  5.092829016218698e-01,  3.475601786115839e-01,  6.725728154641071e-01,  5.475047440040434e-02
  1.068000000000000e+01, -2.964957896858914e-01,  8.430323914521431e-02, -8.038938971055130e-04,  7.347165588546536e-01, -1.316500844123847e-02, -8.038938961387732e-04, -1.282816410940835e-02, -7.913395991587968e-02,  1.705313164160446e-01,  5.177443568927698e-01,  3.590316912975204e-01,  6.709655372275689e-01,  5.468226236522848e-02
  1.069000000000000e+01, -2.955968952298145e-01,  8.407392169905936e-02, -3.402854253469260e-04,  7.357401555569074e-01, -1.339321493555423e-02, -3.402854246944013e-04,  2.350776386690345e-03, -8.660458389560785e-02,  1.743436238641922e-01,  5.271815825156706e-01,  3.643350475973877e-01,  6.707645020277524e-01,  5.357470239429117e-02
  1.070000000000000e+01, -2.952909397926032e-01,  8.410179958138375e-02,  2.833770163278891e-04,  7.368594793287307e-01, -1.395330780992987e-02,  2.833770178950213e-04,  1.458312652319038e-02, -9.234821056717003e-02,  1.791449733624592e-01,  5.382928848588356e-01,  3.722903537879049e-01,  6.683822318191392e-01,  5.268250346402523e-02
  1.071000000000000e+01, -2.946159207179342e-01,  8.397979205354544e-02,  8.517063144936271e-04,  7.379942258196955e-01, -1.435208726128390e-02,  8.517063152757440e-04,  2.932996347088279e-02, -9.917617275275040e-02,  1.836681194741910e-01,  5.488472643751475e-01,  3.789680333526612e-01,  6.605927149700452e-01,  5.163990141331544e-02
  1.072000000000000e+01, -2.935274501904308e-01,  8.368453398522657e-02,  1.334427294987168e-03,  7.391072213477365e-01, -1.454588306995164e-02,  1.334427295236764e-03,  4.653763225578400e-02, -1.078841169064850e-01,  1.877030357021258e-01,  5.574199833348544e-01,  3.868130956525354e-01,  6.503553554616528e-01,  5.105867048192821e-02
  1.073000000000000e+01, -2.924570582761384e-01,  8.337885723232019e-02,  1.741387397759763e-03,  7.400904067716002e-01, -1.466607181929369e-02,  1.741387398269804e-03,  6.243742036302002e-02, -1.145985112405881e-01,  1.911641210673827e-01,  5.660532262966990e-01,  3.944840582451155e-01,  6.408541902604838e-01,  5.082959847721137e-02
  1.074000000000000e+01, -2.919498749799910e-01,  8.330377585714377e-02,  2.240348347430162e-03,  7.410649637765332e-01, -1.503928895193574e-02,  2.240348347479718e-03,  7.462425956480767e-02, -1.203085708391450e-01,  1.951113830779377e-01,  5.766838045582098e-01,  3.965622923916344e-01,  6.327604852530868e-01,  5.019178239640679e-02
  1.075000000000000e+01, -2.909982626343945e-01,  8.304458782009538e-02,  2.656678713396306e-03,  7.420312568688175e-01, -1.520199062853944e-02,  2.656678713396306e-03,  8.959802294398367e-02, -1.268293868196375e-01,  1.986041072901864e-01,  5.861048828012736e-01,  4.007623538635043e-01,  6.257160502834349e-01,  4.955684135023739e-02
  1.076000000000000e+01, -2.897291800595681e-01,  8.263713763237845e-02,  2.940391614686924e-03,  7.428693222163414e-01, -1.513819521789661e-02,  2.940391614762439e-03,  1.054453799650077e-01, -1.339717293321283e-01,  2.012181579807114e-01,  5.941117235636699e-01,  4.050014335554232e-01,  6.205112528978978e-01,  4.881642505182391e-02
  1.077000000000000e+01, -2.884564927056733e-01,  8.222438773299423e-02,  3.206501018917388e-03,  7.436795445815209e-01, -1.505487766794933e-02,  3.206501020163858e-03,  1.210614408517827e-01, -1.406396480255233e-01,  2.037026206734601e-01,  6.019908015389217e-01,  4.085605597699373e-01,  6.119870625768682e-01,  4.793341185864043e-02
  1.078000000000000e+01, -2.875850399596966e-01,  8.196427154997799e-02,  3.487175506592101e-03,  7.443987186741002e-01, -1.509930046934227e-02,  3.487175507165173e-03,  1.332556446614663e-01, -1.454525204865963e-01,  2.061482888541867e-01,  6.116986546883727e-01,  4.073422001541274e-01,  6.079769904648984e-01,  4.712295194224944e-02
  1.079000000000000e+01, -2.865616706562197e-01,  8.164114285320268e-02,  3.739178003761564e-03,  7.451143020885057e-01, -1.507113126986037e-02,  3.739178004325706e-03,  1.463971219781988e-01, -1.494933084461817e-01,  2.084359251164137e-01,  6.203594229328073e-01,  4.125229115352700e-01,  6.011089160332515e-01,  4.647586931995727e-02
  1.080000000000000e+01, -2.857062346915257e-01,  8.137738944575479e-02,  3.977473254528470e-03,  7.457589046077738e-01, -1.507595048847388e-02,  3.977473254835512e-03,  1.578056939259840e-01, -1.532705710229266e-01,  2.105582088454105e-01,  6.301599723240047e-01,  4.152100069977679e-01,  5.985172662752563e-01,  4.603542088861916e-02
  1.081000000000000e+01, -2.848488762345815e-01,  8.110132027604955e-02,  4.164868171613113e-03,  7.463193053537424e-01, -1.502753124837852e-02,  4.164868171693084e-03,  1.684579406494477e-01, -1.573827134565086e-01,  2.122975111018399e-01,  6.403303284089646e-01,  4.147976108373588e-01,  5.942035779841524e-01,  4.518657629957863e-02
  1.082000000000000e+01, -2.840054956902553e-01,  8.082476152453100e-02,  4.327278810760679e-03,  7.468340794231223e-01, -1.495711984122861e-02,  4.327278810786336e-03,  1.786036377427065e-01, -1.609398032183754e-01,  2.138433917032269e-01,  6.507167300357309e-01,  4.163040507680228e-01,  5.920438375237014e-01,  4.460744333608951e-02
  1.083000000000000e+01, -2.833967227202046e-01,  8.064000257139448e-02,  4.509445696812150e-03,  7.473143993614880e-01, -1.497321723007916e-02,  4.509445696836771e-03,  1.869188000197555e-01, -1.640994285557592e-01,  2.154510218807480e-01,  6.616504140978053e-01,  4.178425478072050e-01,  5.892029889364760e-01,  4.356911549187248e-02
  1.084000000000000e+01, -2.829005124954021e-01,  8.049167457559725e-02,  4.667780838835503e-03,  7.477225354105407e-01, -1.499643913889304e-02,  4.667780838859288e-03,  1.938478194974498e-01, -1.673931856114727e-01,  2.168364438341040e-01,  6.726153299923550e-01,  4.187765553574634e-01,  5.876486296089687e-01,  4.268802448670177e-02
  1.085000000000000e+01, -2.823666627488476e-01,  8.030173187066625e-02,  4.705404037807123e-03,  7.479394848276197e-01, -1.488441153231079e-02,  4.705404037854312e-03,  1.992770874767968e-01, -1.701506444202351e-01,  2.173226521455994e-01,  6.843758215764055e-01,  4.183607342522397e-01,  5.892359893363590e-01,  4.239639440295944e-02
  1.086000000000000e+01, -2.821328340248014e-01,  8.024370519056134e-02,  4.831830382374423e-03,  7.482186791869796e-01, -1.494877343562795e-02,  4.831830382443355e-03,  2.033339994024816e-01, -1.737299832451803e-01,  2.183681096144064e-01,  6.960457974647440e-01,  4.146354071457317e-01,  5.905584933631438e-01,  4.170217372116610e-02
  1.087000000000000e+01, -2.817466027445895e-01,  8.010031797346606e-02,  4.832967958511032e-03,  7.483319495558776e-01, -1.484075783421024e-02,  4.832967958625892e-03,  2.068639720918717e-01, -1.765090605330205e-01,  2.185225122697677e-01,  7.069633609188420e-01,  4.125154105486245e-01,  5.886833482209943e-01,  4.077901371089945e-02
  1.088000000000000e+01, -2.812772934489128e-01,  7.990101820805262e-02,  4.724890545939837e-03,  7.482860564559585e-01, -1.459649059317125e-02,  4.724890546010329e-03,  2.094809787431768e-01, -1.784293301686946e-01,  2.178809069090172e-01,  7.177822982511928e-01,  4.081845769750397e-01,  5.869641763855347e-01,  4.060961204133020e-02
  1.089000000000000e+01, -2.806190505475946e-01,  7.959699085592775e-02,  4.466475577289165e-03,  7.480423085626948e-01, -1.414341556969045e-02,  4.466475577363736e-03,  2.115177090768470e-01, -1.793594902635724e-01,  2.161708438450873e-01,  7.281216021344047e-01,  4.047125273091631e-01,  5.828149710710391e-01,  4.056610758279190e-02
  1.090000000000000e+01, -2.800457871991995e-01,  7.932052788957100e-02,  4.190561445054753e-03,  7.477443988551860e-01, -1.369605130294338e-02,  4.190561445081247e-03,  2.125120183360074e-01, -1.798866364548173e-01,  2.142950329465215e-01,  7.379700468081585e-01,  4.019974689680474e-01,  5.797748891686525e-01,  4.049670305705465e-02
  1.091000000000000e+01, -2.795519378820353e-01,  7.906871729636000e-02,  3.893446859661948e-03,  7.473878226711752e-01, -1.324901712047000e-02,  3.893446859661948e-03,  2.124583530785704e-01, -1.802307391002708e-01,  2.122277224173362e-01,  7.480477481442395e-01,  3.976019085460931e-01,  5.771351345361899e-01,  4.068186729928951e-02
  1.092000000000000e+01, -2.790206617031031e-01,  7.877108800855481e-02,  3.457326255432835e-03,  7.468085421308684e-01, -1.264730731522956e-02,  3.457326255336498e-03,  2.106173063166439e-01, -1.801343234382320e-01,  2.091194505548463e-01,  7.571504600034069e-01,  3.952141328642799e-01,  5.760777987800538e-01,  4.124336832383838e-02
  1.093000000000000e+01, -2.787245869226685e-01,  7.855530758885521e-02,  2.996612292701603e-03,  7.461205580643031e-01, -1.208645553152254e-02,  2.996612292664554e-03,  2.062618312558158e-01, -1.791463929153530e-01,  2.057362613467040e-01,  7.674203120668291e-01,  3.916357266501944e-01,  5.730721374879204e-01,  4.159703728953425e-02
  1.094000000000000e+01, -2.787350529684924e-01,  7.845576242659713e-02,  2.545322104612088e-03,  7.453610166047010e-01, -1.162203711515786e-02,  2.545322104568470e-03,  1.992669985918663e-01, -1.774995462853881e-01,  2.023109974049866e-01,  7.782955561533459e-01,  3.899412089676332e-01,  5.713781001641771e-01,  4.232347645695970e-02
  1.095000000000000e+01, -2.790230465451746e-01,  7.846400021695321e-02,  2.113512479581317e-03,  7.445554628703194e-01, -1.125634908189710e-02,  2.113512479423728e-03,  1.900526478008813e-01, -1.759139346340863e-01,  1.989319539409483e-01,  7.888050910489681e-01,  3.875116678335226e-01,  5.705204740680165e-01,  4.289987632868428e-02
  1.096000000000000e+01, -2.793922530581602e-01,  7.848067783043766e-02,  1.586431925387516e-03,  7.435678312589385e-01, -1.081466746070170e-02,  1.586431925317534e-03,  1.786479017593874e-01, -1.743832584536461e-01,  1.948023547175544e-01,  7.989805605606182e-01,  3.809365158733397e-01,  5.718656637076869e-01,  4.321253151029154e-02
  1.097000000000000e+01, -2.788712959945159e-01,  7.805567735587715e-02,  5.781079773527283e-04,  7.420276978016370e-01, -9.619780390038413e-03,  5.781079771606841e-04,  1.679609127835409e-01, -1.696121020272730e-01,  1.873503062027855e-01,  8.061167918650792e-01,  3.751934610153024e-01,  5.692602567108720e-01,  4.455723362549588e-02
  1.098000000000000e+01, -2.779704148995641e-01,  7.743380746065420e-02, -6.713119915353934e-04,  7.401911946381697e-01, -8.063827122159806e-03, -6.713119912046311e-04,  1.570226162110220e-01, -1.627342492138169e-01,  1.782037083363747e-01,  8.119176363510108e-01,  3.662300569578302e-01,  5.659187315310259e-01,  4.709432337334372e-02
  1.099000000000000e+01, -2.772495494230002e-01,  7.688406163703809e-02, -1.897913170527794e-03,  7.383418724148839e-01, -6.579920479851786e-03, -1.897913170586291e-03,  1.447921763824147e-01, -1.560547084352260e-01,  1.691602444685205e-01,  8.159464289873424e-01,  3.568974379209879e-01,  5.659129960569986e-01,  4.959295947770301e-02
  1.100000000000000e+01, -2.769931341908836e-01,  7.653478968567629e-02, -3.004720820211955e-03,  7.365634861914298e-01, -5.351065943245858e-03, -3.004720820211955e-03,  1.301877831410727e-01, -1.488474971151498e-01,  1.608588295052416e-01,  8.198510055078158e-01,  3.491402689682631e-01,  5.672872264087685e-01,  5.240253089847973e-02
  1.101000000000000e+01, -2.773062494530918e-01,  7.644087794687260e-02, -3.923935703912153e-03,  7.349414732496750e-01, -4.479332926602186e-03, -3.923935703912153e-03,  1.133080097006387e-01, -1.414041900250352e-01,  1.537825586346991e-01,  8.240959330870290e-01,  3.421158853645344e-01,  5.693590636557726e-01,  5.503365153229012e-02
  1.102000000000000e+01, -2.780229412695994e-01,  7.652584234778925e-02, -4.719785465485943e-03,  7.334153510163490e-01, -3.851024287828908e-03, -4.719785465415374e-03,  9.467743957730868e-02, -1.340553481334524e-01,  1.475057958318332e-01,  8.280845944944281e-01,  3.335281225097943e-01,  5.750963901572939e-01,  5.656454615377275e-02
  1.103000000000000e+01, -2.787885919438801e-01,  7.663631941708648e-02, -5.484557632115914e-03,  7.319294471592968e-01, -3.268447148586873e-03, -5.484557632156399e-03,  7.608880061224976e-02, -1.274584802459471e-01,  1.414521346686119e-01,  8.302816465093631e-01,  3.234710370825274e-01,  5.833950657401585e-01,  5.758156768770404e-02
  1.104000000000000e+01, -2.787342105071737e-01,  7.635521266213141e-02, -6.623846535213489e-03,  7.300478624763264e-01, -2.057266220979015e-03, -6.623846535179967e-03,  5.918171186275201e-02, -1.198680375949205e-01,  1.328437376165052e-01,  8.290545057537095e-01,  3.109056795943244e-01,  5.948723562983700e-01,  5.863940761248706e-02
  1.105000000000000e+01, -2.784378909441235e-01,  7.597691706167686e-02, -7.793260902119918e-03,  7.281839677643379e-01, -7.429364311661857e-04, -7.793260902119918e-03,  4.399421763610056e-02, -1.118994895771968e-01,  1.240882877395784e-01,  8.251886731218135e-01,  3.023239513084695e-01,  6.036997084909985e-01,  6.037121332067491e-02
  1.106000000000000e+01, -2.780060985491596e-01,  7.554502866934776e-02, -8.975629539700401e-03,  7.263364899378638e-01,  6.263356564761846e-04, -8.975629539638555e-03,  2.982483329877583e-02, -1.041827472830048e-01,  1.152778806513635e-01,  8.182839175026315e-01,  2.929117999368194e-01,  6.157412033770733e-01,  6.144736958365909e-02
  1.107000000000000e+01, -2.774285687689619e-01,  7.506163671241017e-02, -1.014484217121155e-02,  7.245510479604115e-01,  2.026167826808978e-03, -1.014484217121155e-02,  1.716091637241468e-02, -9.643195445929774e-02,  1.066117657283973e-01,  8.084674380703210e-01,  2.823106164787733e-01,  6.303561255586736e-01,  6.205522006832043e-02
  1.108000000000000e+01, -2.767746644072370e-01,  7.456820761744476e-02, -1.123276603815550e-02,  7.229214088306091e-01,  3.364597911195588e-03, -1.123276603816538e-02,  6.416813702443624e-03, -8.925942311638262e-02,  9.858202737244845e-02,  7.957701738547902e-01,  2.687203730228172e-01,  6.470697138674253e-01,  6.201822905271682e-02
  1.109000000000000e+01, -2.761131756398879e-01,  7.409660843930244e-02, -1.221245619433277e-02,  7.214733562100497e-01,  4.592863768319910e-03, -1.221245619428731e-02, -2.614024967988682e-03, -8.248188374812419e-02,  9.137050089394200e-02,  7.809436666439414e-01,  2.535060886350653e-01,  6.608959910852192e-01,  6.172069372651100e-02
  1.110000000000000e+01, -2.753686112495877e-01,  7.360979648681321e-02, -1.312244724094683e-02,  7.201628788087123e-01,  5.773098200074100e-03, -1.312244724092145e-02, -9.843096772032434e-03, -7.628028219156847e-02,  8.470912483307425e-02,  7.627629723840053e-01,  2.400618606558891e-01,  6.736308085224225e-01,  6.147627288620942e-02
  1.111000000000000e+01, -2.743395155975922e-01,  7.301045170652154e-02, -1.405855841083617e-02,  7.188841669093371e-01,  7.065168534613475e-03, -1.405855841085197e-02, -1.493203603392068e-02, -7.106975082153900e-02,  7.793322250491003e-02,  7.414828101536224e-01,  2.231681403805818e-01,  6.860251314878574e-01,  6.066073279306325e-02
  1.112000000000000e+01, -2.732091668304149e-01,  7.238486260112786e-02, -1.494307300386329e-02,  7.177166347245434e-01,  8.333739217237790e-03, -1.494307300386329e-02, -1.833877945896845e-02, -6.667042935065966e-02,  7.157306557017004e-02,  7.163209269188896e-01,  2.075515111667507e-01,  7.017774016467753e-01,  5.856697806417174e-02
  1.113000000000000e+01, -2.721719590348554e-01,  7.182980152152818e-02, -1.567117228158212e-02,  7.167826132620750e-01,  9.410477142830054e-03, -1.567117228102242e-02, -2.019881872646501e-02, -6.252996639180458e-02,  6.636474943178060e-02,  6.889519139924516e-01,  1.987449270807606e-01,  7.157052967210360e-01,  5.681358495406452e-02
  1.114000000000000e+01, -2.711609936898332e-01,  7.130428236952291e-02, -1.631264919211887e-02,  7.159842229239977e-01,  1.038854325263050e-02, -1.631264919169008e-02, -2.097800762768376e-02, -5.853811455413392e-02,  6.180083202083994e-02,  6.598769530386198e-01,  1.901144790812221e-01,  7.278869138447890e-01,  5.511161128381264e-02
  1.115000000000000e+01, -2.703970436776388e-01,  7.091796074827905e-02, -1.674996830229252e-02,  7.154588511786785e-01,  1.107773715420390e-02, -1.674996830184178e-02, -2.084680058049204e-02, -5.390218317874334e-02,  5.870907513554345e-02,  6.292153480493889e-01,  1.944457069136133e-01,  7.335386616610413e-01,  5.469152623624071e-02
  1.116000000000000e+01, -2.699142281651199e-01,  7.067652256412726e-02, -1.701435982774266e-02,  7.151464044044130e-01,  1.150078909075170e-02, -1.701435982729892e-02, -2.058266952205901e-02, -5.029099335521738e-02,  5.684494379058026e-02,  5.986859855218254e-01,  1.983888903421930e-01,  7.371387136142475e-01,  5.397225705827106e-02
  1.117000000000000e+01, -2.696264413605614e-01,  7.052698907641752e-02, -1.719638041905837e-02,  7.149195368246500e-01,  1.177920602599758e-02, -1.719638041867744e-02, -2.080023486377547e-02, -4.759299210600199e-02,  5.554785847810668e-02,  5.688943435687521e-01,  2.002714813852578e-01,  7.392184507640573e-01,  5.308224323273893e-02
  1.118000000000000e+01, -2.695111077817195e-01,  7.045806042712810e-02, -1.730851503287870e-02,  7.147635908392537e-01,  1.193276176156188e-02, -1.730851503243609e-02, -2.148785970566136e-02, -4.433536648790930e-02,  5.473030244739045e-02,  5.395672150435438e-01,  2.060381745732732e-01,  7.356495988417207e-01,  5.260146941997624e-02
  1.119000000000000e+01, -2.697063514795315e-01,  7.053179346890182e-02, -1.730575724459323e-02,  7.147172959199455e-01,  1.187305029770847e-02, -1.730575724410564e-02, -2.318895637500296e-02, -4.118774385139414e-02,  5.469357558041098e-02,  5.110736387402974e-01,  2.153078026444121e-01,  7.323975489429442e-01,  5.349884373876490e-02
  1.120000000000000e+01, -2.701870947463278e-01,  7.074203196508266e-02, -1.717398591759643e-02,  7.148104851703988e-01,  1.159230209942508e-02, -1.717398591696287e-02, -2.546395795573964e-02, -3.802883110890046e-02,  5.555201805233031e-02,  4.845483520714025e-01,  2.267485289970705e-01,  7.273210391937988e-01,  5.478382229167238e-02
  1.121000000000000e+01, -2.707723042334860e-01,  7.098954584602879e-02, -1.705013559214141e-02,  7.148630909743868e-01,  1.128979533700525e-02, -1.705013559154232e-02, -2.879427982174976e-02, -3.592768470559569e-02,  5.631883980082668e-02,  4.621402325356491e-01,  2.276839917714644e-01,  7.229322375779006e-01,  5.515999719428384e-02
  1.122000000000000e+01, -2.716491057178259e-01,  7.136771942920150e-02, -1.683246869749695e-02,  7.149946869575733e-01,  1.080247657690325e-02, -1.683246869685713e-02, -3.329498970083944e-02, -3.385206908413666e-02,  5.771022946825934e-02,  4.424848611788246e-01,  2.303299635397447e-01,  7.176529280077517e-01,  5.566608619457390e-02
  1.123000000000000e+01, -2.727708563639991e-01,  7.185830137694338e-02, -1.652421754105442e-02,  7.152115622244313e-01,  1.014768772475616e-02, -1.652421754032204e-02, -3.860218322878195e-02, -3.173860261630771e-02,  5.971389650967394e-02,  4.247583317436512e-01,  2.361491504244416e-01,  7.133767553478352e-01,  5.627604138949546e-02
  1.124000000000000e+01, -2.739892284190359e-01,  7.238513007621927e-02, -1.621522441273836e-02,  7.154033151909407e-01,  9.464717914896115e-03, -1.621522441200572e-02, -4.476734793278991e-02, -3.047788087333752e-02,  6.169138531344615e-02,  4.098162095939679e-01,  2.378891069472397e-01,  7.118112346161225e-01,  5.709008617600466e-02
  1.125000000000000e+01, -2.753013045861998e-01,  7.294795635011564e-02, -1.590175192346976e-02,  7.155767011198007e-01,  8.750522573229391e-03, -1.590175192278552e-02, -5.170819971932050e-02, -2.871519427166319e-02,  6.367144296855531e-02,  3.970601847123299e-01,  2.396818408020834e-01,  7.119909937852480e-01,  5.780149774912442e-02
  1.126000000000000e+01, -2.767684442702659e-01,  7.358419647229142e-02, -1.552056734857993e-02,  7.158198424098720e-01,  7.920103458704419e-03, -1.552056734775728e-02, -5.900921172750517e-02, -2.658856764567303e-02,  6.611366712061227e-02,  3.844203079440403e-01,  2.468061613633687e-01,  7.133146677873610e-01,  5.884373692150533e-02
  1.127000000000000e+01, -2.783676859074933e-01,  7.427627048278374e-02, -1.511073059217958e-02,  7.160736964247466e-01,  7.022057322361830e-03, -1.511073059138605e-02, -6.706456201652955e-02, -2.384246652921119e-02,  6.872771506301065e-02,  3.765542814202151e-01,  2.508201279145156e-01,  7.144966834877882e-01,  6.036238206341705e-02
  1.128000000000000e+01, -2.799499791369819e-01,  7.495892195639287e-02, -1.471367447185186e-02,  7.163090768048057e-01,  6.143631629566881e-03, -1.471367447115764e-02, -7.517382624626090e-02, -2.135583113301130e-02,  7.124499407598241e-02,  3.706921312122883e-01,  2.480296164781201e-01,  7.092656023290793e-01,  6.115023670911079e-02
  1.129000000000000e+01, -2.815061212131968e-01,  7.562105121102425e-02, -1.436296239647798e-02,  7.164731412223189e-01,  5.323073889473395e-03, -1.436296239587504e-02, -8.376539067959299e-02, -1.891879892772388e-02,  7.341505334734889e-02,  3.661560888757484e-01,  2.409714811974042e-01,  7.057890527516943e-01,  6.131441433080322e-02
  1.130000000000000e+01, -2.832436052336955e-01,  7.637058379318518e-02, -1.392578060182948e-02,  7.167295254063950e-01,  4.359675187522782e-03, -1.392578060135112e-02, -9.267488617293917e-02, -1.724258051759718e-02,  7.617680772918031e-02,  3.642673394697505e-01,  2.315048680405971e-01,  7.021406368817242e-01,  6.109341339210068e-02
  1.131000000000000e+01, -2.850047425951271e-01,  7.711760448031058e-02, -1.353754796564684e-02,  7.168966896626363e-01,  3.442746215750470e-03, -1.353754796529418e-02, -1.025538523211185e-01, -1.465726423956886e-02,  7.855557393901799e-02,  3.638548660162661e-01,  2.219264842771509e-01,  6.988751160983280e-01,  6.163721425775366e-02
  1.132000000000000e+01, -2.866711033183804e-01,  7.781082325780253e-02, -1.322917136950661e-02,  7.169558312170169e-01,  2.638785500775898e-03, -1.322917136926323e-02, -1.128083795588448e-01, -1.152163055248089e-02,  8.035647251018262e-02,  3.637307852328860e-01,  2.140994323155780e-01,  6.978252471051976e-01,  6.269353332729004e-02
  1.133000000000000e+01, -2.884132261400759e-01,  7.853439038437648e-02, -1.291125696079930e-02,  7.170084092677357e-01,  1.804111258825181e-03, -1.291125696055853e-02, -1.236071288560729e-01, -8.940460325157515e-03,  8.220057542743049e-02,  3.637150165167768e-01,  2.071061600976466e-01,  6.976499238772416e-01,  6.382259306541464e-02
  1.134000000000000e+01, -2.901314671484026e-01,  7.923736407420945e-02, -1.264396371224259e-02,  7.169823774839825e-01,  1.030886675329912e-03, -1.264396371204942e-02, -1.349698662070236e-01, -5.237000432088091e-03,  8.366632966827961e-02,  3.655516883327117e-01,  2.010008821581532e-01,  6.960046485989690e-01,  6.523804327604574e-02
  1.135000000000000e+01, -2.918045556258604e-01,  7.991235010414610e-02, -1.242498925403359e-02,  7.168875818549003e-01,  3.225731912441798e-04, -1.242498925387275e-02, -1.466686709231562e-01, -2.319037907214687e-03,  8.477885822806308e-02,  3.681691181838337e-01,  1.924500759627146e-01,  6.955180153700913e-01,  6.672961930644897e-02
  1.136000000000000e+01, -2.935019653479895e-01,  8.059076906007312e-02, -1.223041584638159e-02,  7.167446228052425e-01, -3.660107253684597e-04, -1.223041584617280e-02, -1.589630503372588e-01,  4.740874484825102e-04,  8.569656150218087e-02,  3.712403104120158e-01,  1.844068477055302e-01,  6.938861065588964e-01,  6.766396436830280e-02
  1.137000000000000e+01, -2.951185387265191e-01,  8.122384955310635e-02, -1.210207993899649e-02,  7.165137603767496e-01, -9.608851661795370e-04, -1.210207993887723e-02, -1.715410675015767e-01,  3.698832330175171e-03,  8.613958347888355e-02,  3.747199784608267e-01,  1.746093772297295e-01,  6.957508712014677e-01,  6.885969150345819e-02
  1.138000000000000e+01, -2.966500896668986e-01,  8.181777157730075e-02, -1.200603028455635e-02,  7.162521721114111e-01, -1.496887415111336e-03, -1.200603028442689e-02, -1.838485746256187e-01,  6.133862052158634e-03,  8.636541027794714e-02,  3.776093170789162e-01,  1.655906985278575e-01,  6.992964925290672e-01,  6.989434899032222e-02
  1.139000000000000e+01, -2.981780328899440e-01,  8.241662283136875e-02, -1.188203131725322e-02,  7.160363162277891e-01, -2.060712953174226e-03, -1.188203131704765e-02, -1.957049729168820e-01,  8.862124439888331e-03,  8.680001948554388e-02,  3.800624628062380e-01,  1.577597076579834e-01,  6.996252885651195e-01,  7.000946274178713e-02
  1.140000000000000e+01, -2.995775124951984e-01,  8.295601944824749e-02, -1.180838758750792e-02,  7.157724521554832e-01, -2.534509465147439e-03, -1.180838758723526e-02, -2.071718996684697e-01,  1.148736677673587e-02,  8.689691368108440e-02,  3.811563044942994e-01,  1.514214341826152e-01,  6.985460148397449e-01,  7.030911705577836e-02
  1.141000000000000e+01, -3.006795698415647e-01,  8.336041189722154e-02, -1.184021863242483e-02,  7.154174785076999e-01, -2.812675022410005e-03, -1.184021863209663e-02, -2.175605658781585e-01,  1.402712281635240e-02,  8.629946492569791e-02,  3.814607596076649e-01,  1.413556602691916e-01,  6.989857011782594e-01,  7.120856304163793e-02
  1.142000000000000e+01, -3.016733778323334e-01,  8.372065180310795e-02, -1.188847828995601e-02,  7.150652488305246e-01, -3.042714575738792e-03, -1.188847828968518e-02, -2.272243822025235e-01,  1.655093222249209e-02,  8.561413447912872e-02,  3.807548282204511e-01,  1.349518788988418e-01,  6.972081857885426e-01,  7.190431385703715e-02
  1.143000000000000e+01, -3.023786541142163e-01,  8.395878919057753e-02, -1.200014202668705e-02,  7.146889544283008e-01, -3.124344428735659e-03, -1.200014202645575e-02, -2.352507699621307e-01,  1.846927959094959e-02,  8.454847229172655e-02,  3.779605699204843e-01,  1.261595096398356e-01,  6.969769174083096e-01,  7.269986012247498e-02
  1.144000000000000e+01, -3.029944706709555e-01,  8.416778314457329e-02, -1.209298502850816e-02,  7.143680240277622e-01, -3.200453634066180e-03, -1.209298502843471e-02, -2.421881733516584e-01,  1.987056864773909e-02,  8.365313406788852e-02,  3.749838792342900e-01,  1.169333329792481e-01,  6.967555611640139e-01,  7.338746771853780e-02
  1.145000000000000e+01, -3.034484868009528e-01,  8.431333022205068e-02, -1.219920776822696e-02,  7.140699022452501e-01, -3.216753483530121e-03, -1.219920776824516e-02, -2.478721841224014e-01,  2.115714627326001e-02,  8.271071602788937e-02,  3.716377996916683e-01,  1.055898124510528e-01,  6.936660197779760e-01,  7.310027493677469e-02
  1.146000000000000e+01, -3.037965492493757e-01,  8.442070348992070e-02, -1.229927838262608e-02,  7.138110467551028e-01, -3.209600902911891e-03, -1.229927838266219e-02, -2.525103732991549e-01,  2.172806126583057e-02,  8.184906209072665e-02,  3.658999329550671e-01,  9.952239526889055e-02,  6.939085155804317e-01,  7.339663424191399e-02
  1.147000000000000e+01, -3.041936988168336e-01,  8.455650570241513e-02, -1.235471385417239e-02,  7.136113936729869e-01, -3.263272994593391e-03, -1.235471385416340e-02, -2.569164541630924e-01,  2.220811072271692e-02,  8.130534251950826e-02,  3.596823895540687e-01,  1.006589866880586e-01,  6.941281263900674e-01,  7.409268243745631e-02
  1.148000000000000e+01, -3.044418607896586e-01,  8.463521484270276e-02, -1.241656406642997e-02,  7.134423540977062e-01, -3.268144758731717e-03, -1.241656406643891e-02, -2.600797151079139e-01,  2.187474403816854e-02,  8.076224607088710e-02,  3.517565158121993e-01,  1.025643772520381e-01,  6.937518308203487e-01,  7.370590326870397e-02
  1.149000000000000e+01, -3.046934948939510e-01,  8.471186515118267e-02, -1.249327696994427e-02,  7.132481950598809e-01, -3.258334023294562e-03, -1.249327696993539e-02, -2.634980227640780e-01,  2.208391735875302e-02,  8.010702782942135e-02,  3.456166324852529e-01,  1.008120466680457e-01,  6.946942538743563e-01,  7.266144981798842e-02
  1.150000000000000e+01, -3.051688726568266e-01,  8.490495403857623e-02, -1.242451261539264e-02,  7.132290851110487e-01, -3.464769752201224e-03, -1.242451261537477e-02, -2.667350553121188e-01,  2.114934862012752e-02,  8.046625864387864e-02,  3.374902335862113e-01,  1.047049015312906e-01,  6.952043367865244e-01,  7.224376661387215e-02
  1.151000000000000e+01, -3.057804778637360e-01,  8.516504179552786e-02, -1.228432490556794e-02,  7.132884177560010e-01, -3.784678703621758e-03, -1.228432490556794e-02, -2.701215501486749e-01,  1.959447787040678e-02,  8.131429924934580e-02,  3.306652377112207e-01,  1.086170715827641e-01,  6.954221688738871e-01,  7.168378856886481e-02
  1.152000000000000e+01, -3.063308996821327e-01,  8.540188552323125e-02, -1.214578706415591e-02,  7.133617057917643e-01, -4.085461051928085e-03, -1.214578706412849e-02, -2.729842021768816e-01,  1.879882193915649e-02,  8.216927269980069e-02,  3.257938495544810e-01,  1.089869405060393e-01,  6.961225694279087e-01,  7.131820800302600e-02
  1.153000000000000e+01, -3.070421117114192e-01,  8.576587546619319e-02, -1.170987506070721e-02,  7.138736700614674e-01, -4.743970797832731e-03, -1.170987506071669e-02, -2.728170338763223e-01,  1.716539754240041e-02,  8.519105875505299e-02,  3.205655808474411e-01,  1.088439536514824e-01,  6.932937595467230e-01,  7.065675148151104e-02
  1.154000000000000e+01, -3.076217522344422e-01,  8.609954628812866e-02, -1.119034251038029e-02,  7.145575317093680e-01, -5.452713229176398e-03, -1.119034251038029e-02, -2.702115888441101e-01,  1.606631733879525e-02,  8.887822374232045e-02,  3.157224611018692e-01,  1.076092152811198e-01,  6.886762913924960e-01,  6.977040504868852e-02
  1.155000000000000e+01, -3.080369791926880e-01,  8.636732283738757e-02, -1.069058073229889e-02,  7.152546228130543e-01, -6.093866691490257e-03, -1.069058073227812e-02, -2.664274077368241e-01,  1.344864078036484e-02,  9.247049106118420e-02,  3.097612238241529e-01,  1.076700573288569e-01,  6.853106152620176e-01,  6.887286649505427e-02
  1.156000000000000e+01, -3.085066656255613e-01,  8.665605655468056e-02, -1.018783037531641e-02,  7.159412012003320e-01, -6.752860067688715e-03, -1.018783037525102e-02, -2.630916502002769e-01,  9.827926273926249e-03,  9.606543873597012e-02,  3.041216293836674e-01,  1.100887199235134e-01,  6.833456536068407e-01,  6.856330255551088e-02
  1.157000000000000e+01, -3.090212804662286e-01,  8.695610499225492e-02, -9.709027960826481e-03,  7.165760158514392e-01, -7.398765990248579e-03, -9.709027960780740e-03, -2.605243689180408e-01,  6.328543196795649e-03,  9.946497838305279e-02,  3.016515565096822e-01,  1.137343141674528e-01,  6.824165542050693e-01,  6.717634016553298e-02
  1.158000000000000e+01, -3.094608081667789e-01,  8.723485610386339e-02, -9.200212605166576e-03,  7.172803782645599e-01, -8.054474078021734e-03, -9.200212605094170e-03, -2.568320144961476e-01,  3.921489535016613e-03,  1.031121280989050e-01,  2.999128430159030e-01,  1.206089415840070e-01,  6.824890862065907e-01,  6.588430581984124e-02
  1.159000000000000e+01, -3.097390213705167e-01,  8.744221190202484e-02, -8.740958633551399e-03,  7.179492555098587e-01, -8.612649350912216e-03, -8.740958633513294e-03, -2.524329298498926e-01,  4.805131970642661e-04,  1.064431337244887e-01,  3.001743810155451e-01,  1.281170469768962e-01,  6.829809657787882e-01,  6.408966614172057e-02
  1.160000000000000e+01, -3.099516267167471e-01,  8.760741965242591e-02, -8.359997903173608e-03,  7.185091988205812e-01, -9.070256052787329e-03, -8.359997903027524e-03, -2.486209623715840e-01, -2.661798948537872e-03,  1.092119000207577e-01,  3.042693443211942e-01,  1.354453862008499e-01,  6.835549217319952e-01,  6.208914050676464e-02
  1.161000000000000e+01, -3.099668076458854e-01,  8.768317808849213e-02, -8.049136164814305e-03,  7.190107314860812e-01, -9.399197471590126e-03, -8.049136164731546e-03, -2.440822944430097e-01, -5.724607050949479e-03,  1.115252102715802e-01,  3.115374036091496e-01,  1.419960480115311e-01,  6.830026475110653e-01,  5.973449856205854e-02
  1.162000000000000e+01, -3.098489261282004e-01,  8.768959090730188e-02, -7.825745498394694e-03,  7.194075459632545e-01, -9.599489646406667e-03, -7.825745498323759e-03, -2.396580031456179e-01, -7.426706767679630e-03,  1.132319600154784e-01,  3.240727745969887e-01,  1.457100722858240e-01,  6.819522275503482e-01,  5.773241313491688e-02
  1.163000000000000e+01, -3.096190554388524e-01,  8.766016263609955e-02, -7.576137515341429e-03,  7.198787844856237e-01, -9.795778692812007e-03, -7.576137515297466e-03, -2.338276687578413e-01, -1.076124233286112e-02,  1.151731560371147e-01,  3.365513481473737e-01,  1.503574397067307e-01,  6.811813618203946e-01,  5.598543083708721e-02
  1.164000000000000e+01, -3.093170821345704e-01,  8.759848126216840e-02, -7.350384529665752e-03,  7.203317293054247e-01, -9.946952362992256e-03, -7.350384529605334e-03, -2.277042332741319e-01, -1.281821430647819e-02,  1.169617467550974e-01,  3.536320327809895e-01,  1.505936248537361e-01,  6.794883491734742e-01,  5.499957932822937e-02
  1.165000000000000e+01, -3.084872544595397e-01,  8.729095004916987e-02, -7.341964475078409e-03,  7.205797594389932e-01, -9.723748895241968e-03, -7.341964475002800e-03, -2.200839878269032e-01, -1.419025682667420e-02,  1.173113408819176e-01,  3.702621647192471e-01,  1.525966550974893e-01,  6.783705720231419e-01,  5.492515959357468e-02
  1.166000000000000e+01, -3.077526974149557e-01,  8.704611486138325e-02, -7.213165093483403e-03,  7.209970602450598e-01, -9.652687060571541e-03, -7.213165093344877e-03, -2.115116611898906e-01, -1.641393649200644e-02,  1.185267216751848e-01,  3.868707666186190e-01,  1.594594541961645e-01,  6.779576512188412e-01,  5.509654659932189e-02
  1.167000000000000e+01, -3.076414014810737e-01,  8.711593747350466e-02, -6.720104492568044e-03,  7.218328191185635e-01, -1.013591123256785e-02, -6.720104492452397e-03, -2.030809908478877e-01, -2.107280284615345e-02,  1.222473188125499e-01,  4.051471718080948e-01,  1.626696690980264e-01,  6.764972477538223e-01,  5.399880026778542e-02
  1.168000000000000e+01, -3.074021140272690e-01,  8.713168510961178e-02, -6.255299573906993e-03,  7.226591364583904e-01, -1.055354959018628e-02, -6.255299573747255e-03, -1.939180126903839e-01, -2.554919419552048e-02,  1.258021532138963e-01,  4.239639982456348e-01,  1.611366583049764e-01,  6.750916766569177e-01,  5.225073568367082e-02
  1.169000000000000e+01, -3.071025167561006e-01,  8.713494461704974e-02, -5.746391495379095e-03,  7.235751185521063e-01, -1.099997069468306e-02, -5.746391495282492e-03, -1.835433530559727e-01, -3.085066936835771e-02,  1.297086072845135e-01,  4.421140971929903e-01,  1.665992815903103e-01,  6.777903117953792e-01,  5.185976427789450e-02
  1.170000000000000e+01, -3.066229793163596e-01,  8.706596991231708e-02, -5.260558950820789e-03,  7.245051580089852e-01, -1.137174771765981e-02, -5.260558950651951e-03, -1.718864548910171e-01, -3.689400338038007e-02,  1.335073276983934e-01,  4.580822404206405e-01,  1.726246396506597e-01,  6.790808706519993e-01,  5.034424083898863e-02
  1.171000000000000e+01, -3.058961728803160e-01,  8.687893710528805e-02, -4.889626350355535e-03,  7.253183108908700e-01, -1.155459120628621e-02, -4.889626350219300e-03, -1.597212805988986e-01, -4.171324807172444e-02,  1.365363131496443e-01,  4.742213191132247e-01,  1.819140919403788e-01,  6.825139326370042e-01,  4.984160573639911e-02
  1.172000000000000e+01, -3.049567624997793e-01,  8.659821611480178e-02, -4.582916095068498e-03,  7.260874133488648e-01, -1.161099674830224e-02, -4.582916094826245e-03, -1.465975217491411e-01, -4.866480269945919e-02,  1.391621010894830e-01,  4.873469665368279e-01,  1.854611007077400e-01,  6.879295129177798e-01,  4.882291182571297e-02
  1.173000000000000e+01, -3.038942421013724e-01,  8.625559501534297e-02, -4.347283690188494e-03,  7.267755547244681e-01, -1.155883656306544e-02, -4.347283689958649e-03, -1.334289156481734e-01, -5.177424436191740e-02,  1.413014082541070e-01,  4.999204640906910e-01,  1.909461091411505e-01,  6.932417145785683e-01,  4.784043358199545e-02
  1.174000000000000e+01, -3.027397390388000e-01,  8.587828706779677e-02, -4.113662502551838e-03,  7.274868622413322e-01, -1.147861569213271e-02, -4.113662502389905e-03, -1.194555547355609e-01, -5.762818416527059e-02,  1.434596737372974e-01,  5.132965470378764e-01,  1.928734010771179e-01,  6.972459527787809e-01,  4.750006836051308e-02
  1.175000000000000e+01, -3.018016095377056e-01,  8.562204138668328e-02, -3.701690801620131e-03,  7.284298331121901e-01, -1.164424518031359e-02, -3.701690801380192e-03, -1.047426347226754e-01, -6.370265890632239e-02,  1.468787683694969e-01,  5.235889758261009e-01,  2.112424539954510e-01,  7.002620444459167e-01,  4.814912433467263e-02
  1.176000000000000e+01, -3.008373152121136e-01,  8.536164222360654e-02, -3.265381125360189e-03,  7.294210996416070e-01, -1.182758037244658e-02, -3.265381125258190e-03, -8.941970071392347e-02, -7.084336338664687e-02,  1.504922301703636e-01,  5.320637206777944e-01,  2.233658444628817e-01,  7.033938169835277e-01,  4.733015120963076e-02
  1.177000000000000e+01, -3.000998882452441e-01,  8.523230199758780e-02, -2.624140120039594e-03,  7.306858393775841e-01, -1.228709109866166e-02, -2.624140119743437e-03, -7.304616647064299e-02, -7.648221618699443e-02,  1.555641191945160e-01,  5.397503657917330e-01,  2.511262551808492e-01,  6.987736460812424e-01,  4.795735264116038e-02
