Main.Studies.MarkerTracking.t,Main.Studies.MarkerTracking.JointAngleOutputs.OutputFile_LeftLeg.HipFlexion,Main.Studies.MarkerTracking.JointAngleOutputs.OutputFile_LeftLeg.HipAbduction,Main.Studies.MarkerTracking.JointAngleOutputs.OutputFile_LeftLeg.HipExternalRotation,Main.Studies.MarkerTracking.JointAngleOutputs.OutputFile_LeftLeg.KneeFlexion,Main.Studies.MarkerTracking.JointAngleOutputs.OutputFile_LeftLeg.AnklePlantarFlexion,Main.Studies.MarkerTracking.JointAngleOutputs.OutputFile_LeftLeg.SubTalarEversion
  9.490000000000000e+00,  8.593306858005739e-01,  1.144081256592482e-01,  4.993298872169149e-02,  1.201399189434005e+00,  3.085897968352676e-02, -2.840756515418049e-01
  9.500000000000000e+00,  8.594651525837450e-01,  1.146974467137003e-01,  4.872891704889235e-02,  1.201738572064308e+00,  3.051601731171876e-02, -2.843287308809301e-01
  9.510000000000000e+00,  8.599220360147515e-01,  1.145934962699660e-01,  4.831809187747242e-02,  1.202098806765601e+00,  3.019502184243387e-02, -2.842990908996967e-01
  9.520000000000000e+00,  8.593261537625008e-01,  1.138067096646351e-01,  4.847108375062500e-02,  1.201903445073349e+00,  2.937881477003324e-02, -2.829126579817176e-01
  9.529999999999999e+00,  8.592174446903178e-01,  1.140617894481173e-01,  4.812501902802683e-02,  1.202102418096014e+00,  2.959914594016988e-02, -2.837233066669760e-01
  9.540000000000001e+00,  8.579607509864937e-01,  1.139554606929589e-01,  4.906631616226349e-02,  1.201835253942187e+00,  2.896927814526112e-02, -2.831760045158551e-01
  9.550000000000001e+00,  8.585127119660388e-01,  1.136067574668567e-01,  4.845891767309329e-02,  1.201815340200821e+00,  2.919843902676693e-02, -2.835678054698721e-01
  9.560000000000000e+00,  8.589235072768522e-01,  1.140568161169109e-01,  4.737396293814338e-02,  1.202040133010388e+00,  2.903868830312506e-02, -2.848549740870195e-01
  9.570000000000000e+00,  8.583349229524936e-01,  1.139026797312019e-01,  4.780274883510611e-02,  1.202071070856545e+00,  2.859054263374454e-02, -2.838219418314853e-01
  9.580000000000000e+00,  8.589386490888490e-01,  1.140223146828621e-01,  4.705153917519857e-02,  1.202291517886177e+00,  2.969785532237468e-02, -2.841038837616053e-01
  9.590000000000000e+00,  8.591018910551810e-01,  1.140033456198264e-01,  4.674035051837589e-02,  1.202393019046102e+00,  2.925383766775266e-02, -2.843110029126260e-01
  9.600000000000000e+00,  8.582979433797027e-01,  1.136955922134402e-01,  4.771521743457249e-02,  1.201914345860322e+00,  2.872564630843315e-02, -2.834104262202760e-01
  9.609999999999999e+00,  8.589106772905143e-01,  1.137544399207275e-01,  4.700525678092624e-02,  1.201877888056432e+00,  2.926364997980337e-02, -2.838401843397074e-01
  9.620000000000001e+00,  8.582934229047675e-01,  1.142143917801652e-01,  4.752672222318844e-02,  1.201887834867551e+00,  2.891970644793976e-02, -2.838297161492457e-01
  9.630000000000001e+00,  8.572439713786213e-01,  1.137994404191365e-01,  4.887076294820609e-02,  1.201457444097768e+00,  2.781510263473624e-02, -2.830347089173069e-01
  9.640000000000001e+00,  8.571945054588884e-01,  1.131163717892396e-01,  4.884446691732675e-02,  1.201108708356671e+00,  2.841484418230736e-02, -2.844986789517328e-01
  9.650000000000000e+00,  8.571475720806534e-01,  1.128233157799463e-01,  4.842002054986303e-02,  1.201161759400118e+00,  2.883982332023068e-02, -2.850114038445140e-01
  9.660000000000000e+00,  8.582187097089619e-01,  1.127447849483032e-01,  4.765930140658382e-02,  1.201223721257209e+00,  2.869669827236587e-02, -2.842630786983891e-01
  9.670000000000000e+00,  8.570971289322202e-01,  1.126582500316147e-01,  4.883112056870015e-02,  1.201054139425878e+00,  2.805596344937870e-02, -2.835844011611310e-01
  9.680000000000000e+00,  8.574561089711029e-01,  1.130001547859107e-01,  4.845758974143546e-02,  1.201160166646869e+00,  2.847118734094260e-02, -2.840695867741297e-01
  9.690000000000000e+00,  8.581244606845579e-01,  1.128417133190192e-01,  4.786020093183761e-02,  1.201334346828046e+00,  2.877424121549490e-02, -2.852600323669511e-01
  9.700000000000001e+00,  8.572400362484525e-01,  1.124205542229886e-01,  4.855582759554201e-02,  1.200820399392649e+00,  2.783671945293886e-02, -2.851485618701102e-01
  9.710000000000001e+00,  8.576367694823737e-01,  1.121139730422380e-01,  4.868733921941767e-02,  1.200926819391142e+00,  2.835258044335377e-02, -2.841526887338721e-01
  9.720000000000001e+00,  8.583434727523672e-01,  1.125616868213457e-01,  4.806791753056712e-02,  1.201245915874554e+00,  2.888036391579284e-02, -2.848134665480669e-01
  9.730000000000000e+00,  8.578440694303312e-01,  1.128660089339459e-01,  4.868590507043464e-02,  1.201259550035273e+00,  2.907008473490302e-02, -2.848848685431702e-01
  9.740000000000000e+00,  8.588355788530377e-01,  1.128733136605773e-01,  4.794579215543766e-02,  1.201494514393107e+00,  2.907970262727014e-02, -2.846362960037171e-01
  9.750000000000000e+00,  8.586967269280674e-01,  1.125408721480414e-01,  4.831301821234442e-02,  1.201386246188989e+00,  2.945548731522189e-02, -2.853970841180837e-01
  9.760000000000000e+00,  8.578178230124249e-01,  1.124705883188890e-01,  4.920179384668288e-02,  1.201100374243561e+00,  2.964511160486173e-02, -2.855548716456663e-01
  9.770000000000000e+00,  8.585351184247793e-01,  1.122524869365085e-01,  4.815902622181507e-02,  1.200946507097136e+00,  2.841757296401528e-02, -2.852352455807436e-01
  9.779999999999999e+00,  8.590579727833986e-01,  1.117265305576525e-01,  4.775730668706225e-02,  1.200882343294138e+00,  2.845851421685146e-02, -2.855669581217675e-01
  9.790000000000001e+00,  8.588868706454419e-01,  1.116453974028360e-01,  4.806055627308880e-02,  1.200807041796199e+00,  2.876895584223683e-02, -2.848131220469056e-01
  9.800000000000001e+00,  8.578781882955117e-01,  1.113104902735600e-01,  4.994394075908597e-02,  1.200343967063755e+00,  2.877685895714907e-02, -2.848296270756528e-01
  9.810000000000000e+00,  8.580228442165875e-01,  1.115645471823927e-01,  5.036996793807385e-02,  1.200363580593585e+00,  2.970913788657297e-02, -2.852447567075185e-01
  9.820000000000000e+00,  8.585897766772960e-01,  1.113536199521477e-01,  4.950507770193157e-02,  1.200198264123917e+00,  2.962822174112748e-02, -2.861185333891457e-01
  9.830000000000000e+00,  8.581622352422295e-01,  1.113774727087347e-01,  5.090418768825158e-02,  1.199857807405054e+00,  2.989586786724856e-02, -2.862677150434988e-01
  9.840000000000000e+00,  8.593000685589592e-01,  1.111293132424624e-01,  5.102284227821595e-02,  1.200060057331990e+00,  3.067165809103215e-02, -2.853910149672148e-01
  9.850000000000000e+00,  8.597509294074911e-01,  1.108137248217131e-01,  5.097782829648266e-02,  1.199957360725412e+00,  3.042643676499064e-02, -2.847788151003894e-01
  9.859999999999999e+00,  8.600270908913422e-01,  1.106191364268241e-01,  5.134082984667821e-02,  1.199663098955501e+00,  3.074476428008144e-02, -2.851898397862002e-01
  9.870000000000001e+00,  8.600170110573473e-01,  1.106069913243446e-01,  5.165880479554539e-02,  1.199396383505197e+00,  3.062789789846182e-02, -2.857132471634804e-01
  9.880000000000001e+00,  8.603347585633120e-01,  1.100958791041944e-01,  5.241865049736465e-02,  1.199178214118186e+00,  3.073004831071354e-02, -2.864611640082166e-01
  9.890000000000001e+00,  8.603423664366792e-01,  1.099933740026515e-01,  5.390451661782823e-02,  1.199196582751934e+00,  3.123377164133966e-02, -2.857884527995340e-01
  9.900000000000000e+00,  8.595315373286623e-01,  1.101045557989515e-01,  5.596773380045859e-02,  1.199129715006153e+00,  3.041512953377564e-02, -2.866194074744147e-01
  9.910000000000000e+00,  8.600760968241737e-01,  1.094427210544191e-01,  5.573717953716555e-02,  1.198961604380416e+00,  3.027192417624549e-02, -2.856627997267568e-01
  9.920000000000000e+00,  8.591381544722883e-01,  1.094313622421452e-01,  5.657195583550329e-02,  1.198632259296851e+00,  3.010143270936371e-02, -2.857284770012170e-01
  9.930000000000000e+00,  8.591544446895751e-01,  1.099588954486743e-01,  5.719929361190816e-02,  1.198836675196838e+00,  3.042995126912530e-02, -2.860450829944010e-01
  9.940000000000000e+00,  8.593347365726320e-01,  1.104597696374188e-01,  5.727696302705181e-02,  1.198760441986832e+00,  2.988880159387881e-02, -2.861484453771421e-01
  9.949999999999999e+00,  8.609757633020254e-01,  1.096492628957804e-01,  5.766142870313287e-02,  1.198746316096668e+00,  3.015764419899018e-02, -2.847606907268695e-01
  9.960000000000001e+00,  8.624141316700329e-01,  1.071785880758469e-01,  5.966660407207547e-02,  1.198620502317686e+00,  3.040468471481531e-02, -2.833896058875856e-01
  9.970000000000001e+00,  8.635528114422284e-01,  1.063985428409351e-01,  5.941032053435363e-02,  1.198814683402984e+00,  3.083858910434394e-02, -2.833064719965192e-01
  9.980000000000000e+00,  8.639200394777315e-01,  1.064602777611428e-01,  5.935630383408363e-02,  1.198951628084907e+00,  3.018162751184536e-02, -2.828077930431141e-01
  9.990000000000000e+00,  8.631392005199346e-01,  1.070550733407067e-01,  5.933497155388138e-02,  1.199033581742257e+00,  2.964633320335518e-02, -2.835682986883056e-01
  1.000000000000000e+01,  8.627453098264704e-01,  1.064898514152095e-01,  6.015155091519975e-02,  1.198886010477133e+00,  3.027689432663818e-02, -2.830542923045734e-01
  1.001000000000000e+01,  8.624508241389447e-01,  1.075350946879998e-01,  5.985993915902741e-02,  1.199049806986624e+00,  2.992834701174411e-02, -2.845571459002834e-01
  1.002000000000000e+01,  8.624136526573797e-01,  1.079947229294027e-01,  5.832909954255313e-02,  1.199209836842986e+00,  2.971757181931343e-02, -2.842160387818523e-01
  1.003000000000000e+01,  8.625722558433468e-01,  1.074000828325956e-01,  5.920052977098441e-02,  1.199098531377113e+00,  2.923320678182956e-02, -2.824751075298392e-01
  1.004000000000000e+01,  8.634002672531813e-01,  1.071975074171660e-01,  5.876801994166335e-02,  1.199154547359829e+00,  2.855279902552766e-02, -2.830742230789597e-01
  1.005000000000000e+01,  8.632689271133974e-01,  1.061925054793376e-01,  5.909720008262437e-02,  1.198616875964450e+00,  2.796162114060967e-02, -2.810573988302342e-01
  1.006000000000000e+01,  8.634708606981494e-01,  1.070622345727845e-01,  5.807061632857793e-02,  1.198839467400987e+00,  2.846915477924852e-02, -2.816065934421121e-01
  1.007000000000000e+01,  8.636716062519723e-01,  1.061526032925055e-01,  5.923728975855058e-02,  1.198680508253557e+00,  2.914132710338703e-02, -2.814595930479123e-01
  1.008000000000000e+01,  8.644178119147088e-01,  1.067368065447234e-01,  5.949191204910350e-02,  1.198941990811238e+00,  2.985173498252842e-02, -2.811599751366837e-01
  1.009000000000000e+01,  8.656972045335258e-01,  1.062182022801419e-01,  5.801397238197858e-02,  1.199240368960816e+00,  2.969525296890849e-02, -2.805640396375532e-01
  1.010000000000000e+01,  8.657695363364595e-01,  1.060408263578434e-01,  5.785214027918530e-02,  1.199026210748934e+00,  2.934089362279901e-02, -2.797387684748377e-01
  1.011000000000000e+01,  8.650179284306909e-01,  1.059603935565541e-01,  5.910775712107808e-02,  1.198788501306291e+00,  2.931575780213209e-02, -2.805335432338137e-01
  1.012000000000000e+01,  8.654321653245616e-01,  1.053958503290167e-01,  5.945469402755747e-02,  1.198393928664135e+00,  2.926474168361169e-02, -2.813013404982847e-01
  1.013000000000000e+01,  8.663148949764903e-01,  1.050758462139876e-01,  5.921485700709742e-02,  1.198498268881452e+00,  2.991937939227316e-02, -2.807318749449949e-01
  1.014000000000000e+01,  8.660604122329902e-01,  1.052655664038247e-01,  6.034356229247504e-02,  1.198169615463210e+00,  2.998715080430898e-02, -2.802950883174454e-01
  1.015000000000000e+01,  8.664763462407409e-01,  1.048887095569362e-01,  6.081272301896641e-02,  1.197906959414671e+00,  2.963535531342579e-02, -2.797961747844748e-01
  1.016000000000000e+01,  8.665881241874799e-01,  1.049197955869059e-01,  6.078253990803396e-02,  1.197736791089925e+00,  3.029242088543752e-02, -2.797654522408290e-01
  1.017000000000000e+01,  8.671389236083716e-01,  1.050854383270408e-01,  6.162186133306449e-02,  1.197591774044542e+00,  2.992478223763377e-02, -2.793362846449571e-01
  1.018000000000000e+01,  8.675588654858494e-01,  1.052615199312714e-01,  6.247442844153313e-02,  1.197301076619858e+00,  3.034378624641669e-02, -2.799876638682232e-01
  1.019000000000000e+01,  8.677045800533518e-01,  1.049653870086247e-01,  6.257703325799960e-02,  1.196736615391027e+00,  2.974716434984013e-02, -2.806714837657913e-01
  1.020000000000000e+01,  8.679748348233804e-01,  1.047382195566355e-01,  6.282661690652126e-02,  1.196606794940962e+00,  2.975552331322501e-02, -2.811608855387965e-01
  1.021000000000000e+01,  8.695717919230980e-01,  1.045979240766146e-01,  6.268111655907306e-02,  1.196553398606709e+00,  2.980967601852242e-02, -2.799880525064539e-01
  1.022000000000000e+01,  8.698877718838162e-01,  1.054152537641533e-01,  6.354239764702760e-02,  1.196437404128510e+00,  3.069540492980884e-02, -2.810283531065196e-01
  1.023000000000000e+01,  8.692303926779135e-01,  1.054051286405555e-01,  6.452880549756475e-02,  1.195737991866225e+00,  3.068910826067018e-02, -2.821222629652105e-01
  1.024000000000000e+01,  8.700302602578703e-01,  1.054140536314465e-01,  6.446998667286261e-02,  1.195750777974358e+00,  3.087816467313115e-02, -2.823899030979383e-01
  1.025000000000000e+01,  8.702890448393510e-01,  1.052145044225083e-01,  6.481112844373163e-02,  1.195745032660868e+00,  3.104151119792366e-02, -2.812031097086631e-01
  1.026000000000000e+01,  8.702647721603004e-01,  1.052261364454163e-01,  6.570229659347906e-02,  1.195380002732084e+00,  3.200795827782476e-02, -2.813715312723301e-01
  1.027000000000000e+01,  8.695699994471063e-01,  1.046252401762657e-01,  6.657150388183909e-02,  1.194691986708541e+00,  3.099766893555276e-02, -2.807603394335424e-01
  1.028000000000000e+01,  8.707704064535116e-01,  1.047440348191715e-01,  6.690357316745908e-02,  1.194342587403204e+00,  3.103315843367169e-02, -2.813031575874058e-01
  1.029000000000000e+01,  8.710268709569247e-01,  1.041585450480078e-01,  6.671080856125020e-02,  1.194064836749731e+00,  3.152304361430131e-02, -2.817374957968133e-01
  1.030000000000000e+01,  8.714271188597053e-01,  1.038247731991657e-01,  6.750577966053982e-02,  1.193917297058600e+00,  3.217441247922826e-02, -2.812424664825661e-01
  1.031000000000000e+01,  8.711375793400847e-01,  1.036142332552861e-01,  6.813605181806173e-02,  1.193517184217604e+00,  3.238728094756255e-02, -2.809579943532510e-01
  1.032000000000000e+01,  8.705330433755540e-01,  1.027946300987144e-01,  6.967248351404777e-02,  1.192886048686477e+00,  3.164002983359281e-02, -2.796937807375691e-01
  1.033000000000000e+01,  8.713750542678579e-01,  1.025607550262388e-01,  6.824692496404379e-02,  1.192575915005200e+00,  3.067676949179213e-02, -2.794787343989798e-01
  1.034000000000000e+01,  8.723132836854980e-01,  1.021214048420525e-01,  6.913395039018945e-02,  1.192339373840684e+00,  3.127096844665741e-02, -2.804054068976679e-01
  1.035000000000000e+01,  8.714137459852093e-01,  1.028302561743952e-01,  6.989092431760006e-02,  1.192334037845548e+00,  3.161163363402875e-02, -2.798158487948261e-01
  1.036000000000000e+01,  8.705645875623413e-01,  1.043645863564473e-01,  6.757063449974124e-02,  1.192278811082956e+00,  3.168176399502087e-02, -2.798965713594794e-01
  1.037000000000000e+01,  8.725958084843286e-01,  1.024366990887102e-01,  6.975962916662011e-02,  1.191870325372717e+00,  3.204108847305521e-02, -2.789010002389490e-01
  1.038000000000000e+01,  8.732445915012462e-01,  1.016293806273691e-01,  7.022336856212531e-02,  1.191384928473242e+00,  3.209463631087064e-02, -2.779565999394472e-01
  1.039000000000000e+01,  8.714404476782514e-01,  1.035150864919192e-01,  6.831626725481765e-02,  1.191327835909171e+00,  3.263977778776748e-02, -2.799392824575013e-01
  1.040000000000000e+01,  8.709905298519384e-01,  1.039645680089025e-01,  6.771147649692900e-02,  1.191142172918777e+00,  3.188680773598504e-02, -2.804899426636716e-01
  1.041000000000000e+01,  8.714798202461244e-01,  1.035570822119540e-01,  6.814144694688860e-02,  1.190904944810781e+00,  3.269572120892682e-02, -2.799212904138541e-01
  1.042000000000000e+01,  8.724028632807584e-01,  1.024286529254379e-01,  6.949331049240244e-02,  1.190556354118443e+00,  3.305441386995459e-02, -2.787657889096389e-01
  1.043000000000000e+01,  8.713169055357352e-01,  1.042566526039848e-01,  6.942741094521575e-02,  1.190278474106113e+00,  3.325983305036095e-02, -2.796323235451852e-01
  1.044000000000000e+01,  8.719850583837829e-01,  1.026812619145931e-01,  7.039483908004993e-02,  1.189691491090192e+00,  3.260010300310739e-02, -2.799686486214177e-01
  1.045000000000000e+01,  8.715331711323724e-01,  1.036734544387587e-01,  7.079897837666291e-02,  1.189635841641978e+00,  3.313059748843770e-02, -2.800930335327905e-01
  1.046000000000000e+01,  8.711730037427423e-01,  1.046339800871658e-01,  7.166017268773282e-02,  1.189203964090486e+00,  3.253474111429945e-02, -2.787972860666262e-01
  1.047000000000000e+01,  8.708768130847260e-01,  1.048326091975549e-01,  7.248000186501530e-02,  1.188945059199189e+00,  3.309394682981450e-02, -2.796206372603584e-01
  1.048000000000000e+01,  8.699766594481135e-01,  1.050727454575189e-01,  7.391213365436201e-02,  1.188669713006576e+00,  3.294711144709527e-02, -2.799590229969298e-01
  1.049000000000000e+01,  8.699355007126498e-01,  1.053231875757170e-01,  7.506679012260116e-02,  1.188501448072873e+00,  3.294762948089087e-02, -2.799422502977045e-01
  1.050000000000000e+01,  8.706130168065267e-01,  1.052760582255150e-01,  7.693143540080175e-02,  1.188298423137050e+00,  3.301882311833574e-02, -2.801068658795264e-01
  1.051000000000000e+01,  8.722254487021950e-01,  1.039953335766726e-01,  8.159773866120437e-02,  1.187898776283951e+00,  3.271733519239769e-02, -2.802554430474952e-01
  1.052000000000000e+01,  8.720566122591561e-01,  1.043147850061028e-01,  8.229606826653699e-02,  1.187856226649353e+00,  3.360548657432767e-02, -2.803634193805775e-01
  1.053000000000000e+01,  8.704499034428215e-01,  1.054714281857425e-01,  8.097453638706262e-02,  1.187610930639298e+00,  3.292837312114481e-02, -2.792314373385298e-01
  1.054000000000000e+01,  8.716935483603410e-01,  1.045457166852894e-01,  8.222132955302329e-02,  1.187511195727168e+00,  3.365835293152857e-02, -2.793571108774770e-01
  1.055000000000000e+01,  8.719842957172133e-01,  1.034322841567477e-01,  8.353209748525854e-02,  1.186923551399230e+00,  3.315086705734845e-02, -2.785007396510959e-01
  1.056000000000000e+01,  8.717742578981361e-01,  1.036424686624373e-01,  8.433732946280105e-02,  1.186635374018271e+00,  3.328766722284528e-02, -2.786710170312197e-01
  1.057000000000000e+01,  8.713502453654621e-01,  1.038686658230583e-01,  8.529835621504135e-02,  1.186630696504106e+00,  3.414098221630080e-02, -2.796886562563797e-01
  1.058000000000000e+01,  8.716274726702352e-01,  1.033052790334363e-01,  8.467803324777408e-02,  1.186371197447165e+00,  3.381547406565379e-02, -2.805496164388239e-01
  1.059000000000000e+01,  8.715513737693382e-01,  1.028100578671327e-01,  8.426978446809343e-02,  1.185965977513564e+00,  3.344344437511781e-02, -2.794581885985531e-01
  1.060000000000000e+01,  8.716047134332369e-01,  1.026172825010490e-01,  8.478306908281900e-02,  1.185794397023717e+00,  3.317234919802443e-02, -2.791941793955913e-01
  1.061000000000000e+01,  8.713298470805028e-01,  1.022234370857082e-01,  8.526967588747568e-02,  1.185878924460873e+00,  3.378180072462834e-02, -2.781761966958295e-01
  1.062000000000000e+01,  8.715081741657009e-01,  1.020379690233799e-01,  8.543381595821543e-02,  1.185892109511802e+00,  3.358693618759202e-02, -2.775245558709947e-01
  1.063000000000000e+01,  8.719688082304979e-01,  1.018496125665680e-01,  8.493011768675675e-02,  1.185818277216302e+00,  3.351376360137454e-02, -2.770193811241101e-01
  1.064000000000000e+01,  8.713797406174130e-01,  1.013396947463232e-01,  8.540799286015725e-02,  1.185590507094034e+00,  3.395854181307294e-02, -2.772547366156636e-01
  1.065000000000000e+01,  8.715776884939405e-01,  1.009969659702947e-01,  8.569042835327777e-02,  1.185497062465795e+00,  3.379455874424581e-02, -2.767698350437909e-01
  1.066000000000000e+01,  8.718093700207151e-01,  1.011808918138308e-01,  8.613173527637036e-02,  1.185542218678616e+00,  3.372429998754614e-02, -2.766410741918053e-01
  1.067000000000000e+01,  8.706939731837549e-01,  1.012559571857228e-01,  8.628086161537182e-02,  1.185301227055149e+00,  3.310596893971629e-02, -2.760858565741199e-01
  1.068000000000000e+01,  8.706907504121232e-01,  1.015793236711864e-01,  8.469991076003525e-02,  1.185317850795342e+00,  3.329506702914103e-02, -2.765699745047535e-01
  1.069000000000000e+01,  8.697094551693935e-01,  1.025340898838978e-01,  8.289642741264089e-02,  1.185427506874621e+00,  3.339430761113024e-02, -2.780118090929046e-01
  1.070000000000000e+01,  8.702748427089728e-01,  1.013196601529305e-01,  8.467296154714017e-02,  1.184949329377842e+00,  3.315359100061956e-02, -2.771970595936469e-01
  1.071000000000000e+01,  8.695562350313942e-01,  1.029133636024193e-01,  8.217227792581282e-02,  1.185826865675249e+00,  3.444527294720132e-02, -2.788667042823589e-01
  1.072000000000000e+01,  8.692992603470547e-01,  1.041588280184702e-01,  8.014277855020670e-02,  1.187116655080416e+00,  3.352492202862113e-02, -2.800369877884772e-01
  1.073000000000000e+01,  8.694765362271116e-01,  1.030213119556915e-01,  8.156882720983599e-02,  1.185817540449280e+00,  3.370055138328566e-02, -2.786016720888866e-01
  1.074000000000000e+01,  8.698611946237521e-01,  1.029923711920973e-01,  8.150492683556107e-02,  1.185595964698815e+00,  3.405741126079828e-02, -2.781354591809242e-01
  1.075000000000000e+01,  8.694488971478120e-01,  1.032612526062029e-01,  8.130851143730961e-02,  1.185618430958387e+00,  3.337583180471482e-02, -2.773396748015430e-01
  1.076000000000000e+01,  8.692374015340099e-01,  1.032771364853449e-01,  8.153540351930676e-02,  1.185431904799021e+00,  3.352688368698709e-02, -2.777554508651404e-01
  1.077000000000000e+01,  8.695402988861709e-01,  1.038263295285875e-01,  8.119884561733798e-02,  1.185606849258488e+00,  3.392488965291441e-02, -2.788442968794873e-01
  1.078000000000000e+01,  8.692791191961188e-01,  1.044656269735071e-01,  8.117609245675052e-02,  1.185935303760801e+00,  3.373028656558342e-02, -2.790780228235841e-01
  1.079000000000000e+01,  8.697609486143982e-01,  1.046094527352097e-01,  8.056437985420234e-02,  1.185964535666799e+00,  3.343610032629386e-02, -2.789024949964938e-01
  1.080000000000000e+01,  8.706105497691605e-01,  1.052031651362459e-01,  8.153917974755012e-02,  1.186208899753131e+00,  3.314493583556173e-02, -2.802440027897803e-01
  1.081000000000000e+01,  8.704047918736092e-01,  1.063778368272315e-01,  8.176941718894734e-02,  1.186862013327037e+00,  3.422456448130787e-02, -2.808594895662573e-01
  1.082000000000000e+01,  8.702775989229172e-01,  1.066558033828890e-01,  8.172848174298537e-02,  1.187162113396223e+00,  3.428590770315393e-02, -2.816939643792286e-01
  1.083000000000000e+01,  8.702554092824818e-01,  1.067421825647330e-01,  8.203774715550302e-02,  1.187207865668376e+00,  3.413179800038506e-02, -2.821569513376514e-01
  1.084000000000000e+01,  8.701067391131040e-01,  1.066186942121663e-01,  8.215504148085565e-02,  1.187234806172161e+00,  3.346157681657586e-02, -2.812781601388089e-01
  1.085000000000000e+01,  8.703531344767962e-01,  1.066581792007317e-01,  8.171397986835227e-02,  1.187360937371887e+00,  3.398009546874665e-02, -2.812775167705281e-01
  1.086000000000000e+01,  8.704216154854242e-01,  1.062723564899821e-01,  8.097247439232130e-02,  1.187299970115393e+00,  3.361848717069661e-02, -2.805823440264428e-01
  1.087000000000000e+01,  8.699696480117389e-01,  1.065024616993810e-01,  8.145990123856638e-02,  1.187381271968676e+00,  3.289222606087510e-02, -2.798613152503241e-01
  1.088000000000000e+01,  8.698352389951007e-01,  1.066662518701813e-01,  8.092225135279668e-02,  1.187653591675107e+00,  3.347179351960634e-02, -2.807560174818244e-01
  1.089000000000000e+01,  8.696336029889005e-01,  1.069224359461314e-01,  7.964203546711179e-02,  1.187860391133250e+00,  3.328576922130976e-02, -2.814944652699552e-01
  1.090000000000000e+01,  8.698080290496661e-01,  1.069241887267838e-01,  8.074707777986616e-02,  1.187896664022082e+00,  3.352872071346109e-02, -2.811251323700611e-01
  1.091000000000000e+01,  8.691536952793965e-01,  1.059670360281537e-01,  7.984375861637075e-02,  1.187689812208417e+00,  3.328415769742100e-02, -2.798224778966756e-01
  1.092000000000000e+01,  8.694897189244052e-01,  1.059425200577198e-01,  7.859987272401743e-02,  1.187791623875952e+00,  3.306816938822876e-02, -2.786594041005993e-01
  1.093000000000000e+01,  8.695288161914099e-01,  1.061231547735744e-01,  7.839839062662246e-02,  1.187826573028965e+00,  3.269648644310917e-02, -2.780672246953888e-01
  1.094000000000000e+01,  8.692083481508832e-01,  1.056231041804634e-01,  7.837755372754419e-02,  1.187731379005229e+00,  3.307056727049035e-02, -2.773043455296064e-01
  1.095000000000000e+01,  8.699982950636189e-01,  1.050302862821957e-01,  7.698930137217151e-02,  1.187696179876537e+00,  3.230342459458153e-02, -2.763694373053461e-01
  1.096000000000000e+01,  8.695956056868084e-01,  1.047863111732372e-01,  7.656640231709641e-02,  1.187724200118451e+00,  3.269275213391417e-02, -2.765075995949397e-01
  1.097000000000000e+01,  8.691088110369400e-01,  1.046525880416498e-01,  7.655851969699617e-02,  1.187733360172576e+00,  3.309268748215943e-02, -2.766005351519332e-01
  1.098000000000000e+01,  8.693401464483380e-01,  1.044848357269164e-01,  7.596548626780113e-02,  1.187903662682416e+00,  3.307195312917863e-02, -2.765325088093327e-01
  1.099000000000000e+01,  8.691288263799565e-01,  1.042989820534062e-01,  7.581557094465108e-02,  1.187726041963603e+00,  3.251628189012437e-02, -2.769863559211811e-01
  1.100000000000000e+01,  8.691859511536504e-01,  1.043738101608946e-01,  7.632272062011573e-02,  1.187924292779247e+00,  3.289067544742184e-02, -2.764429494437904e-01
  1.101000000000000e+01,  8.687304880831658e-01,  1.038767823675411e-01,  7.648178931689452e-02,  1.187984401393112e+00,  3.247276839379668e-02, -2.756728906458505e-01
  1.102000000000000e+01,  8.686325233437238e-01,  1.032449198385019e-01,  7.566957661134646e-02,  1.187910527241026e+00,  3.270548542194682e-02, -2.754784076731413e-01
  1.103000000000000e+01,  8.685270633513098e-01,  1.028853579902622e-01,  7.564076676777882e-02,  1.187785249625053e+00,  3.299197861206549e-02, -2.756213713397911e-01
  1.104000000000000e+01,  8.686163269625857e-01,  1.024851230558999e-01,  7.566754695738773e-02,  1.187704690937629e+00,  3.282902084439582e-02, -2.751153488234362e-01
  1.105000000000000e+01,  8.684191098427576e-01,  1.022122897517030e-01,  7.536739822143483e-02,  1.187856075639408e+00,  3.249345871796662e-02, -2.748733864378771e-01
  1.106000000000000e+01,  8.683638419252974e-01,  1.022232532175211e-01,  7.485437819127082e-02,  1.188010011155591e+00,  3.281512431370479e-02, -2.748243317504396e-01
  1.107000000000000e+01,  8.684219764906524e-01,  1.022865539695403e-01,  7.498294877360202e-02,  1.187967517134175e+00,  3.287247325615241e-02, -2.748815335002202e-01
  1.108000000000000e+01,  8.684233060860626e-01,  1.019148467783548e-01,  7.419597227964882e-02,  1.187979427508024e+00,  3.268895853658867e-02, -2.744220368599481e-01
  1.109000000000000e+01,  8.683596364091425e-01,  1.018691101052309e-01,  7.398575289051879e-02,  1.187963493897074e+00,  3.219824452898487e-02, -2.742516761899053e-01
  1.110000000000000e+01,  8.682783843380857e-01,  1.019959718143546e-01,  7.473982024906320e-02,  1.187919192141573e+00,  3.265540780036297e-02, -2.747794400205222e-01
  1.111000000000000e+01,  8.683804959446693e-01,  1.023347724699515e-01,  7.506951471108221e-02,  1.187891064370547e+00,  3.319296509425017e-02, -2.748657096835403e-01
  1.112000000000000e+01,  8.686776353622792e-01,  1.027106048470783e-01,  7.563771806437025e-02,  1.188035235342453e+00,  3.308189756328604e-02, -2.754007104653562e-01
  1.113000000000000e+01,  8.690273947349377e-01,  1.027831710498064e-01,  7.595847632200234e-02,  1.188149526247640e+00,  3.288586855741008e-02, -2.753583546123163e-01
  1.114000000000000e+01,  8.689160085921700e-01,  1.027069681685475e-01,  7.537037096436300e-02,  1.188182579146848e+00,  3.304709386253698e-02, -2.748588956440353e-01
  1.115000000000000e+01,  8.685016125992520e-01,  1.023176922616429e-01,  7.547128922034724e-02,  1.187954428787497e+00,  3.400840831129259e-02, -2.752965118196742e-01
  1.116000000000000e+01,  8.682148182692681e-01,  1.021829674711412e-01,  7.559402685653950e-02,  1.187851801067483e+00,  3.392584043866866e-02, -2.754411477009693e-01
  1.117000000000000e+01,  8.690869254021639e-01,  1.023426400371048e-01,  7.580162117298991e-02,  1.188106828133846e+00,  3.359136168461099e-02, -2.751976196767023e-01
  1.118000000000000e+01,  8.689238137665348e-01,  1.024204010123144e-01,  7.614558703074939e-02,  1.188026463963183e+00,  3.333447145521445e-02, -2.760523706197414e-01
  1.119000000000000e+01,  8.683341784583049e-01,  1.022358641376839e-01,  7.579153303514226e-02,  1.188059856558539e+00,  3.341871114558544e-02, -2.759850758045677e-01
  1.120000000000000e+01,  8.677695167603365e-01,  1.027268801067232e-01,  7.550252566226937e-02,  1.188115026438116e+00,  3.327183442536105e-02, -2.753019449995551e-01
  1.121000000000000e+01,  8.679284660610862e-01,  1.028741655467726e-01,  7.520209257220353e-02,  1.188135263686130e+00,  3.378095030950688e-02, -2.764196462766515e-01
  1.122000000000000e+01,  8.673778247116330e-01,  1.026917923441306e-01,  7.515142057183216e-02,  1.187802118181968e+00,  3.299284970787705e-02, -2.774780822464642e-01
  1.123000000000000e+01,  8.672785804773161e-01,  1.028689841227137e-01,  7.558669436643715e-02,  1.187952924531375e+00,  3.306533812911745e-02, -2.765666540460071e-01
  1.124000000000000e+01,  8.671991834089737e-01,  1.028882035328329e-01,  7.650376893492955e-02,  1.187932863935150e+00,  3.340698079577096e-02, -2.768377900076065e-01
  1.125000000000000e+01,  8.677513531597558e-01,  1.030494132281561e-01,  7.774482569527381e-02,  1.187916676428914e+00,  3.301689038703198e-02, -2.763668668403389e-01
  1.126000000000000e+01,  8.675430918618663e-01,  1.028239277596390e-01,  7.753521126241113e-02,  1.187884142196682e+00,  3.275686059033992e-02, -2.758102419999863e-01
  1.127000000000000e+01,  8.672051000028640e-01,  1.028004322268090e-01,  7.801668602827863e-02,  1.187827149912364e+00,  3.303789049973812e-02, -2.764193366648649e-01
  1.128000000000000e+01,  8.674857073491504e-01,  1.031302980295374e-01,  7.890199418259025e-02,  1.187811776864839e+00,  3.329717547586171e-02, -2.765772665633944e-01
  1.129000000000000e+01,  8.674616480556927e-01,  1.033561526950435e-01,  7.929844595986971e-02,  1.187933433277089e+00,  3.294658202279747e-02, -2.761991065556679e-01
  1.130000000000000e+01,  8.674249922379555e-01,  1.034207331891377e-01,  7.964659519558881e-02,  1.187827561940477e+00,  3.292143032497281e-02, -2.764360899723947e-01
  1.131000000000000e+01,  8.673327970298634e-01,  1.030893465193061e-01,  7.995764574964059e-02,  1.187743199138585e+00,  3.234855855455483e-02, -2.753527793888852e-01
  1.132000000000000e+01,  8.672635324457284e-01,  1.031349918686950e-01,  7.995532641198416e-02,  1.187551048180928e+00,  3.279434081771671e-02, -2.757384377696988e-01
  1.133000000000000e+01,  8.671911830004325e-01,  1.030666770817148e-01,  7.987354073993599e-02,  1.187321189491745e+00,  3.189646694851795e-02, -2.765498480546560e-01
  1.134000000000000e+01,  8.671769147396247e-01,  1.030011544098459e-01,  7.983493144100559e-02,  1.187466914905028e+00,  3.268570682059212e-02, -2.762297743842443e-01
  1.135000000000000e+01,  8.678919386564369e-01,  1.026506727615615e-01,  7.985257907170967e-02,  1.187441905954342e+00,  3.252959726753597e-02, -2.750454315955450e-01
  1.136000000000000e+01,  8.683306631703029e-01,  1.032645709155817e-01,  7.833441102231690e-02,  1.187652831790900e+00,  3.329569120150806e-02, -2.764919752956284e-01
  1.137000000000000e+01,  8.673948547444712e-01,  1.027213790277886e-01,  7.899902184112759e-02,  1.187362493590802e+00,  3.300039490972700e-02, -2.763621409215894e-01
  1.138000000000000e+01,  8.673342909708123e-01,  1.024070748205865e-01,  7.959443532880361e-02,  1.187266367653847e+00,  3.263817387495409e-02, -2.752938339880953e-01
  1.139000000000000e+01,  8.674027644360222e-01,  1.026340644035242e-01,  7.989971645116932e-02,  1.187430146135481e+00,  3.328448306339115e-02, -2.757933814731975e-01
  1.140000000000000e+01,  8.670783306167157e-01,  1.028788035220369e-01,  7.957717473135680e-02,  1.187541321351784e+00,  3.304430059006292e-02, -2.761511485753500e-01
  1.141000000000000e+01,  8.671265460275027e-01,  1.027858674685918e-01,  7.962628004890353e-02,  1.187682478910649e+00,  3.280385751134237e-02, -2.762755524776418e-01
  1.142000000000000e+01,  8.668019500436365e-01,  1.027270674585647e-01,  7.994704167672603e-02,  1.187803224620176e+00,  3.281629075163112e-02, -2.760434966658205e-01
  1.143000000000000e+01,  8.665598465400661e-01,  1.029200298397550e-01,  7.966896383749041e-02,  1.187702113965289e+00,  3.284412834055044e-02, -2.761618328065921e-01
  1.144000000000000e+01,  8.667801291979584e-01,  1.028940787550330e-01,  7.962810800807878e-02,  1.187781473120631e+00,  3.258559694676449e-02, -2.766549755271593e-01
  1.145000000000000e+01,  8.663066819939781e-01,  1.035715249774782e-01,  7.942693462912831e-02,  1.187906352726883e+00,  3.284356014290146e-02, -2.768377600223443e-01
  1.146000000000000e+01,  8.660932373416843e-01,  1.032145656835513e-01,  7.952025675934464e-02,  1.187657307064226e+00,  3.240704896251229e-02, -2.772474186373073e-01
  1.147000000000000e+01,  8.660051552393521e-01,  1.025304986154219e-01,  7.930772037527953e-02,  1.187781494768896e+00,  3.258538979856075e-02, -2.766193886361119e-01
  1.148000000000000e+01,  8.663383907463891e-01,  1.023544772005995e-01,  7.916001596583452e-02,  1.187966329375508e+00,  3.290845317502653e-02, -2.762855651527412e-01
  1.149000000000000e+01,  8.664797933002053e-01,  1.025926235640273e-01,  7.910082074781317e-02,  1.188083694746040e+00,  3.300565701530969e-02, -2.766718021088815e-01
  1.150000000000000e+01,  8.669010676251466e-01,  1.024830541714183e-01,  8.016695519248991e-02,  1.188136781865508e+00,  3.212850677262549e-02, -2.762802040982202e-01
  1.151000000000000e+01,  8.672556593214967e-01,  1.019752769258191e-01,  8.047064900901520e-02,  1.187817214519915e+00,  3.084872741729246e-02, -2.753653975702599e-01
  1.152000000000000e+01,  8.677632815262950e-01,  1.021038591466470e-01,  8.016849091343420e-02,  1.188003562853248e+00,  3.114454168766111e-02, -2.749973853480547e-01
  1.153000000000000e+01,  8.674220110864482e-01,  1.022504982302783e-01,  7.974627685219551e-02,  1.188358826108221e+00,  3.193225978073976e-02, -2.755955527674274e-01
  1.154000000000000e+01,  8.677571736797081e-01,  1.023592500782111e-01,  7.925337996309575e-02,  1.188498595726620e+00,  3.217401428233613e-02, -2.755696639910882e-01
  1.155000000000000e+01,  8.683894130882047e-01,  1.028886618780860e-01,  7.764733782277439e-02,  1.188721946093364e+00,  3.219063407212292e-02, -2.754461105431474e-01
  1.156000000000000e+01,  8.678687969977404e-01,  1.030458401608370e-01,  7.832294405485252e-02,  1.188728003473399e+00,  3.216536217917620e-02, -2.754493894432846e-01
  1.157000000000000e+01,  8.680695186846242e-01,  1.023101749156909e-01,  7.908054956406578e-02,  1.188616778502751e+00,  3.219628866696817e-02, -2.759328887618538e-01
  1.158000000000000e+01,  8.679266188838798e-01,  1.026348877690406e-01,  7.836372306253718e-02,  1.188790154719252e+00,  3.238323377861398e-02, -2.762121349893918e-01
  1.159000000000000e+01,  8.686585494547423e-01,  1.029597152081405e-01,  7.764418744443910e-02,  1.189030598053649e+00,  3.228563028248047e-02, -2.762906496025652e-01
  1.160000000000000e+01,  8.680975092093330e-01,  1.029420601060209e-01,  7.818979944702384e-02,  1.189025050849661e+00,  3.244472947791566e-02, -2.763970675184899e-01
  1.161000000000000e+01,  8.672587202722296e-01,  1.026971954699114e-01,  7.777031075878646e-02,  1.189019094788319e+00,  3.232437494089380e-02, -2.766234912305426e-01
  1.162000000000000e+01,  8.673249039378238e-01,  1.025551286252773e-01,  7.785248287005360e-02,  1.188911531560428e+00,  3.242278600886200e-02, -2.765024681974649e-01
  1.163000000000000e+01,  8.684689320274057e-01,  1.027552707297117e-01,  7.742842366191813e-02,  1.189120389356222e+00,  3.262255962436682e-02, -2.760646917953713e-01
  1.164000000000000e+01,  8.673375368574163e-01,  1.025748648853761e-01,  7.755413095167663e-02,  1.188859413520754e+00,  3.221261928222534e-02, -2.768519433121766e-01
  1.165000000000000e+01,  8.673933181942631e-01,  1.026158348836812e-01,  7.883132312334096e-02,  1.188940919199267e+00,  3.256006398555393e-02, -2.775077859087556e-01
  1.166000000000000e+01,  8.677408960705096e-01,  1.030090186356636e-01,  7.872239587362775e-02,  1.189261397591140e+00,  3.209438526447773e-02, -2.773866065182323e-01
  1.167000000000000e+01,  8.675878380715337e-01,  1.035642459484643e-01,  7.840265884303485e-02,  1.189300237304511e+00,  3.212527247240702e-02, -2.776420296231573e-01
  1.168000000000000e+01,  8.683229893541132e-01,  1.035192993148968e-01,  7.748506689792979e-02,  1.189544830695532e+00,  3.305639429081101e-02, -2.774957175626999e-01
  1.169000000000000e+01,  8.683802959917540e-01,  1.031543983480541e-01,  7.709857816007487e-02,  1.189763545134742e+00,  3.297347421945030e-02, -2.772520652399303e-01
  1.170000000000000e+01,  8.682403280756276e-01,  1.030798457011914e-01,  7.750690971047221e-02,  1.189697231682277e+00,  3.254567631311772e-02, -2.769464848277102e-01
  1.171000000000000e+01,  8.666852212905470e-01,  1.033595397275253e-01,  7.823264558639718e-02,  1.189563719789606e+00,  3.167327584683378e-02, -2.759976284404225e-01
  1.172000000000000e+01,  8.663227806425579e-01,  1.036758807568814e-01,  7.814395414851952e-02,  1.189753456416362e+00,  3.236485007312716e-02, -2.771721312193769e-01
  1.173000000000000e+01,  8.660188408533337e-01,  1.037812521324337e-01,  7.779700900044714e-02,  1.189927229031748e+00,  3.230436954694171e-02, -2.774592670298583e-01
  1.174000000000000e+01,  8.655468922080218e-01,  1.040058710157292e-01,  7.809998656451965e-02,  1.189727745176739e+00,  3.257775718286476e-02, -2.774080550722748e-01
  1.175000000000000e+01,  8.648215005617627e-01,  1.056671448438744e-01,  7.747327471805952e-02,  1.190065450600550e+00,  3.251170997712993e-02, -2.780863499504104e-01
  1.176000000000000e+01,  8.656727566593424e-01,  1.056187092065111e-01,  7.589871025255336e-02,  1.190363726329942e+00,  3.319670439409048e-02, -2.779254674911719e-01
  1.177000000000000e+01,  8.658223267933760e-01,  1.053546472040545e-01,  7.363080522758153e-02,  1.190532825097310e+00,  3.299910128963133e-02, -2.779167510381156e-01
  1.178000000000000e+01,  8.656802519067867e-01,  1.051459798637866e-01,  7.267624357941756e-02,  1.190398268204510e+00,  3.187795965947228e-02, -2.771700507271772e-01
  1.179000000000000e+01,  8.655872233682091e-01,  1.053863165602038e-01,  7.240560214572266e-02,  1.190580508578080e+00,  3.213545458354123e-02, -2.775025697766652e-01
  1.180000000000000e+01,  8.644627801422888e-01,  1.054556490883363e-01,  7.286675172202092e-02,  1.190481891665051e+00,  3.108407089486190e-02, -2.776927602669486e-01
  1.181000000000000e+01,  8.651781347079427e-01,  1.054401292988350e-01,  7.224333916665369e-02,  1.190777555424178e+00,  3.122201838399758e-02, -2.768922970529822e-01
  1.182000000000000e+01,  8.648168509841968e-01,  1.058891728278930e-01,  7.196142076127592e-02,  1.191121918363024e+00,  3.155115258348703e-02, -2.768325569922437e-01
  1.183000000000000e+01,  8.652039138066584e-01,  1.062135348034108e-01,  7.121448699725713e-02,  1.191563585133430e+00,  3.123872902470699e-02, -2.773477012724899e-01
  1.184000000000000e+01,  8.640936483227067e-01,  1.062206776107197e-01,  7.178197465751729e-02,  1.191458853227394e+00,  3.061356376560649e-02, -2.770427732068818e-01
  1.185000000000000e+01,  8.640347947056022e-01,  1.059588600669663e-01,  7.131000928334126e-02,  1.191559431270203e+00,  3.115869962252558e-02, -2.772194763944502e-01
  1.186000000000000e+01,  8.647555574986153e-01,  1.057652698852134e-01,  7.026872994508583e-02,  1.191816098635277e+00,  3.158096443168917e-02, -2.775245987745810e-01
  1.187000000000000e+01,  8.648840301929122e-01,  1.059024281674381e-01,  7.012620102014010e-02,  1.191902947473560e+00,  3.139975847529462e-02, -2.775379358633578e-01
  1.188000000000000e+01,  8.644666110402445e-01,  1.064839608215098e-01,  7.009870718645701e-02,  1.192042100961895e+00,  3.138723309785213e-02, -2.774203763407918e-01
  1.189000000000000e+01,  8.631604912462708e-01,  1.068231717268358e-01,  7.048810162367862e-02,  1.192064079470327e+00,  3.144403942282416e-02, -2.779286551308112e-01
  1.190000000000000e+01,  8.638976433072063e-01,  1.065532406272907e-01,  6.933686922555429e-02,  1.192334672333247e+00,  3.180839244599232e-02, -2.791608825622539e-01
  1.191000000000000e+01,  8.640004918573644e-01,  1.069723864710792e-01,  6.930083310633528e-02,  1.192547193018350e+00,  3.183696581884439e-02, -2.802855461511555e-01
  1.192000000000000e+01,  8.640090625008274e-01,  1.072769825017832e-01,  6.974158090922022e-02,  1.192752104289584e+00,  3.218617436170966e-02, -2.797668062649551e-01
  1.193000000000000e+01,  8.642136694451781e-01,  1.072525166963447e-01,  6.996890727666487e-02,  1.192987821202794e+00,  3.216598337460267e-02, -2.797654289344157e-01
  1.194000000000000e+01,  8.644211636463354e-01,  1.071238667355705e-01,  6.974037276926170e-02,  1.193059138547378e+00,  3.212597852627750e-02, -2.800939577788565e-01
  1.195000000000000e+01,  8.635755522795328e-01,  1.071479202131502e-01,  6.917216906217175e-02,  1.193086050756348e+00,  3.212077084087783e-02, -2.802630785296265e-01
  1.196000000000000e+01,  8.626356366533449e-01,  1.071653663434533e-01,  6.927728471050644e-02,  1.192924215133503e+00,  3.196469682782372e-02, -2.797556144220004e-01
  1.197000000000000e+01,  8.630346000492412e-01,  1.071873317075984e-01,  6.867560102620686e-02,  1.193094065918108e+00,  3.226301338761473e-02, -2.796896263736577e-01
  1.198000000000000e+01,  8.628147981739254e-01,  1.076118736759843e-01,  6.814247566871724e-02,  1.193374712845405e+00,  3.248100873846946e-02, -2.803101111103874e-01
  1.199000000000000e+01,  8.624766392911373e-01,  1.074555297399193e-01,  6.838599767317821e-02,  1.193453049978721e+00,  3.220664621419407e-02, -2.799909522295050e-01
  1.200000000000000e+01,  8.626530582467351e-01,  1.079853164981477e-01,  6.699016308933128e-02,  1.193876953856168e+00,  3.271400111019893e-02, -2.810409150492996e-01
  1.201000000000000e+01,  8.630382010898628e-01,  1.074790480380463e-01,  6.598563197858927e-02,  1.193881268029629e+00,  3.227711737912643e-02, -2.803112750500540e-01
  1.202000000000000e+01,  8.632448102187241e-01,  1.072199223352142e-01,  6.600325059868095e-02,  1.194058525891131e+00,  3.243504004492635e-02, -2.800358687870506e-01
  1.203000000000000e+01,  8.628036852758638e-01,  1.075058328056724e-01,  6.556763320494230e-02,  1.194307596262969e+00,  3.221688467137981e-02, -2.797483886290323e-01
  1.204000000000000e+01,  8.619269159583289e-01,  1.073381244110152e-01,  6.599306256417589e-02,  1.194384077553990e+00,  3.189592504604101e-02, -2.799234499282358e-01
  1.205000000000000e+01,  8.631185780393017e-01,  1.070036731154926e-01,  6.430248491251127e-02,  1.194874678552689e+00,  3.171839435322118e-02, -2.790785460412619e-01
  1.206000000000000e+01,  8.639396857855609e-01,  1.070716935142910e-01,  6.402105058108538e-02,  1.195160052510928e+00,  3.173968481561235e-02, -2.787388701123563e-01
  1.207000000000000e+01,  8.639841194822159e-01,  1.070742008977756e-01,  6.289697867278445e-02,  1.195522277562794e+00,  3.102065202372641e-02, -2.781913708759769e-01
  1.208000000000000e+01,  8.642582557530470e-01,  1.070244909463391e-01,  6.239826728775098e-02,  1.195678698449406e+00,  3.074784214072298e-02, -2.768176901788648e-01
  1.209000000000000e+01,  8.638983098869415e-01,  1.070352261748981e-01,  6.188333395120962e-02,  1.195981041549877e+00,  3.096813716890592e-02, -2.768343430476262e-01
  1.210000000000000e+01,  8.630507468083913e-01,  1.066784024640750e-01,  6.215324511710894e-02,  1.196087163686012e+00,  3.056179972552173e-02, -2.770566609762989e-01
  1.211000000000000e+01,  8.621761155859722e-01,  1.073844221057423e-01,  6.102303802986451e-02,  1.196232162916818e+00,  3.055956766333218e-02, -2.769955797907033e-01
  1.212000000000000e+01,  8.620228295804687e-01,  1.073545770647810e-01,  5.961513254662207e-02,  1.196274532776653e+00,  3.040580354281896e-02, -2.772299446644739e-01
  1.213000000000000e+01,  8.630783373984712e-01,  1.070299944564264e-01,  5.883052905815107e-02,  1.196694700729341e+00,  3.028148387920048e-02, -2.768461369720258e-01
  1.214000000000000e+01,  8.629198184981790e-01,  1.072367864363015e-01,  5.858872079712640e-02,  1.197048194875237e+00,  3.016445016814739e-02, -2.766823292163364e-01
  1.215000000000000e+01,  8.633186800567885e-01,  1.076594702977445e-01,  5.669220307054754e-02,  1.197415932326665e+00,  3.025419760933594e-02, -2.764408768956695e-01
  1.216000000000000e+01,  8.632146124950323e-01,  1.078620909431538e-01,  5.613943043893718e-02,  1.197554286195585e+00,  3.021518499140825e-02, -2.754966784508698e-01
  1.217000000000000e+01,  8.624589131779012e-01,  1.083247855372576e-01,  5.581273553990041e-02,  1.197734849412210e+00,  3.024209169443316e-02, -2.750615776732404e-01
  1.218000000000000e+01,  8.627392238779813e-01,  1.091542501355505e-01,  5.360317846143429e-02,  1.198014000857494e+00,  3.043015325553796e-02, -2.755851387236219e-01
  1.219000000000000e+01,  8.627885899196573e-01,  1.089624629678203e-01,  5.232955190793635e-02,  1.198035936612096e+00,  2.998258854178880e-02, -2.765584603983805e-01
  1.220000000000000e+01,  8.621627093441945e-01,  1.093297418416621e-01,  5.179193576044796e-02,  1.198087875555522e+00,  2.951173619136123e-02, -2.759223048977284e-01
  1.221000000000000e+01,  8.616256765049934e-01,  1.093408976847210e-01,  5.227202328381669e-02,  1.198165905622277e+00,  2.984806484320500e-02, -2.757295571850374e-01
  1.222000000000000e+01,  8.620845556494172e-01,  1.094053864963398e-01,  5.016052532598761e-02,  1.198465402010532e+00,  2.997852868121901e-02, -2.767594378541331e-01
  1.223000000000000e+01,  8.619196410849014e-01,  1.101882313628921e-01,  5.027800053276017e-02,  1.198604262820576e+00,  2.990593301678000e-02, -2.772286949518045e-01
  1.224000000000000e+01,  8.612862995732030e-01,  1.102390455593121e-01,  5.050421911216417e-02,  1.198676632361684e+00,  2.977077258194754e-02, -2.762197262740438e-01
  1.225000000000000e+01,  8.618237301049867e-01,  1.099858737221897e-01,  4.837776978985218e-02,  1.198968883834910e+00,  3.011007929784374e-02, -2.763786822336345e-01
  1.226000000000000e+01,  8.620344285762767e-01,  1.105021039035234e-01,  4.822991075032025e-02,  1.198767108215017e+00,  2.925929771968852e-02, -2.770348852831224e-01
  1.227000000000000e+01,  8.617716358520572e-01,  1.110401184199696e-01,  4.818139920069584e-02,  1.198877803723962e+00,  2.901050169372275e-02, -2.765136172645476e-01
  1.228000000000000e+01,  8.612754656214576e-01,  1.104593231524864e-01,  4.701416417641233e-02,  1.198770591891710e+00,  2.900483398345311e-02, -2.758694619685240e-01
  1.229000000000000e+01,  8.613904434940172e-01,  1.103930953618715e-01,  4.764542879291455e-02,  1.198571576692435e+00,  2.835836553051117e-02, -2.749067601944190e-01
  1.230000000000000e+01,  8.610715617645333e-01,  1.103056066941224e-01,  4.682484070784734e-02,  1.198699485648421e+00,  2.851725010791502e-02, -2.751357178318328e-01
  1.231000000000000e+01,  8.610428663517228e-01,  1.106756633669497e-01,  4.637181239174474e-02,  1.198907864427155e+00,  2.877867172779586e-02, -2.755344780298089e-01
  1.232000000000000e+01,  8.609169543915276e-01,  1.106851309738903e-01,  4.608082599340527e-02,  1.198806649094663e+00,  2.849381793389324e-02, -2.751736449340258e-01
  1.233000000000000e+01,  8.609278006838780e-01,  1.107246464141829e-01,  4.618229035163535e-02,  1.198492251151503e+00,  2.840575958055517e-02, -2.765838055757398e-01
  1.234000000000000e+01,  8.612589111582271e-01,  1.112286002069522e-01,  4.562653288534150e-02,  1.198730696319402e+00,  2.948990363275747e-02, -2.769041700982601e-01
  1.235000000000000e+01,  8.614708487683695e-01,  1.115311805966643e-01,  4.509285637612094e-02,  1.198704944954280e+00,  2.903340208165692e-02, -2.769464242003430e-01
  1.236000000000000e+01,  8.609395755148491e-01,  1.111885452507599e-01,  4.494766385706606e-02,  1.198268939483496e+00,  2.898275826310523e-02, -2.771197816027582e-01
  1.237000000000000e+01,  8.610197420230755e-01,  1.115948508568916e-01,  4.531806309109115e-02,  1.198579996387427e+00,  2.943386070095028e-02, -2.764176543234164e-01
  1.238000000000000e+01,  8.613124413225374e-01,  1.119567423992576e-01,  4.603407743332642e-02,  1.198474206176862e+00,  2.943127887996119e-02, -2.762193859747626e-01
  1.239000000000000e+01,  8.618750902070512e-01,  1.122698071716599e-01,  4.629781280178823e-02,  1.198657934142398e+00,  2.949009703435789e-02, -2.762488645361144e-01
  1.240000000000000e+01,  8.613117106684115e-01,  1.119368374276879e-01,  4.615381814263109e-02,  1.198423718991758e+00,  2.933016507150590e-02, -2.763038272285512e-01
  1.241000000000000e+01,  8.602403679212697e-01,  1.120906411886131e-01,  4.741588698559087e-02,  1.198188128817482e+00,  2.934167532817257e-02, -2.768264182128238e-01
  1.242000000000000e+01,  8.613379961971853e-01,  1.124732598358973e-01,  4.688075200241959e-02,  1.198338803586464e+00,  2.979404203867477e-02, -2.772696266773166e-01
  1.243000000000000e+01,  8.614660789021999e-01,  1.126337877822747e-01,  4.660306442735866e-02,  1.198537475758368e+00,  2.951172145490898e-02, -2.768411956263017e-01
  1.244000000000000e+01,  8.615744771712003e-01,  1.126646989656392e-01,  4.639543105815278e-02,  1.198559022761523e+00,  2.930772741729704e-02, -2.760061418797116e-01
  1.245000000000000e+01,  8.618449049754748e-01,  1.128746277865891e-01,  4.703702133829420e-02,  1.198605637159664e+00,  2.970372531574984e-02, -2.764365746564941e-01
  1.246000000000000e+01,  8.615476873357581e-01,  1.128870534735174e-01,  4.616708255148680e-02,  1.198493809346141e+00,  2.898536862790566e-02, -2.778694164959291e-01
  1.247000000000000e+01,  8.618449900602139e-01,  1.130556174735431e-01,  4.653725437226149e-02,  1.198338881948275e+00,  2.886637982804524e-02, -2.783031690877823e-01
  1.248000000000000e+01,  8.621786021125910e-01,  1.127968211223513e-01,  4.604524585193721e-02,  1.198380632346120e+00,  2.911994194427944e-02, -2.769204810186049e-01
  1.249000000000000e+01,  8.621460218419945e-01,  1.127661591248696e-01,  4.543512107472154e-02,  1.198440743531960e+00,  2.907717124369271e-02, -2.756695612182654e-01
  1.250000000000000e+01,  8.621338511793719e-01,  1.132966278008163e-01,  4.592449887786148e-02,  1.198681930918070e+00,  2.890390869617557e-02, -2.761602094269894e-01
  1.251000000000000e+01,  8.613221171822908e-01,  1.129045728921572e-01,  4.663613723964639e-02,  1.198415705244801e+00,  2.831855321495454e-02, -2.757406435674995e-01
  1.252000000000000e+01,  8.615536856455845e-01,  1.131068544451985e-01,  4.646701348799372e-02,  1.198321246475824e+00,  2.831724283228287e-02, -2.763211948374465e-01
  1.253000000000000e+01,  8.625676755012397e-01,  1.137035203584089e-01,  4.624527114020596e-02,  1.198551663125525e+00,  2.893386130812214e-02, -2.766889460955164e-01
  1.254000000000000e+01,  8.635113435963260e-01,  1.138519115535797e-01,  4.655315543774106e-02,  1.198275078841359e+00,  2.851675294251270e-02, -2.771569385029024e-01
  1.255000000000000e+01,  8.633570173001174e-01,  1.140895093109919e-01,  4.796739599829394e-02,  1.198015104439575e+00,  2.868481240055661e-02, -2.766877445125450e-01
  1.256000000000000e+01,  8.633105221164586e-01,  1.134660998308485e-01,  4.754993142866622e-02,  1.197532707744321e+00,  2.820535020051557e-02, -2.759472799245174e-01
  1.257000000000000e+01,  8.638492525171394e-01,  1.133944551339510e-01,  4.736405397615655e-02,  1.197517670686598e+00,  2.858207180294672e-02, -2.763786057300971e-01
  1.258000000000000e+01,  8.633983246938781e-01,  1.135150947255279e-01,  4.961672749282425e-02,  1.197314945869245e+00,  2.772801826376151e-02, -2.759207238485980e-01
  1.259000000000000e+01,  8.641824403594557e-01,  1.137292421433380e-01,  5.006650958321879e-02,  1.197459645804583e+00,  2.836308244270444e-02, -2.766940583177536e-01
  1.260000000000000e+01,  8.641679611339848e-01,  1.134522387893180e-01,  5.050133023108597e-02,  1.197356332022993e+00,  2.865831931497160e-02, -2.773061860081262e-01
  1.261000000000000e+01,  8.649095646460430e-01,  1.122370539111863e-01,  5.097534818775525e-02,  1.197141691982172e+00,  2.885725707765568e-02, -2.769321278994681e-01
  1.262000000000000e+01,  8.652426213284705e-01,  1.104724115108868e-01,  5.326568064833183e-02,  1.196811792317793e+00,  2.871267781110327e-02, -2.760299685577114e-01
  1.263000000000000e+01,  8.653385482750743e-01,  1.099608027491623e-01,  5.385330859054364e-02,  1.196686576054233e+00,  2.869177657638887e-02, -2.762236641739274e-01
  1.264000000000000e+01,  8.651784967842381e-01,  1.106668419330503e-01,  5.351688675036608e-02,  1.196697737148644e+00,  2.797383248205045e-02, -2.779376910420890e-01
  1.265000000000000e+01,  8.650259498014294e-01,  1.107082706577072e-01,  5.428802069266068e-02,  1.196503784136160e+00,  2.793300509309152e-02, -2.779642001132970e-01
  1.266000000000000e+01,  8.659947844133178e-01,  1.102666531445469e-01,  5.510953625787771e-02,  1.196676751688666e+00,  2.856548826644469e-02, -2.772482850191486e-01
  1.267000000000000e+01,  8.661342282705528e-01,  1.094880435100938e-01,  5.609394208197124e-02,  1.196386225318861e+00,  2.807416321178537e-02, -2.771867959441023e-01
  1.268000000000000e+01,  8.656144298799578e-01,  1.094150184930789e-01,  5.558737305323172e-02,  1.196390987750490e+00,  2.813724185487489e-02, -2.765555737126092e-01
  1.269000000000000e+01,  8.656961264101520e-01,  1.095125285488041e-01,  5.640871335813002e-02,  1.196476015730635e+00,  2.835767966092593e-02, -2.763150657238325e-01
  1.270000000000000e+01,  8.658704609137636e-01,  1.094596817772211e-01,  5.669323595227765e-02,  1.196419528305909e+00,  2.852259846704465e-02, -2.764597573555439e-01
  1.271000000000000e+01,  8.658356298369349e-01,  1.091958026923214e-01,  5.654519396541715e-02,  1.196137440175097e+00,  2.847470946096677e-02, -2.758864225592089e-01
  1.272000000000000e+01,  8.668939420215399e-01,  1.085301031248322e-01,  5.805971218228170e-02,  1.195784841428545e+00,  2.843560781299957e-02, -2.755507595677866e-01
  1.273000000000000e+01,  8.670123645068750e-01,  1.083229610481149e-01,  5.668833144454119e-02,  1.195616993061031e+00,  2.868304511391868e-02, -2.753251703281440e-01
  1.274000000000000e+01,  8.669071489589421e-01,  1.082207476781116e-01,  5.607607199968555e-02,  1.195558363407876e+00,  2.886705923210307e-02, -2.758190615857160e-01
  1.275000000000000e+01,  8.668167139850349e-01,  1.090710210494958e-01,  5.590149346171081e-02,  1.195426466438049e+00,  2.893678168064241e-02, -2.761064232782636e-01
  1.276000000000000e+01,  8.668833313743652e-01,  1.092641671907086e-01,  5.530034670199890e-02,  1.195301866928219e+00,  2.881404492632622e-02, -2.755823759550535e-01
  1.277000000000000e+01,  8.671302916084640e-01,  1.090575374787894e-01,  5.514950266989977e-02,  1.195067254976419e+00,  2.870222372339873e-02, -2.750350019152171e-01
  1.278000000000000e+01,  8.675575339491055e-01,  1.090869183831122e-01,  5.479147396049143e-02,  1.194831721025066e+00,  2.896523797390280e-02, -2.755261088296428e-01
  1.279000000000000e+01,  8.683098280523451e-01,  1.086433486364831e-01,  5.513831141626964e-02,  1.194427628786705e+00,  2.889759239805248e-02, -2.752102791977880e-01
  1.280000000000000e+01,  8.686161775135157e-01,  1.094770676102985e-01,  5.529297316997660e-02,  1.194381182337133e+00,  2.913099735389682e-02, -2.740601218720543e-01
  1.281000000000000e+01,  8.690960113761698e-01,  1.095419730767895e-01,  5.623635653608060e-02,  1.193886845628443e+00,  2.978460151130693e-02, -2.741455125384978e-01
  1.282000000000000e+01,  8.692870050057888e-01,  1.098831437567132e-01,  5.615426667467574e-02,  1.193758346461075e+00,  3.017414183704780e-02, -2.742501928811941e-01
  1.283000000000000e+01,  8.697774451871827e-01,  1.097810205898897e-01,  5.679154909426080e-02,  1.193476297148091e+00,  2.941882659536900e-02, -2.734466420344271e-01
  1.284000000000000e+01,  8.702746277698001e-01,  1.094685210603359e-01,  5.793363908566433e-02,  1.193210637364920e+00,  2.960662972544691e-02, -2.726890103032648e-01
  1.285000000000000e+01,  8.700966268446824e-01,  1.098028058647207e-01,  5.733653622000584e-02,  1.193408776993516e+00,  2.976406094012893e-02, -2.735633135341074e-01
  1.286000000000000e+01,  8.705468720828806e-01,  1.095326252031754e-01,  5.760876733664057e-02,  1.193522367835369e+00,  2.972540550166175e-02, -2.731744487012391e-01
  1.287000000000000e+01,  8.708152626499802e-01,  1.108275125843146e-01,  5.744993683803796e-02,  1.193702268083211e+00,  2.990027304130249e-02, -2.736687636461851e-01
  1.288000000000000e+01,  8.721796359382209e-01,  1.109098945076661e-01,  5.717583045777259e-02,  1.194084739629066e+00,  2.962600428372098e-02, -2.731905603863246e-01
  1.289000000000000e+01,  8.712422925551708e-01,  1.108571923105712e-01,  5.735501759431087e-02,  1.194176163304994e+00,  2.993203485826493e-02, -2.737069620129871e-01
  1.290000000000000e+01,  8.706284071330672e-01,  1.109860871528217e-01,  5.569096613777978e-02,  1.194460033306101e+00,  2.979481987485179e-02, -2.751756089127144e-01
  1.291000000000000e+01,  8.696115980983820e-01,  1.112664348141919e-01,  5.622002812785898e-02,  1.194916996408665e+00,  2.948986382389348e-02, -2.748111750682500e-01
  1.292000000000000e+01,  8.693286273818631e-01,  1.115714441188165e-01,  5.579089911104350e-02,  1.195334122334430e+00,  2.950897307702546e-02, -2.747952402707128e-01
  1.293000000000000e+01,  8.705767780805951e-01,  1.107394804553938e-01,  5.526184761549147e-02,  1.195571901460035e+00,  2.960746388827560e-02, -2.742312335116729e-01
  1.294000000000000e+01,  8.689421795642286e-01,  1.104831710323815e-01,  5.507520795109445e-02,  1.195767350484775e+00,  2.898658568174694e-02, -2.751172908768260e-01
  1.295000000000000e+01,  8.686276657362666e-01,  1.108132665787174e-01,  5.469104622301951e-02,  1.196125974168766e+00,  2.880132429472368e-02, -2.744869949356711e-01
  1.296000000000000e+01,  8.692842681685371e-01,  1.114817305251212e-01,  5.310334435030947e-02,  1.196488566635248e+00,  2.853298555466381e-02, -2.738882804697026e-01
  1.297000000000000e+01,  8.683586194845635e-01,  1.113595238524387e-01,  5.285665417193047e-02,  1.196513815131684e+00,  2.817543714589284e-02, -2.740216322200892e-01
  1.298000000000000e+01,  8.686697589147040e-01,  1.113617004657863e-01,  5.140618804658130e-02,  1.196734960777612e+00,  2.817145574444753e-02, -2.747175285311056e-01
  1.299000000000000e+01,  8.694856824216863e-01,  1.118389632064538e-01,  5.082456780105506e-02,  1.196477559602980e+00,  2.850808067779077e-02, -2.763978968976311e-01
