Main.Studies.MarkerTracking.t,Main.Studies.MarkerTracking.JointAngleOutputs.OutputFile_RightLeg.HipFlexion,Main.Studies.MarkerTracking.JointAngleOutputs.OutputFile_RightLeg.HipAbduction,Main.Studies.MarkerTracking.JointAngleOutputs.OutputFile_RightLeg.HipExternalRotation,Main.Studies.MarkerTracking.JointAngleOutputs.OutputFile_RightLeg.KneeFlexion,Main.Studies.MarkerTracking.JointAngleOutputs.OutputFile_RightLeg.AnklePlantarFlexion,Main.Studies.MarkerTracking.JointAngleOutputs.OutputFile_RightLeg.SubTalarEversion
  7.340000000000000e+00,  8.978997656041340e-01,  9.782714634962253e-02, -1.211206926775483e-01,  1.154422045416933e+00,  9.810150447808322e-02, -2.829950057519586e-01
  7.350000000000000e+00,  8.966615118768886e-01,  9.674269232962129e-02, -1.235773490724235e-01,  1.154846165233907e+00,  9.760299616490442e-02, -2.821052161242786e-01
  7.359999999999999e+00,  8.966550358810378e-01,  9.695634603129943e-02, -1.242208218257776e-01,  1.154982537018141e+00,  9.836514170875507e-02, -2.818450121447819e-01
  7.370000000000000e+00,  8.972910295881783e-01,  9.767607938240874e-02, -1.229364239137705e-01,  1.155202263490542e+00,  9.897621170024236e-02, -2.810375718876922e-01
  7.380000000000000e+00,  8.968139491998292e-01,  9.731592505854492e-02, -1.231351876428486e-01,  1.155082090768034e+00,  9.847570179029080e-02, -2.810411598239115e-01
  7.390000000000000e+00,  8.970157125389302e-01,  9.743364723089920e-02, -1.242338789175512e-01,  1.155196304006082e+00,  9.852535852439308e-02, -2.806832754933130e-01
  7.399999999999999e+00,  8.957789263025641e-01,  9.647872691975556e-02, -1.261910545765541e-01,  1.155509430573727e+00,  9.799440573020633e-02, -2.808820180360523e-01
  7.410000000000000e+00,  8.954333126404147e-01,  9.687083313350908e-02, -1.256166667805142e-01,  1.155637734399371e+00,  9.692198011851580e-02, -2.809624363903983e-01
  7.420000000000000e+00,  8.954594517092188e-01,  9.647854566271952e-02, -1.277219235957901e-01,  1.156418718812137e+00,  9.592834707022567e-02, -2.803433920556170e-01
  7.430000000000000e+00,  8.941872468157567e-01,  9.583811211821747e-02, -1.282242917318020e-01,  1.156241736304660e+00,  9.676311354627236e-02, -2.798173271998763e-01
  7.440000000000000e+00,  8.927777354023025e-01,  9.508175236520056e-02, -1.282188162644111e-01,  1.155852107541039e+00,  9.725843102662027e-02, -2.786441077347985e-01
  7.450000000000000e+00,  8.939344899259013e-01,  9.629057287215481e-02, -1.283045150482286e-01,  1.156510097804351e+00,  9.602512495356597e-02, -2.783754133579622e-01
  7.460000000000000e+00,  8.961461148706106e-01,  9.808791116180804e-02, -1.279996478806326e-01,  1.157192428043202e+00,  9.652240373051138e-02, -2.783999026287274e-01
  7.470000000000000e+00,  8.966304052759756e-01,  9.744410474973098e-02, -1.308147328067443e-01,  1.157718831065794e+00,  9.631141929877185e-02, -2.781925011913437e-01
  7.480000000000000e+00,  8.953327581173415e-01,  9.685946109685006e-02, -1.312980821749936e-01,  1.157477964015357e+00,  9.634089713826527e-02, -2.779427588231986e-01
  7.490000000000000e+00,  8.944855208332336e-01,  9.691060509429561e-02, -1.311324438679060e-01,  1.157425984012242e+00,  9.613130699015496e-02, -2.784741850053937e-01
  7.500000000000000e+00,  8.947393846692753e-01,  9.683167023123840e-02, -1.312331108910406e-01,  1.157844552124951e+00,  9.592938291125486e-02, -2.794480942663890e-01
  7.510000000000000e+00,  8.955397277309254e-01,  9.703347516708694e-02, -1.324048952219821e-01,  1.157936419546317e+00,  9.576922248917451e-02, -2.790293575252162e-01
  7.520000000000000e+00,  8.945097316205990e-01,  9.629760860659808e-02, -1.322332326078520e-01,  1.157398200363971e+00,  9.559088265366636e-02, -2.799356356842905e-01
  7.530000000000000e+00,  8.925917737986401e-01,  9.617131677578383e-02, -1.308404909230260e-01,  1.157190538327048e+00,  9.600174669758163e-02, -2.787919487016808e-01
  7.540000000000000e+00,  8.939568919485401e-01,  9.612865538058624e-02, -1.311727731433130e-01,  1.157717446487083e+00,  9.601425546367220e-02, -2.789556793723701e-01
  7.550000000000000e+00,  8.945087544201297e-01,  9.637481808712511e-02, -1.300801824953316e-01,  1.157886524762793e+00,  9.650234101277257e-02, -2.776218796655082e-01
  7.560000000000000e+00,  8.928782150858228e-01,  9.561241755258520e-02, -1.312212054492209e-01,  1.157365331477440e+00,  9.654491536329779e-02, -2.791559701911958e-01
  7.570000000000000e+00,  8.910126391100650e-01,  9.516753292294666e-02, -1.300582142401153e-01,  1.157081935247180e+00,  9.635894857852836e-02, -2.796025709825030e-01
  7.580000000000000e+00,  8.901435339282883e-01,  9.472136085407468e-02, -1.297462920791910e-01,  1.157138523549287e+00,  9.543326770046111e-02, -2.782707095139658e-01
  7.590000000000000e+00,  8.907834359911534e-01,  9.538670369647506e-02, -1.297753804166224e-01,  1.156946596308627e+00,  9.586402623765504e-02, -2.797113060715453e-01
  7.600000000000000e+00,  8.922783272307121e-01,  9.636383439213247e-02, -1.279472537099557e-01,  1.157213770111618e+00,  9.576310053327303e-02, -2.800643309885580e-01
  7.609999999999999e+00,  8.906830221766920e-01,  9.620999098356142e-02, -1.270073345358022e-01,  1.156986330047003e+00,  9.584381143767216e-02, -2.802162985776849e-01
  7.620000000000000e+00,  8.899122065973663e-01,  9.582041403803476e-02, -1.283035735415341e-01,  1.157042689025880e+00,  9.526541786480720e-02, -2.808599048389206e-01
  7.630000000000000e+00,  8.902401981554960e-01,  9.621788468368009e-02, -1.269619038917441e-01,  1.156762916608997e+00,  9.667711562503131e-02, -2.806554619263765e-01
  7.640000000000000e+00,  8.894534936727306e-01,  9.554798538849751e-02, -1.266013592687716e-01,  1.156549836668635e+00,  9.693941352853437e-02, -2.800310734981686e-01
  7.649999999999999e+00,  8.890743335969838e-01,  9.541814514695202e-02, -1.283848554360415e-01,  1.157171293270583e+00,  9.576969580754909e-02, -2.808127219310617e-01
  7.660000000000000e+00,  8.893654744706990e-01,  9.575343066659903e-02, -1.287906367892409e-01,  1.157361532460139e+00,  9.593764498634792e-02, -2.815242493746581e-01
  7.670000000000000e+00,  8.895360728630592e-01,  9.590320771500527e-02, -1.280551163010079e-01,  1.156759420332787e+00,  9.674653161713286e-02, -2.815668301063162e-01
  7.680000000000000e+00,  8.895052133781878e-01,  9.618119085250565e-02, -1.261076357670823e-01,  1.156412535128551e+00,  9.715642885559095e-02, -2.819689125749144e-01
  7.690000000000000e+00,  8.876694813425701e-01,  9.459608509296014e-02, -1.273209066960487e-01,  1.156557158166351e+00,  9.678170514896177e-02, -2.821563011424216e-01
  7.700000000000000e+00,  8.878716713029673e-01,  9.523178406741950e-02, -1.272253647474480e-01,  1.156919893294533e+00,  9.699367877325313e-02, -2.824667460051477e-01
  7.710000000000000e+00,  8.885465402235754e-01,  9.604859484926176e-02, -1.256889269716220e-01,  1.157137969716052e+00,  9.688100416428458e-02, -2.807104523390266e-01
  7.720000000000000e+00,  8.879385176275548e-01,  9.509330427331064e-02, -1.271029240367232e-01,  1.157196602488624e+00,  9.609010622225571e-02, -2.815493160243953e-01
  7.730000000000000e+00,  8.877893281050853e-01,  9.534948143457611e-02, -1.266310606876086e-01,  1.157166364362348e+00,  9.631268440810523e-02, -2.821388908897446e-01
  7.740000000000000e+00,  8.883000726227553e-01,  9.589532883214003e-02, -1.251881347339400e-01,  1.157000688717492e+00,  9.662060657144687e-02, -2.813306088701579e-01
  7.750000000000000e+00,  8.878703401301571e-01,  9.500939359272498e-02, -1.270047794402487e-01,  1.157053857803475e+00,  9.646526552825159e-02, -2.817422826789220e-01
  7.760000000000000e+00,  8.874568826953569e-01,  9.477527132284136e-02, -1.267481753844320e-01,  1.156994679588358e+00,  9.596664584961885e-02, -2.813771809058694e-01
  7.770000000000000e+00,  8.878097195079241e-01,  9.553176195136404e-02, -1.249347278279784e-01,  1.156849438388409e+00,  9.577914541608745e-02, -2.817653440043849e-01
  7.779999999999999e+00,  8.874096155839756e-01,  9.503732958542388e-02, -1.258165527269437e-01,  1.156917043731787e+00,  9.710952979144222e-02, -2.824156097044427e-01
  7.790000000000000e+00,  8.879462753078488e-01,  9.527353831227936e-02, -1.251985586771506e-01,  1.156820571805362e+00,  9.745198677014326e-02, -2.821972659498468e-01
  7.800000000000000e+00,  8.873387697613975e-01,  9.487009139546765e-02, -1.263574094773929e-01,  1.157310349650182e+00,  9.674357009161173e-02, -2.825747045202507e-01
  7.810000000000000e+00,  8.866459265498752e-01,  9.424187857878841e-02, -1.269270273561088e-01,  1.157008893688430e+00,  9.629865235372467e-02, -2.827331806795322e-01
  7.819999999999999e+00,  8.857518632763688e-01,  9.373775016185437e-02, -1.263123942550217e-01,  1.156471978439464e+00,  9.633351370117174e-02, -2.817179946209998e-01
  7.830000000000000e+00,  8.864416429292973e-01,  9.463480792070644e-02, -1.250179227118665e-01,  1.156654052128270e+00,  9.617705644486441e-02, -2.810686412873762e-01
  7.840000000000000e+00,  8.865187035854868e-01,  9.473310164065118e-02, -1.265373423989861e-01,  1.156980069784062e+00,  9.595624988774502e-02, -2.821160767390968e-01
  7.850000000000000e+00,  8.864060722794925e-01,  9.530901590511109e-02, -1.245017162457139e-01,  1.156898311931253e+00,  9.632644181446015e-02, -2.815938450385185e-01
  7.859999999999999e+00,  8.857268477334936e-01,  9.530631227568875e-02, -1.239965515395305e-01,  1.156642169798333e+00,  9.679988153431053e-02, -2.813334413407456e-01
  7.870000000000000e+00,  8.857160373901966e-01,  9.548573148068296e-02, -1.237882172775615e-01,  1.157143890653497e+00,  9.582229531028630e-02, -2.806999108214210e-01
  7.880000000000000e+00,  8.846167999099652e-01,  9.498156236253852e-02, -1.238802943170170e-01,  1.156822561028558e+00,  9.549303440526537e-02, -2.805271718522593e-01
  7.890000000000000e+00,  8.850350799840279e-01,  9.484280214129304e-02, -1.255007786570596e-01,  1.156781763273475e+00,  9.647352484499840e-02, -2.809186559114281e-01
  7.899999999999999e+00,  8.851908385935875e-01,  9.561614762142834e-02, -1.245510786987308e-01,  1.156648843064965e+00,  9.710905384980238e-02, -2.806083407329414e-01
  7.910000000000000e+00,  8.844833419686335e-01,  9.505737832567274e-02, -1.259109877051665e-01,  1.156939133040496e+00,  9.601913221408279e-02, -2.809368335315117e-01
  7.920000000000000e+00,  8.840289750569202e-01,  9.457022317416830e-02, -1.264084929964511e-01,  1.156956951788377e+00,  9.557155094342129e-02, -2.811041879442835e-01
  7.930000000000000e+00,  8.830561455315294e-01,  9.392161893649220e-02, -1.264267745041411e-01,  1.156713550169592e+00,  9.619165583958091e-02, -2.808809471906445e-01
  7.940000000000000e+00,  8.836684312079792e-01,  9.459176400739944e-02, -1.260330657600555e-01,  1.156815101865852e+00,  9.620926319546659e-02, -2.805548473698903e-01
  7.949999999999999e+00,  8.857748842408187e-01,  9.565730623447810e-02, -1.260920575634643e-01,  1.157342264016401e+00,  9.522496042503707e-02, -2.804372890022099e-01
  7.960000000000000e+00,  8.850366040154490e-01,  9.467802836007366e-02, -1.274328238083545e-01,  1.157434849254120e+00,  9.523744711763893e-02, -2.811337547023193e-01
  7.970000000000000e+00,  8.857083664044639e-01,  9.547618429981553e-02, -1.278087154223356e-01,  1.157612479973384e+00,  9.571701118798347e-02, -2.810054549085695e-01
  7.980000000000000e+00,  8.849910491036294e-01,  9.452723840314614e-02, -1.279890834403620e-01,  1.157580239310755e+00,  9.530969475320085e-02, -2.811455916187783e-01
  7.990000000000000e+00,  8.848174258951548e-01,  9.443669093998519e-02, -1.277071664326462e-01,  1.157362290003382e+00,  9.636128392003027e-02, -2.818035885168440e-01
  8.000000000000000e+00,  8.857931588878821e-01,  9.570457690036727e-02, -1.278948398754743e-01,  1.157622374948305e+00,  9.663224011631585e-02, -2.827464048872515e-01
  8.010000000000000e+00,  8.862587178332952e-01,  9.668056139566539e-02, -1.277104613067215e-01,  1.157879958851907e+00,  9.516438698299790e-02, -2.822338816265175e-01
  8.020000000000000e+00,  8.856715279991185e-01,  9.638445469233980e-02, -1.273996277592007e-01,  1.157706281859093e+00,  9.461355428824952e-02, -2.816534900758020e-01
  8.029999999999999e+00,  8.847170259568431e-01,  9.510114621072985e-02, -1.276877206774098e-01,  1.157612553265699e+00,  9.607323896175028e-02, -2.812299688845439e-01
  8.039999999999999e+00,  8.857669266742284e-01,  9.590604252317392e-02, -1.276799790848749e-01,  1.158001995899113e+00,  9.662456324748436e-02, -2.815339849962190e-01
  8.049999999999999e+00,  8.866319679893576e-01,  9.652261405453522e-02, -1.260785561975988e-01,  1.157806930872935e+00,  9.671786165959015e-02, -2.807998678615488e-01
  8.060000000000000e+00,  8.856266003506208e-01,  9.549124956086352e-02, -1.272833122680672e-01,  1.157638533253053e+00,  9.664141765181770e-02, -2.812953063879993e-01
  8.070000000000000e+00,  8.853279641471117e-01,  9.611189196885861e-02, -1.272758320411579e-01,  1.157928877529440e+00,  9.641127964315695e-02, -2.819257931861464e-01
  8.080000000000000e+00,  8.856566659429588e-01,  9.621084730498408e-02, -1.274652549465008e-01,  1.158144276455689e+00,  9.604395926566259e-02, -2.819528887755362e-01
  8.090000000000000e+00,  8.860629686587743e-01,  9.587522567290696e-02, -1.280672204408350e-01,  1.158297360347523e+00,  9.623463347941776e-02, -2.818984723176400e-01
  8.100000000000000e+00,  8.864612536343506e-01,  9.555608593767229e-02, -1.285894010467826e-01,  1.158153870097035e+00,  9.543830305199688e-02, -2.819048840502716e-01
  8.109999999999999e+00,  8.859969032738192e-01,  9.512913984496540e-02, -1.288697756126313e-01,  1.158166148422555e+00,  9.546518223810176e-02, -2.825364085863943e-01
  8.119999999999999e+00,  8.857846695064954e-01,  9.523135389391668e-02, -1.285401772359227e-01,  1.158380193534867e+00,  9.454419577092490e-02, -2.822488114883095e-01
  8.129999999999999e+00,  8.857522706866190e-01,  9.603851241685946e-02, -1.268697295072874e-01,  1.158303023547913e+00,  9.478117598919197e-02, -2.820950935734191e-01
  8.140000000000001e+00,  8.852989982159982e-01,  9.451453445562841e-02, -1.285636321124101e-01,  1.158308422098439e+00,  9.572004997811938e-02, -2.816170768034530e-01
  8.150000000000000e+00,  8.854457443117967e-01,  9.461031279514120e-02, -1.292240542640828e-01,  1.158634549388299e+00,  9.547030191410250e-02, -2.816966065140770e-01
  8.160000000000000e+00,  8.848500202785207e-01,  9.526776488567212e-02, -1.283987136728903e-01,  1.158602859692455e+00,  9.488058848430024e-02, -2.815142564115288e-01
  8.170000000000000e+00,  8.857271940439406e-01,  9.553106267943612e-02, -1.286518431016014e-01,  1.158688981817184e+00,  9.566616246614910e-02, -2.813571686995481e-01
  8.180000000000000e+00,  8.854958063299450e-01,  9.532269146418781e-02, -1.288186812174718e-01,  1.158769199813507e+00,  9.633245802021416e-02, -2.823846474362800e-01
  8.190000000000000e+00,  8.856601535979026e-01,  9.450992988078899e-02, -1.291343480200355e-01,  1.158435754339772e+00,  9.569358615386343e-02, -2.828211314665394e-01
  8.199999999999999e+00,  8.858236705209319e-01,  9.511104178574215e-02, -1.293240791225836e-01,  1.158746232738009e+00,  9.477310277888520e-02, -2.829554782161046e-01
  8.209999999999999e+00,  8.858150512103367e-01,  9.515817882482502e-02, -1.294549774388714e-01,  1.158967566804016e+00,  9.498326201154693e-02, -2.828612428691864e-01
  8.219999999999999e+00,  8.863080347492739e-01,  9.458212397159826e-02, -1.297123000468838e-01,  1.159082910727314e+00,  9.523055825851949e-02, -2.824788772098690e-01
  8.230000000000000e+00,  8.861803551475467e-01,  9.512773876839886e-02, -1.290359446291164e-01,  1.158771714393757e+00,  9.613171229956026e-02, -2.831950434121462e-01
  8.240000000000000e+00,  8.857014592658453e-01,  9.604066994039240e-02, -1.263119750764212e-01,  1.158513496451600e+00,  9.616510504238703e-02, -2.826323338477615e-01
  8.250000000000000e+00,  8.837462438893690e-01,  9.499042526646884e-02, -1.271591455619057e-01,  1.158348201094336e+00,  9.540200888878982e-02, -2.820762734042402e-01
  8.260000000000000e+00,  8.842233786928857e-01,  9.433772025661047e-02, -1.284842892970030e-01,  1.158471719124716e+00,  9.599544624416460e-02, -2.821524795369300e-01
  8.270000000000000e+00,  8.834238928453449e-01,  9.471986806577815e-02, -1.274396331010964e-01,  1.158351027768419e+00,  9.574450500980836e-02, -2.822640796882049e-01
  8.279999999999999e+00,  8.833251394280752e-01,  9.431413616361817e-02, -1.270075687203322e-01,  1.158165703591432e+00,  9.582713947947731e-02, -2.818943780362078e-01
  8.289999999999999e+00,  8.818964600872022e-01,  9.389426700516967e-02, -1.263418474464733e-01,  1.157963892878093e+00,  9.513987284083404e-02, -2.814846359904585e-01
  8.299999999999999e+00,  8.822507114103837e-01,  9.441370642571134e-02, -1.266438490719915e-01,  1.158195203642711e+00,  9.461200483519309e-02, -2.815188126009659e-01
  8.310000000000000e+00,  8.823794616349964e-01,  9.440791436102192e-02, -1.269633812118994e-01,  1.158234597484742e+00,  9.525798879833029e-02, -2.817532134167535e-01
  8.320000000000000e+00,  8.830075605438715e-01,  9.439601869195813e-02, -1.274316878881352e-01,  1.158220699703576e+00,  9.635173187442547e-02, -2.830751741123969e-01
  8.330000000000000e+00,  8.829622415393208e-01,  9.436459535192121e-02, -1.272941474152815e-01,  1.158410223211722e+00,  9.600796021222985e-02, -2.829452695288757e-01
  8.340000000000000e+00,  8.821992344077275e-01,  9.448567726842971e-02, -1.273920505962091e-01,  1.158087714061026e+00,  9.573287156012066e-02, -2.828595599841139e-01
  8.350000000000000e+00,  8.823201742982578e-01,  9.488519694949282e-02, -1.274152256607043e-01,  1.158484748507662e+00,  9.457965619002687e-02, -2.814748385909895e-01
  8.359999999999999e+00,  8.826128163519563e-01,  9.494190706310812e-02, -1.278247953233378e-01,  1.158602428533444e+00,  9.484193987010173e-02, -2.818035354912260e-01
  8.369999999999999e+00,  8.826637148646493e-01,  9.491230448896193e-02, -1.285252643793095e-01,  1.158282858174186e+00,  9.497740181780862e-02, -2.820765528736590e-01
  8.379999999999999e+00,  8.818923433454703e-01,  9.460723698134155e-02, -1.283262643417495e-01,  1.158236534568677e+00,  9.613782606860412e-02, -2.821175695476743e-01
  8.390000000000001e+00,  8.825544417600182e-01,  9.443042707571703e-02, -1.281518691359592e-01,  1.158200969074761e+00,  9.668592914531680e-02, -2.825621245203530e-01
  8.400000000000000e+00,  8.826753328726348e-01,  9.473745610302942e-02, -1.283420808885679e-01,  1.158394805161032e+00,  9.673165573740115e-02, -2.823509742546650e-01
  8.410000000000000e+00,  8.820199724164615e-01,  9.437958555626924e-02, -1.281335090018384e-01,  1.158327902465613e+00,  9.619002982743330e-02, -2.823088233351622e-01
  8.420000000000000e+00,  8.816680957637938e-01,  9.464640657304613e-02, -1.281603634729889e-01,  1.158258893983992e+00,  9.619684532785647e-02, -2.828651100430213e-01
  8.430000000000000e+00,  8.820307578058416e-01,  9.507657492349142e-02, -1.282316618681442e-01,  1.158708350084155e+00,  9.681752067834187e-02, -2.826166035290921e-01
  8.440000000000000e+00,  8.822479418716540e-01,  9.481724406926695e-02, -1.280366618791443e-01,  1.158699934683105e+00,  9.636264835469560e-02, -2.824565280700853e-01
  8.449999999999999e+00,  8.821155715890481e-01,  9.460588068611364e-02, -1.276413784404634e-01,  1.158581621001446e+00,  9.608625631608958e-02, -2.822777228225831e-01
  8.459999999999999e+00,  8.820550064016397e-01,  9.439434626283960e-02, -1.279947415869412e-01,  1.158692840224691e+00,  9.640008194630170e-02, -2.820369641833406e-01
  8.469999999999999e+00,  8.825155106927486e-01,  9.451323567479797e-02, -1.283016986133369e-01,  1.158439337004127e+00,  9.686347799460310e-02, -2.819351696261979e-01
  8.480000000000000e+00,  8.829272698972285e-01,  9.508265660720627e-02, -1.264362407550950e-01,  1.158213750631977e+00,  9.639522582355929e-02, -2.821936084994667e-01
  8.490000000000000e+00,  8.824477713366089e-01,  9.486093937450990e-02, -1.275442355107441e-01,  1.158401144429533e+00,  9.566703919944562e-02, -2.825617065646923e-01
  8.500000000000000e+00,  8.819240247565577e-01,  9.458102443625749e-02, -1.279242682878115e-01,  1.158433691654752e+00,  9.549269839766895e-02, -2.820106683754344e-01
  8.510000000000000e+00,  8.819784102965731e-01,  9.441495417347490e-02, -1.278057548482446e-01,  1.158710317005803e+00,  9.501589229827326e-02, -2.819801311879239e-01
  8.520000000000000e+00,  8.820194941641950e-01,  9.428646597027668e-02, -1.281105138770982e-01,  1.158885242349633e+00,  9.476525438055426e-02, -2.815779864798574e-01
  8.529999999999999e+00,  8.819200096566886e-01,  9.403816729080927e-02, -1.282089330606356e-01,  1.158977548878858e+00,  9.528433285448758e-02, -2.819786639862830e-01
  8.539999999999999e+00,  8.811311775289311e-01,  9.379223291550143e-02, -1.282297366639459e-01,  1.158673072442585e+00,  9.519537286161921e-02, -2.821343278789088e-01
  8.549999999999999e+00,  8.812571817842640e-01,  9.382831826851978e-02, -1.282600138949143e-01,  1.158703696364710e+00,  9.524353579669677e-02, -2.818523724475145e-01
  8.559999999999999e+00,  8.819540994517913e-01,  9.436527383836646e-02, -1.288223322190337e-01,  1.158812392041899e+00,  9.487127650952143e-02, -2.822888617519510e-01
  8.570000000000000e+00,  8.810711077987200e-01,  9.438972879296315e-02, -1.287826173096277e-01,  1.158434028553018e+00,  9.668016465979241e-02, -2.828312421296052e-01
  8.580000000000000e+00,  8.804313360585162e-01,  9.435430423311142e-02, -1.282714386425020e-01,  1.158606389015215e+00,  9.622992511666792e-02, -2.825789462989863e-01
  8.590000000000000e+00,  8.802429564633999e-01,  9.453685730524031e-02, -1.280496044372656e-01,  1.158827328997637e+00,  9.564601156216633e-02, -2.824762905802252e-01
  8.600000000000000e+00,  8.800003380595109e-01,  9.399682320819758e-02, -1.283964217974841e-01,  1.159032579388094e+00,  9.512774750565393e-02, -2.816915417554096e-01
  8.609999999999999e+00,  8.801638543886532e-01,  9.393742706737762e-02, -1.286951658181485e-01,  1.158975696029504e+00,  9.560375078456529e-02, -2.826305887202577e-01
  8.619999999999999e+00,  8.799782029516283e-01,  9.384820113835635e-02, -1.289596592027769e-01,  1.158650112265001e+00,  9.601853753132338e-02, -2.829374637206282e-01
  8.629999999999999e+00,  8.804498434460492e-01,  9.425341406340060e-02, -1.289967395738912e-01,  1.159111845249878e+00,  9.518128551895050e-02, -2.822187683923832e-01
  8.640000000000001e+00,  8.806647030176303e-01,  9.467376161699992e-02, -1.288781772103174e-01,  1.159207497225098e+00,  9.573816637626142e-02, -2.823835338628877e-01
  8.649999999999999e+00,  8.801116960991550e-01,  9.507089715096728e-02, -1.285745057596421e-01,  1.159209521845671e+00,  9.593612318661369e-02, -2.829285028309756e-01
  8.660000000000000e+00,  8.794086749140237e-01,  9.441021923160808e-02, -1.283818420629707e-01,  1.158987497199600e+00,  9.620698492189593e-02, -2.825368265928012e-01
  8.670000000000000e+00,  8.794858032318288e-01,  9.418395290265447e-02, -1.283316015177590e-01,  1.159081629684077e+00,  9.559010801163502e-02, -2.817397797998899e-01
  8.680000000000000e+00,  8.796829029501005e-01,  9.418320326187590e-02, -1.285520204304244e-01,  1.158963910065537e+00,  9.599391221050234e-02, -2.826545158426377e-01
  8.690000000000000e+00,  8.796843627860168e-01,  9.400648958711533e-02, -1.286504453378206e-01,  1.159116234105921e+00,  9.528624489679573e-02, -2.823346293241094e-01
  8.699999999999999e+00,  8.789911694014055e-01,  9.452395500603950e-02, -1.281566684539096e-01,  1.159087510459709e+00,  9.485980742443222e-02, -2.819130006336122e-01
  8.709999999999999e+00,  8.787478430652144e-01,  9.416204835729203e-02, -1.278583838278707e-01,  1.158548547613010e+00,  9.644080327395298e-02, -2.820159139595715e-01
  8.719999999999999e+00,  8.793536271809345e-01,  9.419348992455734e-02, -1.280265388606137e-01,  1.158992190918325e+00,  9.598153163617877e-02, -2.817168736118024e-01
  8.730000000000000e+00,  8.793733325627394e-01,  9.384135913011349e-02, -1.279303995897864e-01,  1.159094546386702e+00,  9.613920816415329e-02, -2.814158243658821e-01
  8.740000000000000e+00,  8.792382832837655e-01,  9.357003959258314e-02, -1.282119646853374e-01,  1.158924533700604e+00,  9.612487793074521e-02, -2.812527883408331e-01
  8.750000000000000e+00,  8.794088251897669e-01,  9.379633536485676e-02, -1.274763555811532e-01,  1.158851699210208e+00,  9.543885013053173e-02, -2.807208891395864e-01
  8.760000000000000e+00,  8.797731644239734e-01,  9.459887354518992e-02, -1.257777594787857e-01,  1.158643159084199e+00,  9.518669526711195e-02, -2.802217793253645e-01
  8.770000000000000e+00,  8.795286829943415e-01,  9.493414071499240e-02, -1.256322004622844e-01,  1.158683722286734e+00,  9.460895927162405e-02, -2.807213028893431e-01
  8.779999999999999e+00,  8.789296615324595e-01,  9.421665968231796e-02, -1.272063753054169e-01,  1.158773194239881e+00,  9.520011702270173e-02, -2.813100674846070e-01
  8.789999999999999e+00,  8.787463547542473e-01,  9.409871388020630e-02, -1.281061074585569e-01,  1.158617247751812e+00,  9.520241519693505e-02, -2.814986822159810e-01
  8.799999999999999e+00,  8.789457746493099e-01,  9.388189575648243e-02, -1.285002853983896e-01,  1.158460035181496e+00,  9.613788124031615e-02, -2.816707933702107e-01
  8.809999999999999e+00,  8.788359294559936e-01,  9.366808772552782e-02, -1.281273512121714e-01,  1.158741327314569e+00,  9.559304056147462e-02, -2.812482255508477e-01
  8.820000000000000e+00,  8.785356945460798e-01,  9.341736115793720e-02, -1.272832974884931e-01,  1.158740724061386e+00,  9.565627984499515e-02, -2.808390647152528e-01
  8.830000000000000e+00,  8.792086542056274e-01,  9.421182111295079e-02, -1.256906763533804e-01,  1.158675222938277e+00,  9.498620596468337e-02, -2.807583634498882e-01
  8.840000000000000e+00,  8.781699212324627e-01,  9.434739489447308e-02, -1.252711014215433e-01,  1.158487512673455e+00,  9.570211962203518e-02, -2.805169061130805e-01
  8.850000000000000e+00,  8.775585829548137e-01,  9.381099060910780e-02, -1.269781907337025e-01,  1.158923953086789e+00,  9.560667771898362e-02, -2.809064138735077e-01
  8.859999999999999e+00,  8.776770631251604e-01,  9.352930507008361e-02, -1.270624101352994e-01,  1.158725063843361e+00,  9.567528502721306e-02, -2.811128024035091e-01
  8.869999999999999e+00,  8.776495275097438e-01,  9.376017065566677e-02, -1.260241652685686e-01,  1.158677979611814e+00,  9.611618772540052e-02, -2.803180824985326e-01
  8.879999999999999e+00,  8.771605464409434e-01,  9.312467720242745e-02, -1.271694126089668e-01,  1.158630425049265e+00,  9.553279873846435e-02, -2.799715807803508e-01
  8.890000000000001e+00,  8.762076676725185e-01,  9.354600106303423e-02, -1.267641642025997e-01,  1.158639352920779e+00,  9.478202555058751e-02, -2.797729429829915e-01
  8.899999999999999e+00,  8.772072467852932e-01,  9.430887833476009e-02, -1.252168645569388e-01,  1.158541957422068e+00,  9.535472170838656e-02, -2.800121525505926e-01
  8.910000000000000e+00,  8.777758456852073e-01,  9.428894074999983e-02, -1.253988716469328e-01,  1.158569929486862e+00,  9.617980064667882e-02, -2.802056902578740e-01
  8.920000000000000e+00,  8.779441925189151e-01,  9.469394297542033e-02, -1.257157728436946e-01,  1.158504031013500e+00,  9.520139001383521e-02, -2.803821850585635e-01
  8.930000000000000e+00,  8.777683073626780e-01,  9.400381571502692e-02, -1.271703652412901e-01,  1.158504917684977e+00,  9.579751014715698e-02, -2.808280601729383e-01
  8.940000000000000e+00,  8.783231468675274e-01,  9.423758956165584e-02, -1.264046963417078e-01,  1.158556231141496e+00,  9.594844948327969e-02, -2.806456988792927e-01
  8.949999999999999e+00,  8.792654644195719e-01,  9.375372256435255e-02, -1.280749236555848e-01,  1.159118146098913e+00,  9.615933852714671e-02, -2.809141289806065e-01
  8.959999999999999e+00,  8.795369716911267e-01,  9.430691528111557e-02, -1.270893507212953e-01,  1.159232481366470e+00,  9.637157607066786e-02, -2.811366074406584e-01
  8.969999999999999e+00,  8.796952835143462e-01,  9.447003834252188e-02, -1.271495208808604e-01,  1.158999105037319e+00,  9.560330241187330e-02, -2.807499514452154e-01
  8.980000000000000e+00,  8.790339442662320e-01,  9.378009556494926e-02, -1.286690298596391e-01,  1.159025714376724e+00,  9.697288508699993e-02, -2.811897637009501e-01
  8.990000000000000e+00,  8.794950488648172e-01,  9.423140194214352e-02, -1.271832809698813e-01,  1.159023733603709e+00,  9.655202599960291e-02, -2.810614389896363e-01
  9.000000000000000e+00,  8.794639201534584e-01,  9.462253918345587e-02, -1.265691359917296e-01,  1.159022578564449e+00,  9.599335679649343e-02, -2.806940557233751e-01
  9.010000000000000e+00,  8.793139281950734e-01,  9.482278258304166e-02, -1.263035274000210e-01,  1.159343314216067e+00,  9.602082560088114e-02, -2.817497474833538e-01
  9.020000000000000e+00,  8.799931401120363e-01,  9.470075156236857e-02, -1.269289540191781e-01,  1.159592345991303e+00,  9.641304393908856e-02, -2.810302942195366e-01
  9.029999999999999e+00,  8.799978021441736e-01,  9.536231055884703e-02, -1.264800338448408e-01,  1.159740519418230e+00,  9.504561897086053e-02, -2.810521486735699e-01
  9.039999999999999e+00,  8.793492270490315e-01,  9.473281456752236e-02, -1.267067859486563e-01,  1.159602961671860e+00,  9.504419734997002e-02, -2.812877630381691e-01
  9.049999999999999e+00,  8.790331283152457e-01,  9.377618786948982e-02, -1.281792231734380e-01,  1.159602899535904e+00,  9.619654412151889e-02, -2.809167455851020e-01
  9.059999999999999e+00,  8.797753449766356e-01,  9.454328539023971e-02, -1.276953530116952e-01,  1.159585688210045e+00,  9.632862502194087e-02, -2.813672310088059e-01
  9.070000000000000e+00,  8.789458684167838e-01,  9.395590477553628e-02, -1.286871417040313e-01,  1.159658108932215e+00,  9.675566079440319e-02, -2.818771841702555e-01
  9.080000000000000e+00,  8.793461231686492e-01,  9.374039277355273e-02, -1.290581645714612e-01,  1.159419105846967e+00,  9.738614697007739e-02, -2.818320474031167e-01
  9.090000000000000e+00,  8.802845502793095e-01,  9.468510857375523e-02, -1.280330230436358e-01,  1.159672683039846e+00,  9.736467331917867e-02, -2.812470922942861e-01
  9.100000000000000e+00,  8.802098905732748e-01,  9.462445077472537e-02, -1.293020507186497e-01,  1.159966330815511e+00,  9.581241401323105e-02, -2.822509964297708e-01
  9.109999999999999e+00,  8.803732014419338e-01,  9.471055150002594e-02, -1.278767807274072e-01,  1.159768479964068e+00,  9.609196046436191e-02, -2.816120255471760e-01
  9.119999999999999e+00,  8.800841541710847e-01,  9.456843414999638e-02, -1.270319360118249e-01,  1.159678155947810e+00,  9.587310896692892e-02, -2.810326767361015e-01
  9.129999999999999e+00,  8.809902335842345e-01,  9.525299794981490e-02, -1.271957181994504e-01,  1.159988417110996e+00,  9.553030595737814e-02, -2.814085397118922e-01
  9.139999999999999e+00,  8.803412400257602e-01,  9.468157016287337e-02, -1.277523836424438e-01,  1.159826558187718e+00,  9.564218123620663e-02, -2.817484842494176e-01
  9.149999999999999e+00,  8.795351778694344e-01,  9.409172250674036e-02, -1.290880470880617e-01,  1.159839705695433e+00,  9.656744409068294e-02, -2.815121737453140e-01
  9.160000000000000e+00,  8.798779714230657e-01,  9.460676416695457e-02, -1.273594716697051e-01,  1.159619020562060e+00,  9.645893059203968e-02, -2.805610846514880e-01
  9.170000000000000e+00,  8.800052629607398e-01,  9.508952881337729e-02, -1.265680102516889e-01,  1.159745015769818e+00,  9.604038207974890e-02, -2.810782493880283e-01
  9.180000000000000e+00,  8.796140143041696e-01,  9.474597393979245e-02, -1.273801798907632e-01,  1.159508355182587e+00,  9.648807028687965e-02, -2.820703321630605e-01
  9.190000000000000e+00,  8.791232417447112e-01,  9.428529881421710e-02, -1.285545215029721e-01,  1.159814436247984e+00,  9.619225827001845e-02, -2.816235679537173e-01
  9.199999999999999e+00,  8.803316291937228e-01,  9.521300889107009e-02, -1.276631180314356e-01,  1.160013532630108e+00,  9.588287816532622e-02, -2.816754567810491e-01
  9.209999999999999e+00,  8.801702909835275e-01,  9.467537384808855e-02, -1.271678880922341e-01,  1.159577574344558e+00,  9.639632960041380e-02, -2.813567020612962e-01
  9.219999999999999e+00,  8.802445889727845e-01,  9.441690865993979e-02, -1.276453201085918e-01,  1.159673174456870e+00,  9.621555130975742e-02, -2.815889146946627e-01
  9.230000000000000e+00,  8.804833803834964e-01,  9.465615531855232e-02, -1.273514190960800e-01,  1.159648488264743e+00,  9.652678072874482e-02, -2.819814897404400e-01
  9.240000000000000e+00,  8.800579167815537e-01,  9.470691708234158e-02, -1.270700737407551e-01,  1.159756563707853e+00,  9.641855376770797e-02, -2.812617562090823e-01
  9.250000000000000e+00,  8.802513910289923e-01,  9.463593654814018e-02, -1.271767655005643e-01,  1.159559389365102e+00,  9.577625262471515e-02, -2.811295686110443e-01
  9.260000000000000e+00,  8.794341971232643e-01,  9.478737810845850e-02, -1.270429647664836e-01,  1.159516726529360e+00,  9.581987726170611e-02, -2.809090106135383e-01
  9.270000000000000e+00,  8.772367288063880e-01,  9.418077195381791e-02, -1.277048062687336e-01,  1.159197224161083e+00,  9.545357256762746e-02, -2.810476301421372e-01
  9.279999999999999e+00,  8.768362472030565e-01,  9.410389136389297e-02, -1.275700856993305e-01,  1.158969461140452e+00,  9.593969965715184e-02, -2.809523500992242e-01
  9.289999999999999e+00,  8.792519574701012e-01,  9.557198348503171e-02, -1.269044755557215e-01,  1.159359281938337e+00,  9.626251594467339e-02, -2.811219291466365e-01
  9.299999999999999e+00,  8.790044726792922e-01,  9.544779466413966e-02, -1.269745486112869e-01,  1.159202217926114e+00,  9.727150206241919e-02, -2.807352516601402e-01
  9.309999999999999e+00,  8.783051037399611e-01,  9.482414020506091e-02, -1.284909802859181e-01,  1.159236186674296e+00,  9.684742819405079e-02, -2.810330844384964e-01
  9.320000000000000e+00,  8.784719854798376e-01,  9.533017110896824e-02, -1.275325187524109e-01,  1.159405316658694e+00,  9.562724739010625e-02, -2.815271500984962e-01
  9.330000000000000e+00,  8.780433441916256e-01,  9.457170912066104e-02, -1.279027627916737e-01,  1.159383186593925e+00,  9.641919439468322e-02, -2.808524811755530e-01
  9.340000000000000e+00,  8.788284628221105e-01,  9.469824225579759e-02, -1.274807891334941e-01,  1.159497240976024e+00,  9.601997972404114e-02, -2.800046428876847e-01
  9.350000000000000e+00,  8.795197612169717e-01,  9.460883724764191e-02, -1.273769283221730e-01,  1.159642356237758e+00,  9.648975631266501e-02, -2.794226860605730e-01
  9.359999999999999e+00,  8.790476445365429e-01,  9.419188725787864e-02, -1.274955328538436e-01,  1.159565999305789e+00,  9.631864918926009e-02, -2.800554465506722e-01
  9.369999999999999e+00,  8.780193751634584e-01,  9.353924024864613e-02, -1.285944991198452e-01,  1.159602628773807e+00,  9.537952746055142e-02, -2.798493673657155e-01
  9.379999999999999e+00,  8.788753934796689e-01,  9.383896923721324e-02, -1.277315845101332e-01,  1.159822250705750e+00,  9.543081927717553e-02, -2.797683672817742e-01
  9.390000000000001e+00,  8.781488850669579e-01,  9.326700758689332e-02, -1.288858550568938e-01,  1.159697276475499e+00,  9.632343390000024e-02, -2.796606841962143e-01
  9.399999999999999e+00,  8.788876456710704e-01,  9.390593131528657e-02, -1.280026292812503e-01,  1.159768787256438e+00,  9.648857170870617e-02, -2.795114565919027e-01
  9.410000000000000e+00,  8.789333420962205e-01,  9.398680303618390e-02, -1.279209622860875e-01,  1.159832228848245e+00,  9.595407226833506e-02, -2.795444225459557e-01
  9.420000000000000e+00,  8.788159592328644e-01,  9.372945449747627e-02, -1.294182850918230e-01,  1.160213958194123e+00,  9.639442112583529e-02, -2.803161244526418e-01
  9.430000000000000e+00,  8.783982284893018e-01,  9.329479757224202e-02, -1.302171278082661e-01,  1.159835538191860e+00,  9.588112793393816e-02, -2.800932099939965e-01
  9.440000000000000e+00,  8.787429390607409e-01,  9.334890000221874e-02, -1.303023959105707e-01,  1.159843766566903e+00,  9.555828704150775e-02, -2.805558588694396e-01
  9.449999999999999e+00,  8.787633564137016e-01,  9.328985641249177e-02, -1.292934077723481e-01,  1.159779867000807e+00,  9.668887933920782e-02, -2.806178493127517e-01
  9.459999999999999e+00,  8.792961452684352e-01,  9.396179640422297e-02, -1.274893304711309e-01,  1.159672577371109e+00,  9.561411447194496e-02, -2.797413561877450e-01
  9.469999999999999e+00,  8.804062550735303e-01,  9.438674164487515e-02, -1.276884856825547e-01,  1.159610981727619e+00,  9.621277791252524e-02, -2.799909925433374e-01
  9.480000000000000e+00,  8.806042386101611e-01,  9.450909264229801e-02, -1.277402859334054e-01,  1.159748707874055e+00,  9.735560181534721e-02, -2.801166848026278e-01
  9.489999999999998e+00,  8.801506833724470e-01,  9.431684215081093e-02, -1.282074058898199e-01,  1.159727867053017e+00,  9.769905172433889e-02, -2.803479904086032e-01
  9.500000000000000e+00,  8.792077729565324e-01,  9.362820273514427e-02, -1.296280899043860e-01,  1.159848806208084e+00,  9.666643903235174e-02, -2.803430950583299e-01
  9.510000000000000e+00,  8.791171225713902e-01,  9.356394152183167e-02, -1.301696789859050e-01,  1.160102200760693e+00,  9.626852474378864e-02, -2.807089898956793e-01
  9.520000000000000e+00,  8.796564720482880e-01,  9.365580915817961e-02, -1.302490974484627e-01,  1.160251742238451e+00,  9.668823252760744e-02, -2.805308328282905e-01
  9.529999999999999e+00,  8.790287057344321e-01,  9.359335560866544e-02, -1.292291036612264e-01,  1.160166400357579e+00,  9.644882440010669e-02, -2.800634738027351e-01
  9.539999999999999e+00,  8.774420258008186e-01,  9.368849321005812e-02, -1.267985004757399e-01,  1.159577886505624e+00,  9.636413819587047e-02, -2.797053286491497e-01
  9.549999999999999e+00,  8.787356216506849e-01,  9.427702993357223e-02, -1.286403239392421e-01,  1.160183436670104e+00,  9.652883929792820e-02, -2.806292958943734e-01
  9.559999999999999e+00,  8.793045048357374e-01,  9.434763573771754e-02, -1.271054656392259e-01,  1.159983642858301e+00,  9.703498361693462e-02, -2.801720092788543e-01
  9.570000000000000e+00,  8.768627360405432e-01,  9.430805512917417e-02, -1.251656050040495e-01,  1.159464246656299e+00,  9.581016378067794e-02, -2.795074509417519e-01
  9.580000000000000e+00,  8.762868853360073e-01,  9.366589887015353e-02, -1.266653735428779e-01,  1.159349675333340e+00,  9.617869604751202e-02, -2.801965848918709e-01
  9.590000000000000e+00,  8.779541851462164e-01,  9.381246586620695e-02, -1.263097548583615e-01,  1.159832967734951e+00,  9.622632557009952e-02, -2.795391131756358e-01
  9.600000000000000e+00,  8.776608258851359e-01,  9.375409051778694e-02, -1.256161478897198e-01,  1.159515627114542e+00,  9.668115535366024e-02, -2.800609001981641e-01
  9.609999999999999e+00,  8.767340584297070e-01,  9.352905911791831e-02, -1.247077937341079e-01,  1.159447070588173e+00,  9.534043633448701e-02, -2.801370754387582e-01
  9.619999999999999e+00,  8.762476076307671e-01,  9.342981912024095e-02, -1.251939060456883e-01,  1.159454488171390e+00,  9.550795262438391e-02, -2.799472063331063e-01
  9.629999999999999e+00,  8.752744763999895e-01,  9.251955760482011e-02, -1.268102062571902e-01,  1.159565064033087e+00,  9.619085768132367e-02, -2.801213020648776e-01
  9.640000000000001e+00,  8.753825006937113e-01,  9.257347402200744e-02, -1.271857010263836e-01,  1.159584073208930e+00,  9.664231655311220e-02, -2.808471183394513e-01
  9.650000000000000e+00,  8.752762075883745e-01,  9.258570834249324e-02, -1.272965331768570e-01,  1.159317247728584e+00,  9.672292706023931e-02, -2.811015867461158e-01
  9.660000000000000e+00,  8.747813965490204e-01,  9.256330882487718e-02, -1.273068414797461e-01,  1.159419971240898e+00,  9.621032707553193e-02, -2.807428378075291e-01
  9.670000000000000e+00,  8.751753556082120e-01,  9.288323380007535e-02, -1.270379507750702e-01,  1.159318355816131e+00,  9.583582580500113e-02, -2.802953312545491e-01
  9.680000000000000e+00,  8.756655664870218e-01,  9.348055388661036e-02, -1.255185836702183e-01,  1.159240754637219e+00,  9.591012345829582e-02, -2.793015850870733e-01
  9.690000000000000e+00,  8.754085171943182e-01,  9.334477281605036e-02, -1.254808770274368e-01,  1.159110468292829e+00,  9.661459734009217e-02, -2.803018784230396e-01
  9.699999999999999e+00,  8.746890480956321e-01,  9.243356111704193e-02, -1.272191348216370e-01,  1.159057539477883e+00,  9.692671690260449e-02, -2.800596658308478e-01
  9.709999999999999e+00,  8.747360667372143e-01,  9.297264151203199e-02, -1.271550802761074e-01,  1.159243923490879e+00,  9.537537916214148e-02, -2.804876403859752e-01
  9.719999999999999e+00,  8.752043907944341e-01,  9.347995681666577e-02, -1.257940049200315e-01,  1.159284718632354e+00,  9.569679831602551e-02, -2.800927128110304e-01
  9.730000000000000e+00,  8.746295514111804e-01,  9.265807888755928e-02, -1.273447949138931e-01,  1.159222849671353e+00,  9.648309902774817e-02, -2.795587050108500e-01
  9.740000000000000e+00,  8.739033899581390e-01,  9.244864943109055e-02, -1.273941198767645e-01,  1.159344354329769e+00,  9.564205963693222e-02, -2.798352215957653e-01
  9.750000000000000e+00,  8.741651856566024e-01,  9.288131084911133e-02, -1.272393266617736e-01,  1.159341664270276e+00,  9.585462876792143e-02, -2.802638813750962e-01
  9.760000000000000e+00,  8.745427428309133e-01,  9.304292158069494e-02, -1.261357874995939e-01,  1.159156010300519e+00,  9.558372279674571e-02, -2.801621854654252e-01
  9.770000000000000e+00,  8.731640651238518e-01,  9.288262323802465e-02, -1.260551066430200e-01,  1.159066636832057e+00,  9.536990308216349e-02, -2.793287550310777e-01
  9.779999999999999e+00,  8.735580400871880e-01,  9.363236012308640e-02, -1.253946183607590e-01,  1.159125329357792e+00,  9.520484003070089e-02, -2.795641644245843e-01
  9.789999999999999e+00,  8.734497762096873e-01,  9.285312906773568e-02, -1.267066500760267e-01,  1.158937987421305e+00,  9.530190615577126e-02, -2.797976353987491e-01
  9.799999999999999e+00,  8.734822031928851e-01,  9.296417280014135e-02, -1.253676344642017e-01,  1.158840407343988e+00,  9.568060752739388e-02, -2.791738593006122e-01
  9.809999999999999e+00,  8.734544146272153e-01,  9.299206890780187e-02, -1.254167598810174e-01,  1.158845774880136e+00,  9.581111559080166e-02, -2.790281581776152e-01
  9.820000000000000e+00,  8.728193927601372e-01,  9.265925889625071e-02, -1.272022644033485e-01,  1.159126918121209e+00,  9.592227399181427e-02, -2.790992894455557e-01
  9.830000000000000e+00,  8.732905423029762e-01,  9.291206767431603e-02, -1.275043047365008e-01,  1.159251865473173e+00,  9.610767870179608e-02, -2.797585630708722e-01
  9.840000000000000e+00,  8.749867324138981e-01,  9.356675334195974e-02, -1.267398318664994e-01,  1.159510205339509e+00,  9.644236061081320e-02, -2.793645763745595e-01
  9.850000000000000e+00,  8.741020765899782e-01,  9.298965128839654e-02, -1.263532086226076e-01,  1.159391846436013e+00,  9.626383551798921e-02, -2.782976413571566e-01
  9.859999999999999e+00,  8.742488065915193e-01,  9.230897621761680e-02, -1.287053942108407e-01,  1.159671810239988e+00,  9.575637514600177e-02, -2.792042853283532e-01
  9.869999999999999e+00,  8.733106874744846e-01,  9.166951304092641e-02, -1.289470726375512e-01,  1.159433285976654e+00,  9.496389508219730e-02, -2.794543717566615e-01
  9.879999999999999e+00,  8.742071076368814e-01,  9.201252913786750e-02, -1.295811708166016e-01,  1.159409636734816e+00,  9.538460947658450e-02, -2.796526608456362e-01
  9.889999999999999e+00,  8.744261066287977e-01,  9.171964349333317e-02, -1.290584006361703e-01,  1.159377752734503e+00,  9.585492017947859e-02, -2.794134965588542e-01
  9.899999999999999e+00,  8.746466463526177e-01,  9.210602167938431e-02, -1.270523792758295e-01,  1.159308572166013e+00,  9.625801158620376e-02, -2.786018507724063e-01
  9.910000000000000e+00,  8.741194747690018e-01,  9.182872601706005e-02, -1.269508807904366e-01,  1.159433647953374e+00,  9.658645525330697e-02, -2.782249850853283e-01
  9.920000000000000e+00,  8.736711336926283e-01,  9.090587248796833e-02, -1.284227766420912e-01,  1.159500170550222e+00,  9.632960284533836e-02, -2.777377991083747e-01
  9.930000000000000e+00,  8.734877350191679e-01,  9.100574308419573e-02, -1.268792693091676e-01,  1.159036717676018e+00,  9.578892072632463e-02, -2.769610861615766e-01
  9.940000000000000e+00,  8.735071146042167e-01,  9.093096609656959e-02, -1.270641602830027e-01,  1.158948644828991e+00,  9.644501424368888e-02, -2.774571469051444e-01
  9.949999999999999e+00,  8.732253853238808e-01,  9.028005353686130e-02, -1.289154659129643e-01,  1.159059544864237e+00,  9.654186160541549e-02, -2.786460156555792e-01
  9.959999999999999e+00,  8.730454387531017e-01,  9.006694782035729e-02, -1.293680938501499e-01,  1.158928640200401e+00,  9.596655844854325e-02, -2.782636144793423e-01
  9.969999999999999e+00,  8.733525812409569e-01,  8.992851695828685e-02, -1.299205733866336e-01,  1.158960878445328e+00,  9.584414256828158e-02, -2.777342747290543e-01
  9.980000000000000e+00,  8.732944754123665e-01,  8.992112302766442e-02, -1.294012161074138e-01,  1.159288238025036e+00,  9.496833568211697e-02, -2.775627995468207e-01
  9.989999999999998e+00,  8.740385063584125e-01,  9.076217397301090e-02, -1.279628843135314e-01,  1.159198442361308e+00,  9.598202909976469e-02, -2.770599839555564e-01
  1.000000000000000e+01,  8.737235623772818e-01,  8.999852594728130e-02, -1.291121008595230e-01,  1.159180437508069e+00,  9.591721988815581e-02, -2.771215934312614e-01
  1.001000000000000e+01,  8.738610762506516e-01,  9.042226611474424e-02, -1.275581544446578e-01,  1.159309909897814e+00,  9.551518490814641e-02, -2.776742971229693e-01
  1.002000000000000e+01,  8.736012004346266e-01,  9.046793865118863e-02, -1.271737164393690e-01,  1.159357905943951e+00,  9.599327646379274e-02, -2.779151555554288e-01
  1.003000000000000e+01,  8.730717740503864e-01,  8.980148488405693e-02, -1.296056736698177e-01,  1.159209410079080e+00,  9.621213399919762e-02, -2.779936089686794e-01
  1.004000000000000e+01,  8.730666544865454e-01,  8.990030193727350e-02, -1.299287508053428e-01,  1.159175155095485e+00,  9.636938363851408e-02, -2.786096183435745e-01
  1.005000000000000e+01,  8.735199681354053e-01,  9.048953441273078e-02, -1.277647419790756e-01,  1.159342503806134e+00,  9.623479376071919e-02, -2.788491930450108e-01
  1.006000000000000e+01,  8.738767450982913e-01,  9.052578751138141e-02, -1.273288696494779e-01,  1.159401893680390e+00,  9.608059913997540e-02, -2.789502686653239e-01
  1.007000000000000e+01,  8.739758216586128e-01,  9.067135135273308e-02, -1.274868209776250e-01,  1.159406761757507e+00,  9.638368489158962e-02, -2.783185885942289e-01
  1.008000000000000e+01,  8.739220739014213e-01,  9.090586209837226e-02, -1.273683100490651e-01,  1.159835056151527e+00,  9.664905120374587e-02, -2.779098950509606e-01
  1.009000000000000e+01,  8.737843538736239e-01,  9.074404506713885e-02, -1.274510265833807e-01,  1.159713611647379e+00,  9.689959138216016e-02, -2.784363373794704e-01
  1.010000000000000e+01,  8.737697291833979e-01,  9.096030463546656e-02, -1.272480871040466e-01,  1.159791065256284e+00,  9.669948910376899e-02, -2.784363162511052e-01
  1.011000000000000e+01,  8.722258805611319e-01,  9.031034236363977e-02, -1.264054359666872e-01,  1.159147356818527e+00,  9.695834314001289e-02, -2.789396824519034e-01
  1.012000000000000e+01,  8.722522990570636e-01,  9.000911152335367e-02, -1.262971475237094e-01,  1.159099708194780e+00,  9.683539534900040e-02, -2.777720700560407e-01
  1.013000000000000e+01,  8.724858651460068e-01,  9.006741608409286e-02, -1.265125894192223e-01,  1.159092853818207e+00,  9.613989912319243e-02, -2.774265152844722e-01
  1.014000000000000e+01,  8.726974724045481e-01,  9.014896204764145e-02, -1.266446594190664e-01,  1.158979962102781e+00,  9.565545392663798e-02, -2.772596995615558e-01
  1.015000000000000e+01,  8.729589260753852e-01,  9.047703235297089e-02, -1.267151434475789e-01,  1.159281099030505e+00,  9.656790612314833e-02, -2.777228479615799e-01
  1.016000000000000e+01,  8.731136547181790e-01,  9.072805806847950e-02, -1.270741452208916e-01,  1.159474758461446e+00,  9.608030808876172e-02, -2.772156629055776e-01
  1.017000000000000e+01,  8.731029237937843e-01,  9.077875378680789e-02, -1.271112499305029e-01,  1.159309735664239e+00,  9.601865691699234e-02, -2.774625695924766e-01
  1.018000000000000e+01,  8.733077207521243e-01,  9.078484848028001e-02, -1.270424812338291e-01,  1.159346748553620e+00,  9.604879995396166e-02, -2.769716652201502e-01
  1.019000000000000e+01,  8.736288586694108e-01,  9.105229394263525e-02, -1.270967860446454e-01,  1.159313734792510e+00,  9.667841065966637e-02, -2.773393723198876e-01
  1.020000000000000e+01,  8.730024928546006e-01,  9.085307916137708e-02, -1.273404351539438e-01,  1.159318313351484e+00,  9.622816885956975e-02, -2.776043830978752e-01
  1.021000000000000e+01,  8.726120433997494e-01,  9.029237253497779e-02, -1.293575742310890e-01,  1.159658467194465e+00,  9.485483646063236e-02, -2.777822504365933e-01
  1.022000000000000e+01,  8.729708733894509e-01,  9.039076245601363e-02, -1.297884654120876e-01,  1.159911843832111e+00,  9.513738907949783e-02, -2.780175470757897e-01
  1.023000000000000e+01,  8.735939972150273e-01,  9.093898680147228e-02, -1.281243469522829e-01,  1.159772120184870e+00,  9.557314007856633e-02, -2.773093737015203e-01
  1.024000000000000e+01,  8.736010102238126e-01,  9.101252743529353e-02, -1.274273453996649e-01,  1.159599194984467e+00,  9.493700210223456e-02, -2.772056347846063e-01
  1.025000000000000e+01,  8.732767813319677e-01,  9.075358719473581e-02, -1.271790754964921e-01,  1.159614512965613e+00,  9.491708035885670e-02, -2.768444260910030e-01
  1.026000000000000e+01,  8.733805998294873e-01,  9.088340370216463e-02, -1.273795512311185e-01,  1.159745275929120e+00,  9.622415774278022e-02, -2.771234055158144e-01
  1.027000000000000e+01,  8.729769217287613e-01,  9.048411683441659e-02, -1.276003468794316e-01,  1.159567941744029e+00,  9.637752377561351e-02, -2.767982007680242e-01
  1.028000000000000e+01,  8.731283652966731e-01,  9.064779675474921e-02, -1.281419835058839e-01,  1.159582935072966e+00,  9.662874560952918e-02, -2.770272154039995e-01
  1.029000000000000e+01,  8.726552295870446e-01,  9.012418429339486e-02, -1.292211460573128e-01,  1.159472168150355e+00,  9.579973802630457e-02, -2.772798436459686e-01
  1.030000000000000e+01,  8.728159965496267e-01,  9.054806481566180e-02, -1.274651397545405e-01,  1.159793211573341e+00,  9.480470132178793e-02, -2.768981714945571e-01
  1.031000000000000e+01,  8.733179844902355e-01,  9.099527424073162e-02, -1.271564974688990e-01,  1.159975165910878e+00,  9.545863607312698e-02, -2.769687623131212e-01
  1.032000000000000e+01,  8.735882668722346e-01,  9.125171465486792e-02, -1.272901139224429e-01,  1.159763127053637e+00,  9.624902540561736e-02, -2.772356151075877e-01
  1.033000000000000e+01,  8.731173622628957e-01,  9.104227724530922e-02, -1.272873723443810e-01,  1.159794215834701e+00,  9.560937005216807e-02, -2.770956177803180e-01
  1.034000000000000e+01,  8.727647187813617e-01,  9.060635818895157e-02, -1.275064623854587e-01,  1.159536665498880e+00,  9.686711075062436e-02, -2.770739998796194e-01
  1.035000000000000e+01,  8.723396807908106e-01,  9.023591603033942e-02, -1.288208117820891e-01,  1.159842059790702e+00,  9.715726653635189e-02, -2.775115533793710e-01
  1.036000000000000e+01,  8.732602728356558e-01,  9.068050361955216e-02, -1.284448693236109e-01,  1.160082746974339e+00,  9.612767520462978e-02, -2.775571399689646e-01
  1.037000000000000e+01,  8.731003989117473e-01,  9.077062493354093e-02, -1.288567349879602e-01,  1.160008274526209e+00,  9.682482232751695e-02, -2.785899313527173e-01
  1.038000000000000e+01,  8.732864775504035e-01,  9.092995285760286e-02, -1.272006198241637e-01,  1.159817962011428e+00,  9.621397546396447e-02, -2.774647737391303e-01
  1.039000000000000e+01,  8.725920784749027e-01,  9.033693571964307e-02, -1.270738752586711e-01,  1.159658836919529e+00,  9.639972968177511e-02, -2.770050291678236e-01
  1.040000000000000e+01,  8.721908687080162e-01,  8.981187514741862e-02, -1.288868128552720e-01,  1.159749108655424e+00,  9.583385312397580e-02, -2.783308533219234e-01
  1.041000000000000e+01,  8.728003397252215e-01,  9.057303729042543e-02, -1.275481026721798e-01,  1.159786676577290e+00,  9.507257083828123e-02, -2.782473863144861e-01
  1.042000000000000e+01,  8.734143813279635e-01,  9.097511916227918e-02, -1.276160389677982e-01,  1.159875373380948e+00,  9.614555822107025e-02, -2.775181237594711e-01
  1.043000000000000e+01,  8.729154644438657e-01,  9.046189363304258e-02, -1.285749930739813e-01,  1.159777157348005e+00,  9.646392149810504e-02, -2.777398733628991e-01
  1.044000000000000e+01,  8.731383701096259e-01,  9.093453143296393e-02, -1.277739809330699e-01,  1.160112250668746e+00,  9.626338688583466e-02, -2.778275694567171e-01
  1.045000000000000e+01,  8.731683294246694e-01,  9.096548966884788e-02, -1.272767266415410e-01,  1.159978392142838e+00,  9.596529472635407e-02, -2.772522211979221e-01
  1.046000000000000e+01,  8.734863358594805e-01,  9.107396000432821e-02, -1.271403635501564e-01,  1.159735022087452e+00,  9.610752387352420e-02, -2.767759914180052e-01
  1.047000000000000e+01,  8.727258451330281e-01,  9.054099989650610e-02, -1.267563752659266e-01,  1.159537538793798e+00,  9.648913035232547e-02, -2.771633139465116e-01
  1.048000000000000e+01,  8.722684066084603e-01,  9.014633675240979e-02, -1.271096049392828e-01,  1.159786021927141e+00,  9.553385233061537e-02, -2.771139058293711e-01
  1.049000000000000e+01,  8.720130634414024e-01,  8.994957311940466e-02, -1.283606062690794e-01,  1.159771683651707e+00,  9.544584105283238e-02, -2.779169924578579e-01
  1.050000000000000e+01,  8.735198927766585e-01,  9.089227444420778e-02, -1.274587210147886e-01,  1.159971989202107e+00,  9.566968124104627e-02, -2.775655299902682e-01
  1.051000000000000e+01,  8.735461479188780e-01,  9.109698724006954e-02, -1.272458181704285e-01,  1.160032852809399e+00,  9.548831238126730e-02, -2.777219145184809e-01
  1.052000000000000e+01,  8.731800841966466e-01,  9.071108333521316e-02, -1.276541034057026e-01,  1.159932547507965e+00,  9.619533025643270e-02, -2.781406484694856e-01
  1.053000000000000e+01,  8.726282178580780e-01,  9.023724281234569e-02, -1.286369467743702e-01,  1.160310229365338e+00,  9.499615889207551e-02, -2.775123069122112e-01
  1.054000000000000e+01,  8.718587930506001e-01,  9.026281927061652e-02, -1.271668965261676e-01,  1.160111204456601e+00,  9.475348843818010e-02, -2.770724020541969e-01
  1.055000000000000e+01,  8.718198435067402e-01,  9.006567329876147e-02, -1.281346034131708e-01,  1.160148339077193e+00,  9.485939393464038e-02, -2.776541214587800e-01
  1.056000000000000e+01,  8.724161309034438e-01,  9.036449031102700e-02, -1.277410562231363e-01,  1.160338079634041e+00,  9.582047857535980e-02, -2.777666892298358e-01
  1.057000000000000e+01,  8.715674038574972e-01,  9.012121701203135e-02, -1.282606038861290e-01,  1.160047779845985e+00,  9.617767786976640e-02, -2.780197826531863e-01
  1.058000000000000e+01,  8.705927040947035e-01,  9.015188151315079e-02, -1.259836654479795e-01,  1.159309793517390e+00,  9.648159593197922e-02, -2.783472194056560e-01
  1.059000000000000e+01,  8.723039172078685e-01,  9.081054115165332e-02, -1.266413963665397e-01,  1.159738138329749e+00,  9.656812916777460e-02, -2.788356850814626e-01
  1.060000000000000e+01,  8.724380596604792e-01,  9.071266656252841e-02, -1.266297518340025e-01,  1.160009548234259e+00,  9.555764971522313e-02, -2.780204842374836e-01
  1.061000000000000e+01,  8.726348836659678e-01,  9.101205081492347e-02, -1.266338183901909e-01,  1.160082778020399e+00,  9.570060731698206e-02, -2.780869474379076e-01
  1.062000000000000e+01,  8.729005578717292e-01,  9.122078779857690e-02, -1.264871971228074e-01,  1.159976116143003e+00,  9.553550478327232e-02, -2.776741385755566e-01
  1.063000000000000e+01,  8.723255965072422e-01,  9.071400018907072e-02, -1.263531785545326e-01,  1.159873164952319e+00,  9.496711263123493e-02, -2.784723348975624e-01
  1.064000000000000e+01,  8.724410213319613e-01,  9.079790345355643e-02, -1.266281605395894e-01,  1.159890136147171e+00,  9.500553311287586e-02, -2.786120299172692e-01
  1.065000000000000e+01,  8.727831968031908e-01,  9.067886382618351e-02, -1.274820007610162e-01,  1.159860881351334e+00,  9.552970045898808e-02, -2.787954337838591e-01
  1.066000000000000e+01,  8.720513117299138e-01,  8.996152982719674e-02, -1.290068466837944e-01,  1.159886618233046e+00,  9.574293636914662e-02, -2.781930530225166e-01
  1.067000000000000e+01,  8.715578011689652e-01,  8.975456002310578e-02, -1.285691890709348e-01,  1.159998074661749e+00,  9.590914750276427e-02, -2.785015556283195e-01
  1.068000000000000e+01,  8.724832367157325e-01,  9.049784371880865e-02, -1.272091887356060e-01,  1.159661308471216e+00,  9.663820462313713e-02, -2.782989437911462e-01
  1.069000000000000e+01,  8.720800999178044e-01,  8.992629059033819e-02, -1.289926900970413e-01,  1.159881826786133e+00,  9.631012547519631e-02, -2.783956986580673e-01
  1.070000000000000e+01,  8.715948137594222e-01,  8.997712731434637e-02, -1.288253644826827e-01,  1.160070111215739e+00,  9.571163308595967e-02, -2.778167314914112e-01
  1.071000000000000e+01,  8.725925689260973e-01,  9.088411848313149e-02, -1.271330153755668e-01,  1.159826218863306e+00,  9.640029131728549e-02, -2.782004848867696e-01
  1.072000000000000e+01,  8.732096299302747e-01,  9.166266675003754e-02, -1.263203006369931e-01,  1.160108848652185e+00,  9.670482293912376e-02, -2.784636540628641e-01
  1.073000000000000e+01,  8.726818106619308e-01,  9.136564037005002e-02, -1.267718739362528e-01,  1.160139860366756e+00,  9.631262291978661e-02, -2.783560553603218e-01
  1.074000000000000e+01,  8.718893541997347e-01,  9.094499047628557e-02, -1.262594270963215e-01,  1.160043920646130e+00,  9.520639181404512e-02, -2.784158817822924e-01
  1.075000000000000e+01,  8.715798118055081e-01,  9.072668122935879e-02, -1.265375744571653e-01,  1.160205680991246e+00,  9.534422793194156e-02, -2.784563633265522e-01
  1.076000000000000e+01,  8.714741760363949e-01,  9.066473886711979e-02, -1.281869785479886e-01,  1.160570863865610e+00,  9.512182994572745e-02, -2.790048467469238e-01
  1.077000000000000e+01,  8.721914298000994e-01,  9.130426764040500e-02, -1.271040750586381e-01,  1.160620418955878e+00,  9.558896996287906e-02, -2.789318979773939e-01
  1.078000000000000e+01,  8.722231459540348e-01,  9.174366633385644e-02, -1.267267874007805e-01,  1.160460606252353e+00,  9.587693577947209e-02, -2.792521910372663e-01
  1.079000000000000e+01,  8.720989082420190e-01,  9.148253683281315e-02, -1.263114855352413e-01,  1.160708112937643e+00,  9.584039234343862e-02, -2.785829867505409e-01
  1.080000000000000e+01,  8.722716984985691e-01,  9.158679615555498e-02, -1.265230991526210e-01,  1.160781231757524e+00,  9.535721003427386e-02, -2.786964225491442e-01
  1.081000000000000e+01,  8.721324786247633e-01,  9.163830554182661e-02, -1.268841463214104e-01,  1.160632245505304e+00,  9.518167470201383e-02, -2.781901481807726e-01
  1.082000000000000e+01,  8.714404954885417e-01,  9.100350063028317e-02, -1.269711847041611e-01,  1.160366761498435e+00,  9.593637706721490e-02, -2.778124654319752e-01
  1.083000000000000e+01,  8.704754222096857e-01,  9.036087271773474e-02, -1.277072697403473e-01,  1.160303994916465e+00,  9.591369975278775e-02, -2.780951931796410e-01
  1.084000000000000e+01,  8.704355066684500e-01,  9.072833379259371e-02, -1.267194182623154e-01,  1.160127893510689e+00,  9.615843372174750e-02, -2.779610679685932e-01
  1.085000000000000e+01,  8.697343801578457e-01,  9.003049534376562e-02, -1.279596152199731e-01,  1.160212080147371e+00,  9.610293454716036e-02, -2.784047614094341e-01
  1.086000000000000e+01,  8.697741749401834e-01,  9.010230483015902e-02, -1.283604359578470e-01,  1.160052817726503e+00,  9.615558205370565e-02, -2.788936913033023e-01
  1.087000000000000e+01,  8.700047477563380e-01,  9.034238277637741e-02, -1.280345426758548e-01,  1.160135833859230e+00,  9.594312019389216e-02, -2.782717181240992e-01
  1.088000000000000e+01,  8.706092018320881e-01,  9.084144951945605e-02, -1.268003658954651e-01,  1.159924000067132e+00,  9.586223146333318e-02, -2.779476372482252e-01
  1.089000000000000e+01,  8.701234110788072e-01,  9.033358755877141e-02, -1.282679427333588e-01,  1.160053581544376e+00,  9.597879689787836e-02, -2.784388940149095e-01
  1.090000000000000e+01,  8.699650547871319e-01,  9.002884650324661e-02, -1.286624847522742e-01,  1.159967769959688e+00,  9.640820772289771e-02, -2.785926401464277e-01
  1.091000000000000e+01,  8.704222904989178e-01,  9.037441174027738e-02, -1.280932465588321e-01,  1.160228590805391e+00,  9.619669488922961e-02, -2.786102241575828e-01
  1.092000000000000e+01,  8.711356017064795e-01,  9.121034776377202e-02, -1.262578967947890e-01,  1.160175248288134e+00,  9.580632561087885e-02, -2.777428800073199e-01
  1.093000000000000e+01,  8.722512111039848e-01,  9.197774621672972e-02, -1.269928380750858e-01,  1.160012830784714e+00,  9.637205732956856e-02, -2.781563227174577e-01
  1.094000000000000e+01,  8.715439835588989e-01,  9.140207999119632e-02, -1.267229521495621e-01,  1.159788612118413e+00,  9.683440141292954e-02, -2.784705141568568e-01
  1.095000000000000e+01,  8.709678190494304e-01,  9.089742821121960e-02, -1.268572213501582e-01,  1.159960865274819e+00,  9.679981790577884e-02, -2.778369525896768e-01
  1.096000000000000e+01,  8.707309444246087e-01,  9.059613928789956e-02, -1.285074976970708e-01,  1.160446077510590e+00,  9.643503560570540e-02, -2.786924841876302e-01
  1.097000000000000e+01,  8.706430634851591e-01,  9.082032063756595e-02, -1.281874009595122e-01,  1.160664667825099e+00,  9.617031559751679e-02, -2.784203577725027e-01
  1.098000000000000e+01,  8.713154156970847e-01,  9.125646138388932e-02, -1.271182466008411e-01,  1.160407668076419e+00,  9.684174838519957e-02, -2.782192243709349e-01
  1.099000000000000e+01,  8.711948069143832e-01,  9.111070581941694e-02, -1.281836731358816e-01,  1.160236378231267e+00,  9.674220867178035e-02, -2.786512168322556e-01
  1.100000000000000e+01,  8.719464795285596e-01,  9.217412535733449e-02, -1.267512371375289e-01,  1.160291295282164e+00,  9.710032230487685e-02, -2.787318848261570e-01
  1.101000000000000e+01,  8.717926676678907e-01,  9.220698501308111e-02, -1.257832395946191e-01,  1.160299591708689e+00,  9.625172017571838e-02, -2.780828638865790e-01
  1.102000000000000e+01,  8.709402265493884e-01,  9.159601415796725e-02, -1.254206211468393e-01,  1.160420002310413e+00,  9.540121928431332e-02, -2.774770596775467e-01
  1.103000000000000e+01,  8.710468812116614e-01,  9.160158133025731e-02, -1.255156861778942e-01,  1.160513370040135e+00,  9.595173884738342e-02, -2.780008293206615e-01
  1.104000000000000e+01,  8.711544973499543e-01,  9.140216325401140e-02, -1.262189383927007e-01,  1.160592466634823e+00,  9.585161880910473e-02, -2.786326192621966e-01
  1.105000000000000e+01,  8.707890891212001e-01,  9.118519608244835e-02, -1.277602191027083e-01,  1.160720992313981e+00,  9.614096844701644e-02, -2.786000700467671e-01
  1.106000000000000e+01,  8.713725981635274e-01,  9.163474987789622e-02, -1.271950816435474e-01,  1.160711557467820e+00,  9.585694494618401e-02, -2.785919505532543e-01
  1.107000000000000e+01,  8.706504191349236e-01,  9.133515912390733e-02, -1.281992739717875e-01,  1.160623465227660e+00,  9.571580937061697e-02, -2.793452369231401e-01
  1.108000000000000e+01,  8.710380770259768e-01,  9.171302774643930e-02, -1.281771608955053e-01,  1.160344025548529e+00,  9.542067726394013e-02, -2.795882881035075e-01
  1.109000000000000e+01,  8.713012096515932e-01,  9.182776809818005e-02, -1.269961401434495e-01,  1.160150543269330e+00,  9.628229219770246e-02, -2.793908852988310e-01
  1.110000000000000e+01,  8.709170560565115e-01,  9.174356683350049e-02, -1.275419587732520e-01,  1.160205199108787e+00,  9.602032258271219e-02, -2.797207533182358e-01
  1.111000000000000e+01,  8.721186366795483e-01,  9.273224511329792e-02, -1.263434095787426e-01,  1.160121821963002e+00,  9.676782396646307e-02, -2.791754231480917e-01
  1.112000000000000e+01,  8.714706398702204e-01,  9.226410036397503e-02, -1.263958795390077e-01,  1.160228763627438e+00,  9.687778444598792e-02, -2.797688912687196e-01
  1.113000000000000e+01,  8.705901600026517e-01,  9.142151374301499e-02, -1.281357375593759e-01,  1.160701278275485e+00,  9.628093545904366e-02, -2.797297567111540e-01
  1.114000000000000e+01,  8.705168353698577e-01,  9.159508155229501e-02, -1.280771077907734e-01,  1.160691592851615e+00,  9.665593991326327e-02, -2.803878540546916e-01
  1.115000000000000e+01,  8.714547036334540e-01,  9.228853630796841e-02, -1.266363746873718e-01,  1.160699485691362e+00,  9.666939176637276e-02, -2.799807689976359e-01
  1.116000000000000e+01,  8.713265308635083e-01,  9.222001701239813e-02, -1.263495988425803e-01,  1.160741921322625e+00,  9.620750853941480e-02, -2.793481916118480e-01
  1.117000000000000e+01,  8.707742331637609e-01,  9.163171522722147e-02, -1.283886555451608e-01,  1.160464214714693e+00,  9.636141380794955e-02, -2.798897658692613e-01
  1.118000000000000e+01,  8.707508340858878e-01,  9.154591487939245e-02, -1.287914075771356e-01,  1.160465394136607e+00,  9.649682815730927e-02, -2.804399091958182e-01
  1.119000000000000e+01,  8.701503951806536e-01,  9.138154481714689e-02, -1.278116736875490e-01,  1.160297769242695e+00,  9.701213335213339e-02, -2.798683485200818e-01
  1.120000000000000e+01,  8.690716244752339e-01,  9.121384911619623e-02, -1.255100475086984e-01,  1.159981652845082e+00,  9.619968802114021e-02, -2.785050445913729e-01
  1.121000000000000e+01,  8.693924086911130e-01,  9.134486494401917e-02, -1.270900647561641e-01,  1.160230033737658e+00,  9.581005044544005e-02, -2.788345859153186e-01
  1.122000000000000e+01,  8.700837487280664e-01,  9.172238721479919e-02, -1.264951629286352e-01,  1.159986408938173e+00,  9.590581608792907e-02, -2.790768947137828e-01
  1.123000000000000e+01,  8.690885005222948e-01,  9.136747355187702e-02, -1.277471471052782e-01,  1.160049910817754e+00,  9.620486351719518e-02, -2.793677612014728e-01
  1.124000000000000e+01,  8.688301644460786e-01,  9.135643975220686e-02, -1.278635598490033e-01,  1.160381019304848e+00,  9.574744905935820e-02, -2.794913559804676e-01
  1.125000000000000e+01,  8.685182409072059e-01,  9.128369917241641e-02, -1.271201994672928e-01,  1.160235694160251e+00,  9.619303567827960e-02, -2.789501033343189e-01
  1.126000000000000e+01,  8.695582272261716e-01,  9.166700565676988e-02, -1.262984840853700e-01,  1.160198165456391e+00,  9.599602212494734e-02, -2.781893183338083e-01
  1.127000000000000e+01,  8.695354880939071e-01,  9.120785227709383e-02, -1.279478591227552e-01,  1.160599562633016e+00,  9.658194961435022e-02, -2.791362304010541e-01
  1.128000000000000e+01,  8.695711048308603e-01,  9.113593560252897e-02, -1.287034929745691e-01,  1.160624206357516e+00,  9.702985105305001e-02, -2.793627785826647e-01
  1.129000000000000e+01,  8.694281719582013e-01,  9.141648609790076e-02, -1.276165657159179e-01,  1.160415469911323e+00,  9.669424703635572e-02, -2.795094325014105e-01
  1.130000000000000e+01,  8.700366804575379e-01,  9.204796724727293e-02, -1.260599672912479e-01,  1.160006391635055e+00,  9.660723764742644e-02, -2.795852009017016e-01
  1.131000000000000e+01,  8.709219948767108e-01,  9.236668249503577e-02, -1.256812775367042e-01,  1.160407535106672e+00,  9.658990969444620e-02, -2.795475864044262e-01
  1.132000000000000e+01,  8.709528188432691e-01,  9.254617524818531e-02, -1.260413327771253e-01,  1.160234870894044e+00,  9.567562676050902e-02, -2.796047322200877e-01
  1.133000000000000e+01,  8.702670573205011e-01,  9.177187406082465e-02, -1.279436903316394e-01,  1.160333325586063e+00,  9.611469405857685e-02, -2.799129083029571e-01
  1.134000000000000e+01,  8.702716766391116e-01,  9.159261788957784e-02, -1.278889450699897e-01,  1.160296729800021e+00,  9.608120420933507e-02, -2.793462358879514e-01
  1.135000000000000e+01,  8.713108543648325e-01,  9.243013934293698e-02, -1.260078731913305e-01,  1.160139552303747e+00,  9.633939839010745e-02, -2.795356091108501e-01
  1.136000000000000e+01,  8.710448585488019e-01,  9.225276830391804e-02, -1.255882172119322e-01,  1.160138317570724e+00,  9.601777324842994e-02, -2.792175981291238e-01
  1.137000000000000e+01,  8.702787449795792e-01,  9.162282870006222e-02, -1.275092312717131e-01,  1.160242876747838e+00,  9.681311704214733e-02, -2.800300524659642e-01
  1.138000000000000e+01,  8.700754466565037e-01,  9.143630998495755e-02, -1.275566154838612e-01,  1.160356036798036e+00,  9.622622971040401e-02, -2.800815855630998e-01
  1.139000000000000e+01,  8.698922060826624e-01,  9.152584725075052e-02, -1.273616170831310e-01,  1.160647962835386e+00,  9.595472802704989e-02, -2.798601781545368e-01
  1.140000000000000e+01,  8.701649382077704e-01,  9.160649839427903e-02, -1.274926954041894e-01,  1.160712206305314e+00,  9.637267334533074e-02, -2.796438196873161e-01
  1.141000000000000e+01,  8.704550774175775e-01,  9.187951982251974e-02, -1.271107759605712e-01,  1.160587479300354e+00,  9.623495030297008e-02, -2.808623532380075e-01
  1.142000000000000e+01,  8.715216999742357e-01,  9.260786288534062e-02, -1.256354617074722e-01,  1.160432669071084e+00,  9.630637128913663e-02, -2.800258819162907e-01
  1.143000000000000e+01,  8.720872862419394e-01,  9.293221928705142e-02, -1.257278776729601e-01,  1.160341481679532e+00,  9.714113656196828e-02, -2.801573398440033e-01
  1.144000000000000e+01,  8.720216909186133e-01,  9.224572604953352e-02, -1.272935730403496e-01,  1.160893312732469e+00,  9.644177730809844e-02, -2.804246358723782e-01
  1.145000000000000e+01,  8.721584878948219e-01,  9.258045633536649e-02, -1.256772483469756e-01,  1.160918871865093e+00,  9.632607917811815e-02, -2.801677793119655e-01
  1.146000000000000e+01,  8.704355599298008e-01,  9.221328963116915e-02, -1.250659401845635e-01,  1.160082329475304e+00,  9.646182581463625e-02, -2.797528504069621e-01
  1.147000000000000e+01,  8.693457081893771e-01,  9.152027496350179e-02, -1.260550036268648e-01,  1.160179316785972e+00,  9.630158433207872e-02, -2.798201451729042e-01
  1.148000000000000e+01,  8.700479893889643e-01,  9.227531282408230e-02, -1.249544803679022e-01,  1.160179143031652e+00,  9.574251815219244e-02, -2.794628289399620e-01
  1.149000000000000e+01,  8.705726671901882e-01,  9.244597271215294e-02, -1.256057462386647e-01,  1.160253266245006e+00,  9.570824282944139e-02, -2.796863230409125e-01
  1.150000000000000e+01,  8.695711363186652e-01,  9.196301580938848e-02, -1.266398144751338e-01,  1.160102691523832e+00,  9.675660411990697e-02, -2.801615256748904e-01
  1.151000000000000e+01,  8.704078101189773e-01,  9.229928963915435e-02, -1.258833058068451e-01,  1.160568611388832e+00,  9.644006513237514e-02, -2.794933821444511e-01
  1.152000000000000e+01,  8.696900625024425e-01,  9.150680824919455e-02, -1.272981919729821e-01,  1.160376834831093e+00,  9.630708919063449e-02, -2.795190343577281e-01
  1.153000000000000e+01,  8.691583487635548e-01,  9.119822324625027e-02, -1.272104454360268e-01,  1.160324735511989e+00,  9.597839548846182e-02, -2.791714939468440e-01
  1.154000000000000e+01,  8.697526801822875e-01,  9.152685315305331e-02, -1.274110485085835e-01,  1.160650549385029e+00,  9.689865454135735e-02, -2.800793106820081e-01
  1.155000000000000e+01,  8.691847087000238e-01,  9.151787132252798e-02, -1.269426148069149e-01,  1.160594866272289e+00,  9.619545870686660e-02, -2.796977871924498e-01
  1.156000000000000e+01,  8.689711880675582e-01,  9.132094417363490e-02, -1.270445547930899e-01,  1.160420249706930e+00,  9.550947204542398e-02, -2.795636321301122e-01
  1.157000000000000e+01,  8.690166150807170e-01,  9.120497348253953e-02, -1.271917165089893e-01,  1.160413136335123e+00,  9.581330336906027e-02, -2.793892037994762e-01
  1.158000000000000e+01,  8.696993444368298e-01,  9.152144015419039e-02, -1.277707948327780e-01,  1.160531060100382e+00,  9.589976031442141e-02, -2.796739593457063e-01
  1.159000000000000e+01,  8.701882142117171e-01,  9.176439253094260e-02, -1.278250665850504e-01,  1.160853775086347e+00,  9.698567869200030e-02, -2.797967820407558e-01
  1.160000000000000e+01,  8.709312550661821e-01,  9.198105027833070e-02, -1.282859538476882e-01,  1.161027995953863e+00,  9.674777455889101e-02, -2.798334603221869e-01
  1.161000000000000e+01,  8.700313811833258e-01,  9.181696174365706e-02, -1.277924140253752e-01,  1.160742841575535e+00,  9.607658571143947e-02, -2.795393765655395e-01
  1.162000000000000e+01,  8.699327990694163e-01,  9.178092173697072e-02, -1.280013228306518e-01,  1.160356935299168e+00,  9.611772582510598e-02, -2.806090646057599e-01
  1.163000000000000e+01,  8.704320232193731e-01,  9.197067369670853e-02, -1.274343419214987e-01,  1.160671938800586e+00,  9.549784324541130e-02, -2.804577646913866e-01
  1.164000000000000e+01,  8.717145741909080e-01,  9.280929334611310e-02, -1.263552955486897e-01,  1.160853209332400e+00,  9.585666122656325e-02, -2.799291095422110e-01
  1.165000000000000e+01,  8.716031051234968e-01,  9.319231523759863e-02, -1.256858856788213e-01,  1.160714454604505e+00,  9.653490340823692e-02, -2.801511548135026e-01
  1.166000000000000e+01,  8.716600527843412e-01,  9.336230553920077e-02, -1.257385632194062e-01,  1.160810484029603e+00,  9.671364291534122e-02, -2.806236081381649e-01
  1.167000000000000e+01,  8.715693317484274e-01,  9.338750448363808e-02, -1.266874759969139e-01,  1.160552133632323e+00,  9.711786416709547e-02, -2.811698463139557e-01
  1.168000000000000e+01,  8.711287452709516e-01,  9.274815227330824e-02, -1.287154298947623e-01,  1.160953574122156e+00,  9.636766107848162e-02, -2.815212812412198e-01
  1.169000000000000e+01,  8.709854341225158e-01,  9.260193527821370e-02, -1.285663892255589e-01,  1.161142652415569e+00,  9.640864523993369e-02, -2.807033614372263e-01
  1.170000000000000e+01,  8.715766821082673e-01,  9.325935563879484e-02, -1.270827212240630e-01,  1.160752843532949e+00,  9.713811682882571e-02, -2.808617065072062e-01
  1.171000000000000e+01,  8.718110789028348e-01,  9.362480673886031e-02, -1.267393721570570e-01,  1.160527459431487e+00,  9.744524325173601e-02, -2.809925333553666e-01
  1.172000000000000e+01,  8.701305185088481e-01,  9.333842615932175e-02, -1.254887348518868e-01,  1.160340461354118e+00,  9.636773761366738e-02, -2.801486285976235e-01
  1.173000000000000e+01,  8.700479080959957e-01,  9.314606452214380e-02, -1.254960880967297e-01,  1.160420641921623e+00,  9.575166396054230e-02, -2.787924003403972e-01
  1.174000000000000e+01,  8.719224175960735e-01,  9.353770944058581e-02, -1.269236028370751e-01,  1.160814797233518e+00,  9.738187699980740e-02, -2.799666652762337e-01
  1.175000000000000e+01,  8.715673874450802e-01,  9.342785447147994e-02, -1.269915141504909e-01,  1.160692564495577e+00,  9.750571673682956e-02, -2.800763266650454e-01
  1.176000000000000e+01,  8.699448303284987e-01,  9.329455530845743e-02, -1.261371759643580e-01,  1.160529560658453e+00,  9.628135669438653e-02, -2.799237476274143e-01
  1.177000000000000e+01,  8.695191256989059e-01,  9.323994911624345e-02, -1.255903187654524e-01,  1.160362508985252e+00,  9.551925938972031e-02, -2.801519333925314e-01
  1.178000000000000e+01,  8.696189103336700e-01,  9.331485176188670e-02, -1.260777839918012e-01,  1.160278685222812e+00,  9.555246737269001e-02, -2.796839622889963e-01
  1.179000000000000e+01,  8.695777776092092e-01,  9.305638196128463e-02, -1.267678586296401e-01,  1.160216972843067e+00,  9.633919163244326e-02, -2.788950973604528e-01
  1.180000000000000e+01,  8.688560056426868e-01,  9.244824897293480e-02, -1.282581880506481e-01,  1.160569246028633e+00,  9.584841799370922e-02, -2.793057728582614e-01
  1.181000000000000e+01,  8.683722192691476e-01,  9.233577859218234e-02, -1.283593068913561e-01,  1.160728790066395e+00,  9.501705169036315e-02, -2.797301189305125e-01
  1.182000000000000e+01,  8.685826372716162e-01,  9.278764791720784e-02, -1.280144555795080e-01,  1.160683558291852e+00,  9.584778740277070e-02, -2.799410961872131e-01
  1.183000000000000e+01,  8.695109053000790e-01,  9.324963755200777e-02, -1.270847799246759e-01,  1.160521243966224e+00,  9.689294688733431e-02, -2.799600557845520e-01
  1.184000000000000e+01,  8.688945678605405e-01,  9.278109227790776e-02, -1.279690110832804e-01,  1.160453540569244e+00,  9.597559855550079e-02, -2.795748946204018e-01
  1.185000000000000e+01,  8.686348701056743e-01,  9.301486129986136e-02, -1.266759877235965e-01,  1.160490554987414e+00,  9.547133488095572e-02, -2.789569514448144e-01
  1.186000000000000e+01,  8.683938938492169e-01,  9.267567804704657e-02, -1.279485350834481e-01,  1.160622165956044e+00,  9.651215668132626e-02, -2.792702881755624e-01
  1.187000000000000e+01,  8.682355417812175e-01,  9.230089152054033e-02, -1.290876607748664e-01,  1.160289091057938e+00,  9.660800087942709e-02, -2.798162761329013e-01
