Main.Studies.MarkerTracking.t,Main.Studies.MarkerTracking.JointAngleOutputs.OutputFile_LeftLeg.HipFlexion,Main.Studies.MarkerTracking.JointAngleOutputs.OutputFile_LeftLeg.HipAbduction,Main.Studies.MarkerTracking.JointAngleOutputs.OutputFile_LeftLeg.HipExternalRotation,Main.Studies.MarkerTracking.JointAngleOutputs.OutputFile_LeftLeg.KneeFlexion,Main.Studies.MarkerTracking.JointAngleOutputs.OutputFile_LeftLeg.AnklePlantarFlexion,Main.Studies.MarkerTracking.JointAngleOutputs.OutputFile_LeftLeg.SubTalarEversion
  1.151000000000000e+01, -9.825305555090005e-02,  9.740434537198217e-02,  7.718529548986747e-02, -4.010003947296714e-02, -6.469546134818734e-02,  2.367080769835031e-01
  1.152000000000000e+01, -9.822087620178969e-02,  9.713160284708211e-02,  7.705953934121856e-02, -4.029439165776697e-02, -6.469551622732760e-02,  2.362856072072087e-01
  1.153000000000000e+01, -9.868857463705244e-02,  9.729433546825983e-02,  7.712875601516350e-02, -4.042354760495858e-02, -6.536127864502249e-02,  2.348067525214527e-01
  1.154000000000000e+01, -9.800199786529723e-02,  9.711004544594859e-02,  7.699303480951665e-02, -4.024798492487362e-02, -6.468289697007322e-02,  2.351673096060479e-01
  1.155000000000000e+01, -9.747790585858970e-02,  9.751395207605951e-02,  7.725443146595166e-02, -4.039409891405125e-02, -6.442152096004199e-02,  2.350715420713296e-01
  1.156000000000000e+01, -9.678870343899362e-02,  9.719873628940490e-02,  7.654774455469203e-02, -4.004220088120600e-02, -6.445741830151294e-02,  2.350893440177666e-01
  1.157000000000000e+01, -9.616641672773098e-02,  9.707054208078203e-02,  7.663800257458658e-02, -3.990774049125025e-02, -6.526945456636274e-02,  2.338404591049076e-01
  1.158000000000000e+01, -9.609497233465245e-02,  9.697100004577708e-02,  7.684697093956633e-02, -3.996726129135847e-02, -6.460746250469397e-02,  2.343253086066127e-01
  1.159000000000000e+01, -9.609127062417029e-02,  9.630867950699296e-02,  7.592014164346074e-02, -3.978113182107296e-02, -6.392324569708815e-02,  2.349396662554599e-01
  1.160000000000000e+01, -9.570174085625653e-02,  9.730582933326648e-02,  7.639932436965689e-02, -4.030220957102132e-02, -6.454772943045833e-02,  2.345998430316841e-01
  1.161000000000000e+01, -9.485894702821494e-02,  9.809812658597128e-02,  7.480667002269276e-02, -4.101265388448736e-02, -6.421599662352891e-02,  2.358654074150411e-01
  1.162000000000000e+01, -9.461750891099380e-02,  9.754987618515587e-02,  7.487896911891041e-02, -4.015624167340662e-02, -6.475140420422833e-02,  2.344735778559967e-01
  1.163000000000000e+01, -9.433162026222124e-02,  9.728099728763184e-02,  7.461616574740859e-02, -3.983429551249681e-02, -6.502398074437914e-02,  2.344642152015442e-01
  1.164000000000000e+01, -9.375417820495091e-02,  9.728560936249209e-02,  7.474741040118804e-02, -3.977857143668207e-02, -6.546221711181188e-02,  2.347432563111773e-01
  1.165000000000000e+01, -9.312304995571101e-02,  9.701059424844694e-02,  7.421818086113563e-02, -3.961256181833758e-02, -6.505610380384849e-02,  2.345045179672371e-01
  1.166000000000000e+01, -9.249455504416872e-02,  9.728413096143207e-02,  7.361311617615834e-02, -4.012263159906964e-02, -6.473419401999572e-02,  2.346583755968059e-01
  1.167000000000000e+01, -9.241238146370435e-02,  9.771423283766301e-02,  7.376057333255115e-02, -4.062838899037401e-02, -6.457823187722790e-02,  2.347906474095790e-01
  1.168000000000000e+01, -9.190892572760573e-02,  9.739099905447390e-02,  7.368233780907847e-02, -4.025403477325417e-02, -6.462326161699523e-02,  2.353872222870488e-01
  1.169000000000000e+01, -9.115543467032740e-02,  9.728180913977735e-02,  7.304540228929524e-02, -4.001580776131305e-02, -6.481154244759653e-02,  2.349767395766562e-01
  1.170000000000000e+01, -9.098357926167785e-02,  9.666902989660775e-02,  7.349541917667880e-02, -3.991281244059812e-02, -6.531357893158111e-02,  2.347394325326506e-01
  1.171000000000000e+01, -9.038423829959788e-02,  9.707899569825185e-02,  7.302103363113119e-02, -4.014519411988234e-02, -6.482699486361619e-02,  2.350293313397974e-01
  1.172000000000000e+01, -9.067005519927809e-02,  9.736942831674544e-02,  7.289816669166220e-02, -4.056597535383209e-02, -6.451528252888508e-02,  2.354469031781101e-01
  1.173000000000000e+01, -9.064108213961761e-02,  9.714462510162636e-02,  7.277864654987398e-02, -4.058572262907602e-02, -6.440673569000316e-02,  2.355868177345913e-01
  1.174000000000000e+01, -9.067616647016173e-02,  9.661981385363361e-02,  7.284881937216792e-02, -4.045848529027496e-02, -6.431825738632149e-02,  2.348946990996153e-01
  1.175000000000000e+01, -9.073783610869532e-02,  9.525696610223133e-02,  7.320891837469586e-02, -3.997631323476132e-02, -6.434086993706861e-02,  2.340730634871087e-01
  1.176000000000000e+01, -9.076327638106302e-02,  9.678137368185502e-02,  7.271491412155727e-02, -4.056169038212601e-02, -6.417443379884512e-02,  2.346367368096733e-01
  1.177000000000000e+01, -9.085027052675890e-02,  9.701614389530699e-02,  7.272305902214816e-02, -4.062271406313941e-02, -6.429716423822024e-02,  2.349403646430620e-01
  1.178000000000000e+01, -9.021990230148844e-02,  9.718261251077687e-02,  7.321228758643301e-02, -4.062958949904041e-02, -6.411356114425799e-02,  2.352536492302965e-01
  1.179000000000000e+01, -8.959067755559461e-02,  9.779359315093883e-02,  7.287238894792510e-02, -4.053768453730566e-02, -6.418562406076862e-02,  2.354397187316962e-01
  1.180000000000000e+01, -8.902452310816153e-02,  9.774698688704220e-02,  7.351716192335962e-02, -4.055573915851076e-02, -6.423215498147739e-02,  2.362680977706541e-01
  1.181000000000000e+01, -8.826127427997690e-02,  9.739865841750550e-02,  7.307664117773714e-02, -4.024785705267098e-02, -6.443751876799654e-02,  2.363373261483018e-01
  1.182000000000000e+01, -8.696930817429774e-02,  9.671385468506588e-02,  7.290126621899487e-02, -3.977396596843245e-02, -6.457732994375694e-02,  2.360264874322604e-01
  1.183000000000000e+01, -8.623592563460891e-02,  9.541587928144124e-02,  7.350197611693961e-02, -3.938699126628329e-02, -6.532744623122400e-02,  2.354440534577230e-01
  1.184000000000000e+01, -8.502003662773129e-02,  9.492648350073241e-02,  7.410844118275528e-02, -3.841570136791487e-02, -6.497472314972064e-02,  2.353202647555258e-01
  1.185000000000000e+01, -8.253512011824875e-02,  9.427358476287440e-02,  7.402983605123072e-02, -3.636223113548577e-02, -6.578236201888424e-02,  2.349752666776092e-01
  1.186000000000000e+01, -8.000102439834243e-02,  9.368756046923399e-02,  7.294329548053656e-02, -3.447231642004907e-02, -6.647829887245149e-02,  2.345052612499657e-01
  1.187000000000000e+01, -7.672617674702802e-02,  9.320642509324739e-02,  7.107358656382193e-02, -3.241683519694124e-02, -6.711662262336074e-02,  2.324809887720675e-01
  1.188000000000000e+01, -7.292454772171951e-02,  9.144964042715764e-02,  7.007377630063984e-02, -2.903537568308163e-02, -6.790466444063088e-02,  2.296156641161030e-01
  1.189000000000000e+01, -6.796412899173319e-02,  9.000728643333655e-02,  6.915548626187584e-02, -2.611381648977839e-02, -6.797696789012725e-02,  2.306203046664758e-01
  1.190000000000000e+01, -6.222404481729772e-02,  8.927370165346904e-02,  6.995506527997802e-02, -2.190332053388351e-02, -6.922950395392287e-02,  2.293137433615926e-01
  1.191000000000000e+01, -5.808179771403368e-02,  8.809554937652475e-02,  6.753636902903272e-02, -1.906027449830927e-02, -6.926161272691983e-02,  2.270512244515433e-01
  1.192000000000000e+01, -5.212931190974067e-02,  8.804467592017895e-02,  6.390991454692119e-02, -1.646039478179575e-02, -6.843774271877821e-02,  2.275880952342624e-01
  1.193000000000000e+01, -4.597700169234257e-02,  8.674980015418088e-02,  6.109742284727820e-02, -1.338152926819547e-02, -6.803747175596983e-02,  2.261995820575788e-01
  1.194000000000000e+01, -3.923985571505176e-02,  8.557265823235216e-02,  5.960584255309869e-02, -9.585741260731284e-03, -6.747428513688467e-02,  2.248122030385614e-01
  1.195000000000000e+01, -3.186782886019101e-02,  8.393541185455855e-02,  5.813740291200521e-02, -5.626302132752675e-03, -6.746076188062523e-02,  2.228514896424237e-01
  1.196000000000000e+01, -2.434284867613633e-02,  8.130910192515484e-02,  5.669060671626802e-02, -1.425459685976113e-03, -6.649657287849710e-02,  2.218668652736362e-01
  1.197000000000000e+01, -1.730160401214213e-02,  8.009013016887567e-02,  5.501601079946350e-02,  2.071603108662255e-03, -6.589871894350725e-02,  2.212403041742008e-01
  1.198000000000000e+01, -9.824254772389709e-03,  7.846974243964633e-02,  5.419002187512079e-02,  5.505675004925098e-03, -6.572347655183641e-02,  2.191925595805951e-01
  1.199000000000000e+01, -2.938474686302263e-03,  7.701276313935779e-02,  5.315544253518376e-02,  8.113882049816643e-03, -6.442084481686761e-02,  2.186637272756823e-01
  1.200000000000000e+01,  3.380865743497528e-03,  7.609148487745743e-02,  5.328477383953670e-02,  1.028334629051603e-02, -6.356514136093340e-02,  2.169532424376357e-01
  1.201000000000000e+01,  9.919403964436612e-03,  7.463673684175443e-02,  5.359545448454352e-02,  1.215853323834847e-02, -6.240210619197494e-02,  2.164940857682829e-01
  1.202000000000000e+01,  1.599046275107206e-02,  7.331412381328195e-02,  5.384019232963471e-02,  1.364701691954879e-02, -6.058114838490987e-02,  2.170161485006937e-01
  1.203000000000000e+01,  2.134104998595716e-02,  7.229669878236988e-02,  5.457104033641715e-02,  1.485746197778359e-02, -5.936943699370075e-02,  2.156218821061748e-01
  1.204000000000000e+01,  2.589596625363188e-02,  7.130841692242051e-02,  5.532694654323152e-02,  1.611107884730540e-02, -5.865638357557302e-02,  2.149178810672735e-01
  1.205000000000000e+01,  3.064088947581354e-02,  7.055180036684194e-02,  5.587772418200208e-02,  1.639045270474168e-02, -5.765162907511210e-02,  2.159906099467484e-01
  1.206000000000000e+01,  3.579314741024881e-02,  6.957638151783385e-02,  5.663974714969055e-02,  1.668841631239359e-02, -5.608731441971011e-02,  2.166231547928195e-01
  1.207000000000000e+01,  4.052269752659040e-02,  6.938126305354841e-02,  5.779640685933087e-02,  1.712527960089479e-02, -5.516553311527560e-02,  2.166656507025814e-01
  1.208000000000000e+01,  4.528923853171463e-02,  6.910126986278353e-02,  5.890961882835806e-02,  1.801233267434761e-02, -5.466318946483725e-02,  2.152279939831632e-01
  1.209000000000000e+01,  5.064627017779906e-02,  6.859256169788241e-02,  6.016696660613507e-02,  1.885457472786586e-02, -5.447004840939493e-02,  2.144095639001201e-01
  1.210000000000000e+01,  5.564056668472343e-02,  6.780774805604994e-02,  6.148188821633306e-02,  1.934559839543222e-02, -5.326883668538801e-02,  2.153844911280393e-01
  1.211000000000000e+01,  6.002747607140435e-02,  6.809381898963163e-02,  6.341845457217515e-02,  1.948440594384680e-02, -5.216860273603916e-02,  2.160571849128124e-01
  1.212000000000000e+01,  6.381550664000540e-02,  6.797032490640698e-02,  6.546164934749729e-02,  1.957878726160101e-02, -5.102906103906811e-02,  2.158691583563704e-01
  1.213000000000000e+01,  6.737701818713807e-02,  6.811464933741118e-02,  6.829566602343391e-02,  1.961960155299473e-02, -5.050224536093988e-02,  2.146486696042166e-01
  1.214000000000000e+01,  7.082294403129936e-02,  6.779677600161871e-02,  7.085195106923073e-02,  1.964027346723959e-02, -4.957015391806992e-02,  2.149279848436107e-01
  1.215000000000000e+01,  7.456969047088993e-02,  6.779205506020913e-02,  7.241967842031809e-02,  1.928907730337517e-02, -4.870757776352567e-02,  2.172948485206782e-01
  1.216000000000000e+01,  7.775442038049904e-02,  6.763544013404710e-02,  7.530421039319585e-02,  1.898834736529563e-02, -4.812678600503296e-02,  2.192892117546409e-01
  1.217000000000000e+01,  8.096608372730116e-02,  6.838095243670850e-02,  7.874042185053005e-02,  1.888786433416075e-02, -4.809413499303315e-02,  2.195257873546341e-01
  1.218000000000000e+01,  8.494049256083865e-02,  6.907925137659254e-02,  8.137429486174007e-02,  1.840999538450377e-02, -4.808816218950269e-02,  2.199794107797596e-01
  1.219000000000000e+01,  8.816488019144553e-02,  7.041318856581680e-02,  8.092874334007803e-02,  1.670929478600267e-02, -4.648255135190217e-02,  2.241926756909572e-01
  1.220000000000000e+01,  9.117511299184917e-02,  7.126174373490968e-02,  8.361364688147618e-02,  1.655856905911510e-02, -4.625898909084041e-02,  2.259170902811939e-01
  1.221000000000000e+01,  9.388544443354850e-02,  7.131097952975085e-02,  8.803382313654516e-02,  1.577251255781491e-02, -4.576825341439660e-02,  2.270314507444512e-01
  1.222000000000000e+01,  9.579725186873352e-02,  7.187611069863853e-02,  8.994276817315405e-02,  1.358315045289032e-02, -4.471205942691197e-02,  2.285842159107966e-01
  1.223000000000000e+01,  9.738808896761858e-02,  7.233253073887713e-02,  9.352943903670551e-02,  1.175227861601762e-02, -4.421649239278230e-02,  2.291446653145100e-01
  1.224000000000000e+01,  9.944744353680632e-02,  7.328492728869285e-02,  9.804257582274266e-02,  1.012997839029294e-02, -4.361343623930553e-02,  2.292232278415800e-01
  1.225000000000000e+01,  1.013063510722922e-01,  7.544882098713157e-02,  1.010162086198133e-01,  7.380344700372020e-03, -4.279922350092439e-02,  2.323990920833495e-01
  1.226000000000000e+01,  1.027059335800028e-01,  7.542446248279644e-02,  1.049370214133586e-01,  5.511501586006003e-03, -4.183274421017118e-02,  2.336174790005621e-01
  1.227000000000000e+01,  1.041497410504462e-01,  7.551904383150831e-02,  1.103177102075161e-01,  4.289621667528744e-03, -4.128209780362582e-02,  2.329156569563401e-01
  1.228000000000000e+01,  1.059545212674279e-01,  7.560209086218306e-02,  1.162798859336214e-01,  3.979385400139836e-03, -4.202651895281272e-02,  2.294803092518121e-01
  1.229000000000000e+01,  1.076094662014928e-01,  7.620450421148406e-02,  1.209342169647933e-01,  3.088259615264118e-03, -4.268836127948141e-02,  2.279624367289842e-01
  1.230000000000000e+01,  1.096888381594798e-01,  7.690398721717950e-02,  1.254262393816034e-01,  2.198319573439810e-03, -4.173946753077971e-02,  2.286317274640184e-01
  1.231000000000000e+01,  1.110024571899564e-01,  7.713504008338345e-02,  1.299491519630034e-01,  6.954064748001236e-04, -4.121092838325989e-02,  2.299913941327594e-01
  1.232000000000000e+01,  1.118643488973887e-01,  7.860227582657409e-02,  1.328375335517007e-01, -1.127825724528617e-03, -4.118265921650025e-02,  2.300158494971138e-01
  1.233000000000000e+01,  1.135186628713647e-01,  7.929487418602199e-02,  1.362355784663478e-01, -2.788984727050098e-03, -4.032963879290721e-02,  2.315192604506457e-01
  1.234000000000000e+01,  1.148547698449067e-01,  8.018049354236823e-02,  1.401903329709958e-01, -4.646332088087730e-03, -3.972268863519449e-02,  2.320171628987746e-01
  1.235000000000000e+01,  1.163947958155348e-01,  8.105837025563445e-02,  1.431019434470025e-01, -5.674479542346257e-03, -3.971897273393531e-02,  2.323747903773141e-01
  1.236000000000000e+01,  1.181304407802904e-01,  8.156867837304871e-02,  1.471707026653032e-01, -6.690354413002854e-03, -3.987610867274519e-02,  2.327845095124389e-01
  1.237000000000000e+01,  1.189528337891647e-01,  8.297803813571303e-02,  1.490467151576564e-01, -8.660457097737230e-03, -3.987449523320786e-02,  2.330846175972982e-01
  1.238000000000000e+01,  1.194399138418073e-01,  8.472733892395934e-02,  1.516469126748091e-01, -1.034741859817525e-02, -3.935483114093747e-02,  2.350894642870854e-01
  1.239000000000000e+01,  1.211389853838247e-01,  8.514382355052730e-02,  1.537849459682560e-01, -1.172130493656165e-02, -3.983297211150268e-02,  2.382616417657219e-01
  1.240000000000000e+01,  1.238869260003879e-01,  8.567412539204300e-02,  1.574531324315124e-01, -1.220597907898476e-02, -3.985227331765195e-02,  2.376994209987375e-01
  1.241000000000000e+01,  1.267645657093140e-01,  8.651427273298440e-02,  1.606599574181007e-01, -1.255093474087811e-02, -3.985222945467130e-02,  2.374716616151548e-01
  1.242000000000000e+01,  1.282879846069371e-01,  8.645554672927025e-02,  1.640744200471249e-01, -1.333874082583062e-02, -3.953451655561253e-02,  2.382202640256160e-01
  1.243000000000000e+01,  1.299981786997494e-01,  8.638769909185395e-02,  1.689784222484772e-01, -1.344991641883190e-02, -3.896849479173489e-02,  2.373151478444432e-01
  1.244000000000000e+01,  1.315886153627185e-01,  8.666032324929418e-02,  1.715403500636348e-01, -1.351369560120865e-02, -3.987366736672968e-02,  2.363877976871419e-01
  1.245000000000000e+01,  1.326957021201690e-01,  8.871582504888398e-02,  1.702411434771420e-01, -1.473861810825636e-02, -3.987585420862560e-02,  2.409066750100757e-01
  1.246000000000000e+01,  1.340997314931326e-01,  8.985760191722370e-02,  1.706672185581772e-01, -1.466482184468781e-02, -4.121406036302593e-02,  2.421875213627269e-01
  1.247000000000000e+01,  1.341381335412315e-01,  8.903525862637429e-02,  1.743690823132912e-01, -1.437513309638597e-02, -4.184864707039214e-02,  2.397643602459014e-01
  1.248000000000000e+01,  1.350722215721488e-01,  8.866799338825060e-02,  1.770149578090856e-01, -1.439028549496123e-02, -4.237741274632682e-02,  2.400248622335359e-01
  1.249000000000000e+01,  1.364817239259554e-01,  8.884142652452964e-02,  1.795017640550030e-01, -1.426638106747082e-02, -4.304816516195054e-02,  2.404147383803724e-01
  1.250000000000000e+01,  1.386018504477953e-01,  8.916261468452813e-02,  1.797376236987437e-01, -1.435590742689887e-02, -4.360267614848267e-02,  2.423799949984724e-01
  1.251000000000000e+01,  1.413131339705004e-01,  8.899311048476188e-02,  1.814486192281485e-01, -1.421743439430845e-02, -4.416947832633732e-02,  2.442496276970611e-01
  1.252000000000000e+01,  1.411493157312472e-01,  8.857849210954072e-02,  1.833695537162232e-01, -1.418743578004916e-02, -4.425445187367161e-02,  2.448550704003134e-01
  1.253000000000000e+01,  1.417422108042071e-01,  8.851854298981698e-02,  1.836535333601150e-01, -1.438303299044722e-02, -4.437792745944212e-02,  2.457403574736344e-01
  1.254000000000000e+01,  1.442042561316961e-01,  8.765753115831876e-02,  1.849960632910223e-01, -1.421339404552082e-02, -4.451403658435137e-02,  2.472610242317699e-01
  1.255000000000000e+01,  1.448809103603619e-01,  8.767760836596317e-02,  1.866874150638423e-01, -1.470809550082284e-02, -4.405449451927870e-02,  2.479469308979394e-01
  1.256000000000000e+01,  1.452955351069791e-01,  8.750318298339033e-02,  1.888337960485813e-01, -1.539053076627327e-02, -4.381389249055183e-02,  2.471192999940418e-01
  1.257000000000000e+01,  1.445641926868137e-01,  8.760298595981353e-02,  1.908316001910140e-01, -1.546208770019036e-02, -4.475935044444358e-02,  2.453427085655989e-01
  1.258000000000000e+01,  1.449053953131509e-01,  8.780534348611924e-02,  1.916411713658578e-01, -1.476444433842830e-02, -4.525220017157355e-02,  2.454725391393365e-01
  1.259000000000000e+01,  1.459836906913176e-01,  8.814947826646757e-02,  1.917510501807724e-01, -1.386042224687550e-02, -4.663063970777151e-02,  2.453046775265533e-01
  1.260000000000000e+01,  1.468312886856404e-01,  8.751157374996321e-02,  1.921433678711206e-01, -1.359828799345442e-02, -4.740018952782856e-02,  2.456031978773327e-01
  1.261000000000000e+01,  1.469369381066033e-01,  8.708950378103131e-02,  1.923853427592480e-01, -1.387304885462195e-02, -4.785763713080644e-02,  2.468488728662448e-01
  1.262000000000000e+01,  1.456226647769133e-01,  8.700541635973469e-02,  1.925539218040562e-01, -1.421837659701178e-02, -4.811007842779751e-02,  2.469419232712982e-01
  1.263000000000000e+01,  1.457539113423292e-01,  8.623327620366639e-02,  1.924723831908035e-01, -1.416068007806427e-02, -4.856574154774976e-02,  2.481325350318559e-01
  1.264000000000000e+01,  1.458736119018387e-01,  8.571042826113096e-02,  1.921331764536450e-01, -1.444060806625114e-02, -4.877399584259189e-02,  2.503252842958976e-01
  1.265000000000000e+01,  1.460771664283079e-01,  8.594522600101917e-02,  1.925107768254397e-01, -1.508689661196136e-02, -4.844760629260477e-02,  2.517755100285310e-01
  1.266000000000000e+01,  1.458074839806983e-01,  8.577180508511906e-02,  1.936232160301717e-01, -1.581182896227906e-02, -4.930795031133098e-02,  2.504787334560437e-01
  1.267000000000000e+01,  1.453516519522791e-01,  8.555156202293901e-02,  1.956059222151419e-01, -1.590689722870622e-02, -4.959734098125557e-02,  2.479725095429594e-01
  1.268000000000000e+01,  1.442048106109609e-01,  8.532785160425505e-02,  1.963695001846321e-01, -1.607709982380005e-02, -4.974599862538200e-02,  2.482003134306886e-01
  1.269000000000000e+01,  1.424841119532618e-01,  8.524938715958896e-02,  1.969477247059251e-01, -1.736937014932427e-02, -5.046947163307802e-02,  2.477173414395893e-01
  1.270000000000000e+01,  1.416772845102836e-01,  8.535824806362080e-02,  1.970587384820156e-01, -1.848490770884654e-02, -5.065180847890166e-02,  2.484225481337917e-01
  1.271000000000000e+01,  1.402894210330178e-01,  8.588889549939860e-02,  1.967531493931282e-01, -1.944205359026051e-02, -5.061765983572374e-02,  2.496106928016993e-01
  1.272000000000000e+01,  1.397357294545253e-01,  8.526633794322636e-02,  1.974138155506251e-01, -1.995748504672290e-02, -5.149446960310845e-02,  2.494691491182706e-01
  1.273000000000000e+01,  1.393395944315566e-01,  8.443224702130281e-02,  1.987140595896646e-01, -2.059086751140684e-02, -5.192580899602733e-02,  2.510623033284716e-01
  1.274000000000000e+01,  1.378004734122115e-01,  8.441597012115687e-02,  1.994957778682259e-01, -2.183254843174419e-02, -5.195921000018425e-02,  2.505553362658645e-01
  1.275000000000000e+01,  1.360917777590720e-01,  8.459985050224006e-02,  1.999267852285908e-01, -2.316510765369852e-02, -5.120385533871315e-02,  2.504767363286302e-01
  1.276000000000000e+01,  1.348417199954803e-01,  8.418596739125439e-02,  2.015096007921640e-01, -2.392497748956383e-02, -5.117517118841391e-02,  2.496305048501045e-01
  1.277000000000000e+01,  1.341979695823210e-01,  8.412101528876970e-02,  2.016792711730272e-01, -2.471514607878569e-02, -5.206032803399461e-02,  2.485052742059790e-01
  1.278000000000000e+01,  1.332579045264533e-01,  8.424150806831254e-02,  2.029012659144725e-01, -2.533457787115332e-02, -5.293929587003896e-02,  2.460955553324126e-01
  1.279000000000000e+01,  1.319741179441885e-01,  8.465636380248753e-02,  2.033820335000033e-01, -2.624544037085809e-02, -5.268076677144316e-02,  2.465042955951239e-01
  1.280000000000000e+01,  1.303027113024146e-01,  8.531523212181047e-02,  2.021138942116651e-01, -2.712536955377650e-02, -5.297867576639528e-02,  2.492657138223401e-01
  1.281000000000000e+01,  1.301382967433618e-01,  8.579203987061446e-02,  2.018533210220782e-01, -2.701948582724749e-02, -5.370240416982926e-02,  2.513383803959154e-01
  1.282000000000000e+01,  1.277755843067353e-01,  8.631685513798093e-02,  2.015527188526973e-01, -2.749690300054845e-02, -5.442496604797620e-02,  2.504398776126843e-01
  1.283000000000000e+01,  1.264639551541998e-01,  8.669191102637042e-02,  2.014175075805162e-01, -2.761624882969569e-02, -5.547679618414042e-02,  2.498111704019219e-01
  1.284000000000000e+01,  1.273027797837111e-01,  8.574885057248682e-02,  2.018533178794680e-01, -2.764004883906780e-02, -5.504133857266136e-02,  2.514977997459163e-01
  1.285000000000000e+01,  1.271419482671155e-01,  8.555790492726034e-02,  2.023420579843641e-01, -2.756825431372864e-02, -5.505353716099448e-02,  2.503023634102856e-01
  1.286000000000000e+01,  1.266776334270806e-01,  8.604392929713445e-02,  2.027903751023221e-01, -2.717590844091939e-02, -5.626030156693080e-02,  2.486854249436883e-01
  1.287000000000000e+01,  1.259540766405579e-01,  8.660428378318241e-02,  2.028620199912345e-01, -2.713588963299613e-02, -5.611214657590919e-02,  2.482513660280619e-01
  1.288000000000000e+01,  1.261050526589057e-01,  8.732487464408023e-02,  2.017989309682248e-01, -2.732017422041163e-02, -5.648837680548609e-02,  2.493768971229189e-01
  1.289000000000000e+01,  1.251153820691019e-01,  8.809494264966289e-02,  2.015981417957307e-01, -2.772976624422573e-02, -5.556676392772279e-02,  2.504923655032343e-01
  1.290000000000000e+01,  1.229506771578945e-01,  8.873562725334283e-02,  2.014576204964253e-01, -2.843200098879613e-02, -5.553382158811315e-02,  2.499520654833837e-01
  1.291000000000000e+01,  1.223330262843059e-01,  8.907260205400780e-02,  2.005844348119879e-01, -2.873758757025401e-02, -5.622000551943190e-02,  2.493734130360337e-01
  1.292000000000000e+01,  1.215616890751967e-01,  8.980630786699750e-02,  1.995210925427271e-01, -2.952870465102344e-02, -5.586944889920613e-02,  2.520754739019826e-01
  1.293000000000000e+01,  1.203122002919545e-01,  9.025790166267122e-02,  2.001201785791602e-01, -3.000077946121703e-02, -5.531193667421645e-02,  2.514468405666849e-01
  1.294000000000000e+01,  1.198341848195857e-01,  9.063113406052148e-02,  1.980272254814634e-01, -3.042620979428783e-02, -5.532303800689665e-02,  2.519855664841581e-01
  1.295000000000000e+01,  1.183775138813102e-01,  9.069805251961882e-02,  1.979507609896117e-01, -3.108933480604199e-02, -5.524492957389974e-02,  2.499210708737306e-01
  1.296000000000000e+01,  1.176850141847401e-01,  9.058115302848080e-02,  1.980447640600564e-01, -3.130484541260411e-02, -5.566645014472615e-02,  2.487566312262811e-01
  1.297000000000000e+01,  1.169308939300372e-01,  9.091295539281252e-02,  1.968865683943959e-01, -3.155341598818833e-02, -5.514544936132291e-02,  2.499153853552936e-01
  1.298000000000000e+01,  1.159942311552665e-01,  9.149498139544110e-02,  1.959414557314425e-01, -3.193577170337320e-02, -5.517717046406659e-02,  2.500915030397655e-01
  1.299000000000000e+01,  1.149912898055259e-01,  9.184288664909168e-02,  1.951622310333140e-01, -3.260215639616402e-02, -5.480607309878152e-02,  2.499624325695573e-01
  1.300000000000000e+01,  1.138782103864917e-01,  9.215740008514350e-02,  1.940749409919691e-01, -3.317825859177277e-02, -5.491335533685035e-02,  2.496189205270695e-01
  1.301000000000000e+01,  1.125851629570179e-01,  9.310232684355513e-02,  1.927898651053288e-01, -3.384126765969248e-02, -5.501386072984892e-02,  2.489255254509450e-01
  1.302000000000000e+01,  1.118795926677505e-01,  9.364792931051946e-02,  1.925605657158615e-01, -3.423874035791822e-02, -5.493697964308670e-02,  2.489055521436001e-01
  1.303000000000000e+01,  1.112882860555921e-01,  9.344796827572943e-02,  1.916620481656308e-01, -3.428443021286454e-02, -5.436867352578649e-02,  2.475686944948691e-01
  1.304000000000000e+01,  1.104962529427967e-01,  9.402944960945092e-02,  1.892312676455066e-01, -3.474772176357389e-02, -5.448909330836410e-02,  2.488960220366393e-01
  1.305000000000000e+01,  1.098614676675585e-01,  9.434032923995872e-02,  1.880890401710081e-01, -3.518042010279041e-02, -5.421443514255644e-02,  2.487042720158371e-01
  1.306000000000000e+01,  1.091206646726112e-01,  9.478235370581833e-02,  1.865695316065094e-01, -3.548315161087098e-02, -5.432996781890737e-02,  2.473491074471166e-01
  1.307000000000000e+01,  1.085466354491500e-01,  9.491077213304822e-02,  1.857118693022065e-01, -3.559263273098646e-02, -5.458808601452930e-02,  2.461070499311251e-01
  1.308000000000000e+01,  1.086792449816117e-01,  9.462090002578916e-02,  1.852057484795994e-01, -3.540343849715311e-02, -5.364985476980978e-02,  2.462820739842571e-01
  1.309000000000000e+01,  1.094780541412751e-01,  9.404064604791418e-02,  1.841125003513866e-01, -3.476208851886010e-02, -5.380628082495952e-02,  2.459373313294654e-01
  1.310000000000000e+01,  1.085277783681874e-01,  9.455269880071238e-02,  1.829679388136340e-01, -3.482515403230660e-02, -5.475282104339931e-02,  2.439678158117794e-01
  1.311000000000000e+01,  1.084029762091830e-01,  9.474328427219048e-02,  1.818858835924243e-01, -3.470182051835979e-02, -5.459724832523007e-02,  2.434743632654024e-01
  1.312000000000000e+01,  1.083930537411942e-01,  9.499773512940402e-02,  1.800713885171609e-01, -3.436020762787163e-02, -5.406508850789069e-02,  2.448134615504410e-01
  1.313000000000000e+01,  1.080214571576872e-01,  9.484114830210433e-02,  1.788082313066821e-01, -3.422495717956578e-02, -5.388797387699762e-02,  2.446246368313317e-01
  1.314000000000000e+01,  1.079610461148730e-01,  9.445250496800450e-02,  1.776421880137974e-01, -3.391952445106158e-02, -5.360913859285898e-02,  2.442194713172796e-01
  1.315000000000000e+01,  1.082396602124913e-01,  9.421183578852776e-02,  1.766854991424633e-01, -3.338723400624873e-02, -5.360607257109281e-02,  2.436256547333794e-01
  1.316000000000000e+01,  1.078733021616715e-01,  9.416546229316425e-02,  1.755873372910445e-01, -3.339752182097878e-02, -5.324106530511119e-02,  2.428205566286571e-01
  1.317000000000000e+01,  1.080053874983687e-01,  9.369039940982216e-02,  1.745609807906434e-01, -3.316825257676246e-02, -5.285018430507558e-02,  2.426347899264033e-01
  1.318000000000000e+01,  1.081659279279685e-01,  9.370470085157279e-02,  1.725113476858108e-01, -3.291572916214669e-02, -5.273789113334130e-02,  2.418812204462220e-01
  1.319000000000000e+01,  1.086613890188521e-01,  9.356986572109194e-02,  1.716348062492858e-01, -3.233206199789368e-02, -5.294263682414248e-02,  2.409040186612784e-01
  1.320000000000000e+01,  1.088313682277784e-01,  9.344463541178905e-02,  1.698834676622928e-01, -3.222584229296061e-02, -5.267001459692966e-02,  2.404899304472725e-01
  1.321000000000000e+01,  1.091649455315202e-01,  9.307404445824097e-02,  1.684600971686971e-01, -3.209723336778265e-02, -5.199675921990285e-02,  2.415526305609849e-01
  1.322000000000000e+01,  1.097102137989807e-01,  9.265809562715899e-02,  1.668544318016235e-01, -3.176495369094780e-02, -5.158970553172763e-02,  2.411568160245726e-01
  1.323000000000000e+01,  1.085813918204343e-01,  9.250876711425349e-02,  1.657303541812120e-01, -3.287686409667499e-02, -5.108496040369558e-02,  2.413339866650165e-01
  1.324000000000000e+01,  1.081258151425877e-01,  9.259737944132662e-02,  1.648234922709857e-01, -3.313198649162885e-02, -5.068991340829957e-02,  2.389906879822621e-01
  1.325000000000000e+01,  1.071127836353465e-01,  9.250366500672680e-02,  1.634293605662582e-01, -3.403159621059740e-02, -4.980620741027065e-02,  2.382837631377875e-01
  1.326000000000000e+01,  1.068199908322855e-01,  9.226748279938368e-02,  1.617641275921829e-01, -3.446633450788186e-02, -4.879908256900683e-02,  2.394373954509122e-01
  1.327000000000000e+01,  1.072233218280211e-01,  9.187070291337229e-02,  1.603586535534509e-01, -3.475919668435728e-02, -4.822856553458855e-02,  2.395176531708476e-01
  1.328000000000000e+01,  1.071347904406294e-01,  9.179985961137649e-02,  1.591134487553234e-01, -3.499893853690469e-02, -4.781181367027325e-02,  2.380443886227889e-01
  1.329000000000000e+01,  1.071961833991505e-01,  9.169351058554720e-02,  1.581518747999748e-01, -3.502929855712500e-02, -4.701504598995235e-02,  2.384377731650528e-01
  1.330000000000000e+01,  1.072230798928576e-01,  9.198017005376080e-02,  1.563753912716171e-01, -3.458529143629912e-02, -4.702959154973402e-02,  2.377112019151803e-01
  1.331000000000000e+01,  1.071514034658717e-01,  9.209289479590987e-02,  1.553491240737106e-01, -3.463019780628231e-02, -4.680736613366446e-02,  2.366996276135529e-01
  1.332000000000000e+01,  1.067262441263865e-01,  9.188161776680959e-02,  1.545781734126069e-01, -3.457614315599997e-02, -4.701912202451504e-02,  2.346810522544865e-01
  1.333000000000000e+01,  1.060243829567657e-01,  9.199175940436777e-02,  1.528981910926341e-01, -3.507633523027465e-02, -4.628318770945482e-02,  2.334212167655906e-01
  1.334000000000000e+01,  1.049816398162622e-01,  9.197525490558300e-02,  1.507461118322304e-01, -3.612380206263628e-02, -4.515422535099142e-02,  2.335967997655164e-01
  1.335000000000000e+01,  1.034243932004135e-01,  9.281210602184609e-02,  1.490953064479896e-01, -3.755276073638722e-02, -4.403071249592097e-02,  2.343797529627840e-01
  1.336000000000000e+01,  1.026017508186906e-01,  9.308072619338348e-02,  1.476687677763014e-01, -3.860355649860683e-02, -4.316301239335217e-02,  2.351836539002367e-01
  1.337000000000000e+01,  1.016996182924715e-01,  9.253215195488473e-02,  1.464313775008914e-01, -3.910602103858894e-02, -4.261955685709846e-02,  2.335013881447651e-01
  1.338000000000000e+01,  1.011167724694431e-01,  9.171052030278259e-02,  1.448715317372577e-01, -3.936512880826901e-02, -4.250123785750859e-02,  2.323341930508406e-01
  1.339000000000000e+01,  1.008052418248299e-01,  9.179273063367810e-02,  1.432718132745090e-01, -3.932377035568489e-02, -4.234494142604407e-02,  2.324553629479675e-01
  1.340000000000000e+01,  1.002142303234984e-01,  9.205313223444356e-02,  1.412849033591771e-01, -3.917444463925933e-02, -4.228181310011220e-02,  2.313484312861965e-01
  1.341000000000000e+01,  1.000365868350185e-01,  9.193605363033286e-02,  1.402257996380551e-01, -3.901679014183149e-02, -4.189337627900208e-02,  2.311986055031328e-01
  1.342000000000000e+01,  9.974670885410414e-02,  9.159873129814122e-02,  1.376396608317147e-01, -3.876985874690931e-02, -4.160306957647500e-02,  2.313659957836720e-01
  1.343000000000000e+01,  9.933047719122241e-02,  9.114545780041849e-02,  1.340788859026989e-01, -3.846793921073289e-02, -4.177226745670579e-02,  2.326598242707339e-01
  1.344000000000000e+01,  9.914853887394433e-02,  9.074500285664411e-02,  1.329540010596751e-01, -3.820885835543077e-02, -4.202167102939493e-02,  2.311970446602106e-01
  1.345000000000000e+01,  9.895280556049019e-02,  9.067120176751153e-02,  1.311213213967567e-01, -3.803586449538360e-02, -4.250675164492532e-02,  2.302154515408908e-01
  1.346000000000000e+01,  9.850293211623033e-02,  9.044916219506494e-02,  1.285784926832282e-01, -3.869040896720269e-02, -4.185681245199349e-02,  2.310892110463232e-01
  1.347000000000000e+01,  9.807028559931766e-02,  8.958251499940806e-02,  1.262660014506386e-01, -3.878786977915803e-02, -4.180665244995533e-02,  2.310058120231988e-01
  1.348000000000000e+01,  9.820975755310876e-02,  8.946475492516792e-02,  1.250962642610271e-01, -3.824124069496333e-02, -4.173115092082101e-02,  2.296534851218615e-01
  1.349000000000000e+01,  9.752547011844233e-02,  8.962949260102948e-02,  1.236750730082552e-01, -3.853904858612602e-02, -4.163670255956597e-02,  2.281102128653200e-01
  1.350000000000000e+01,  9.620638560256919e-02,  8.929946368333885e-02,  1.226938572820744e-01, -3.893072885668440e-02, -4.164985656860969e-02,  2.270273311768033e-01
  1.351000000000000e+01,  9.499552420125953e-02,  8.860149245045568e-02,  1.215658524975506e-01, -3.903609818933835e-02, -4.127225239055424e-02,  2.263705369342549e-01
  1.352000000000000e+01,  9.435639554680807e-02,  8.831745021235760e-02,  1.209236406922175e-01, -3.919011243054274e-02, -4.139951373391412e-02,  2.264558777905876e-01
  1.353000000000000e+01,  9.383094747961551e-02,  8.893138253024602e-02,  1.190519387214171e-01, -3.961244013908211e-02, -4.101857805857446e-02,  2.274704251079399e-01
  1.354000000000000e+01,  9.288421366603465e-02,  8.924972042556711e-02,  1.176103732369462e-01, -3.978493520075730e-02, -4.077947336871962e-02,  2.267928201868726e-01
  1.355000000000000e+01,  9.136079923819618e-02,  8.946852906961555e-02,  1.177889424769401e-01, -4.021281287574260e-02, -4.189166295521867e-02,  2.256506915515507e-01
  1.356000000000000e+01,  9.016883470234226e-02,  8.907980642309465e-02,  1.180443673571225e-01, -4.165082547091601e-02, -4.046839110853508e-02,  2.258602877017295e-01
  1.357000000000000e+01,  8.795302663555787e-02,  8.888830688084948e-02,  1.176125185619210e-01, -4.369706034229275e-02, -3.954573573267586e-02,  2.265935824393020e-01
  1.358000000000000e+01,  8.555688615136008e-02,  8.902463954017770e-02,  1.179957826237784e-01, -4.518917765026399e-02, -3.890614840063947e-02,  2.254147475684980e-01
  1.359000000000000e+01,  8.345352498997610e-02,  8.948123046628575e-02,  1.185542577212001e-01, -4.603524691989769e-02, -3.921917227039140e-02,  2.227340994741961e-01
  1.360000000000000e+01,  8.061237582930199e-02,  8.980880123785218e-02,  1.185395944489757e-01, -4.704779746119744e-02, -3.924407648056565e-02,  2.219529114511695e-01
  1.361000000000000e+01,  7.836893418300005e-02,  9.002649044626887e-02,  1.193272370667881e-01, -4.744948329209613e-02, -3.827485924247022e-02,  2.198530575802809e-01
  1.362000000000000e+01,  7.617288893009447e-02,  9.058689237294493e-02,  1.172829104515588e-01, -4.886899044755789e-02, -3.761417422994890e-02,  2.220148064034341e-01
  1.363000000000000e+01,  7.411471040408275e-02,  9.084724547811684e-02,  1.149141570527710e-01, -5.020037207543940e-02, -3.733712540220332e-02,  2.244458885584071e-01
  1.364000000000000e+01,  7.244845206323601e-02,  9.143447440123964e-02,  1.140037984545841e-01, -5.144993713145814e-02, -3.683771441967871e-02,  2.237897672900214e-01
  1.365000000000000e+01,  7.021904185660412e-02,  9.168174549032182e-02,  1.126107965457099e-01, -5.217487231266729e-02, -3.697217752383031e-02,  2.225085750593270e-01
  1.366000000000000e+01,  6.772045604079627e-02,  9.242441816625946e-02,  1.102297174928260e-01, -5.307858407840153e-02, -3.668156952663174e-02,  2.237581045345003e-01
  1.367000000000000e+01,  6.591549178489164e-02,  9.327115610781367e-02,  1.074227025618135e-01, -5.338965865601641e-02, -3.668192583381199e-02,  2.258076656250773e-01
  1.368000000000000e+01,  6.453343757661620e-02,  9.392919681671352e-02,  1.043823726668302e-01, -5.323622323021859e-02, -3.717655844522550e-02,  2.271989282388755e-01
  1.369000000000000e+01,  6.315763655261815e-02,  9.390161298987976e-02,  1.031689687570059e-01, -5.272271351429623e-02, -3.762255490805064e-02,  2.263024869520796e-01
  1.370000000000000e+01,  6.196438802122035e-02,  9.404142785815583e-02,  1.008994204383515e-01, -5.214619835052297e-02, -3.840475867290494e-02,  2.246901883045639e-01
  1.371000000000000e+01,  6.079987910755447e-02,  9.377739064059032e-02,  9.925609374139836e-02, -5.127165700810005e-02, -3.794998278634988e-02,  2.241877572940575e-01
  1.372000000000000e+01,  5.839685461901384e-02,  9.301040394681115e-02,  9.868544029139355e-02, -5.049656889062205e-02, -3.849576998456151e-02,  2.224631888694274e-01
  1.373000000000000e+01,  5.575803942606188e-02,  9.314547995190381e-02,  9.717293422369198e-02, -5.020372548334293e-02, -3.799695556745163e-02,  2.221411223644382e-01
  1.374000000000000e+01,  5.396681350994820e-02,  9.371519894118796e-02,  9.557930088091858e-02, -4.994875852422252e-02, -3.790435393051162e-02,  2.215346897682108e-01
  1.375000000000000e+01,  5.200946171163053e-02,  9.405931397161460e-02,  9.324099856984584e-02, -4.986182278580758e-02, -3.755376696803227e-02,  2.208155362581081e-01
  1.376000000000000e+01,  5.048675142646643e-02,  9.448756780718992e-02,  9.074349589497710e-02, -5.058373659511553e-02, -3.724170856553524e-02,  2.222257325260931e-01
  1.377000000000000e+01,  4.957518903195649e-02,  9.553058540116877e-02,  8.822474847030494e-02, -5.185969269145541e-02, -3.672882591873895e-02,  2.247760252211422e-01
  1.378000000000000e+01,  4.569693039402987e-02,  9.630479376102463e-02,  8.612464133494398e-02, -5.272171132135718e-02, -3.620342843286891e-02,  2.243942924107241e-01
  1.379000000000000e+01,  4.300333916965976e-02,  9.712982154352590e-02,  8.388345190478338e-02, -5.382353769540311e-02, -3.556050918799294e-02,  2.239442957660171e-01
  1.380000000000000e+01,  4.066899571523116e-02,  9.777066414778157e-02,  8.099241169413196e-02, -5.523283508468294e-02, -3.492597453044116e-02,  2.237264802960088e-01
  1.381000000000000e+01,  3.881942207076078e-02,  9.878251252540338e-02,  7.761908931001858e-02, -5.569322921658432e-02, -3.523138341073975e-02,  2.242795005593622e-01
  1.382000000000000e+01,  3.776078863873015e-02,  9.893609316117247e-02,  7.587546676439237e-02, -5.557720656334525e-02, -3.527101659071927e-02,  2.252993101285676e-01
  1.383000000000000e+01,  3.629128714318787e-02,  9.893543925804149e-02,  7.465846838307187e-02, -5.579332590847372e-02, -3.475726789027762e-02,  2.268044890253275e-01
  1.384000000000000e+01,  3.365176425023154e-02,  9.932106316314337e-02,  7.280336124908325e-02, -5.562058054289348e-02, -3.579540937694140e-02,  2.251501700333468e-01
  1.385000000000000e+01,  3.106956425207695e-02,  9.929280523734052e-02,  7.070219780624375e-02, -5.567709160878943e-02, -3.609781452215719e-02,  2.245061251645937e-01
  1.386000000000000e+01,  2.802856573285092e-02,  9.867483495652873e-02,  6.918774402794475e-02, -5.718420183137325e-02, -3.510416425048822e-02,  2.246248391556081e-01
  1.387000000000000e+01,  2.601939988730003e-02,  9.893200422065074e-02,  6.639857116743395e-02, -5.786108401418309e-02, -3.571477502162994e-02,  2.250109316079474e-01
  1.388000000000000e+01,  2.442370122747298e-02,  9.964471606001313e-02,  6.318513665038741e-02, -5.846482628773553e-02, -3.580736617235576e-02,  2.263569100146799e-01
  1.389000000000000e+01,  2.303327273420327e-02,  1.005028630500611e-01,  5.981739272653314e-02, -5.934117132684091e-02, -3.542422519141774e-02,  2.281893641772504e-01
  1.390000000000000e+01,  2.154600505098305e-02,  1.015494262971788e-01,  5.635780722265839e-02, -5.967827288766832e-02, -3.558108403121977e-02,  2.282796122561746e-01
  1.391000000000000e+01,  1.968314067925536e-02,  1.019862661640962e-01,  5.365525297243947e-02, -5.983794846976924e-02, -3.622549412719350e-02,  2.275961736641534e-01
  1.392000000000000e+01,  1.870012379072947e-02,  1.016802343594776e-01,  5.126555019011618e-02, -5.961316166064636e-02, -3.535958945077677e-02,  2.283999535927638e-01
  1.393000000000000e+01,  1.800089861916148e-02,  1.020391118010291e-01,  4.794567834890015e-02, -5.920263388203115e-02, -3.562814659002053e-02,  2.275031296424226e-01
  1.394000000000000e+01,  1.684249610117976e-02,  1.012280212279679e-01,  4.514007090454702e-02, -5.878275093917119e-02, -3.550088192060111e-02,  2.273724076192718e-01
  1.395000000000000e+01,  1.692776159418001e-02,  1.020593680940427e-01,  4.221874996457230e-02, -5.910276724117677e-02, -3.521328762148006e-02,  2.270126061867367e-01
  1.396000000000000e+01,  1.615193664772526e-02,  1.021118749747838e-01,  3.976655017092676e-02, -5.984712936750242e-02, -3.424425332243797e-02,  2.272121240074121e-01
  1.397000000000000e+01,  1.644976465381185e-02,  1.020941246090454e-01,  3.778280055269943e-02, -5.972100792944251e-02, -3.331765617922883e-02,  2.283550136843075e-01
  1.398000000000000e+01,  1.676741461958062e-02,  1.021847123282811e-01,  3.567166907211061e-02, -5.962783685518019e-02, -3.270556614495712e-02,  2.278326506007295e-01
  1.399000000000000e+01,  1.798599265536311e-02,  1.035845104151123e-01,  3.360284954215896e-02, -6.034469532435556e-02, -3.181509477461755e-02,  2.276352720174486e-01
  1.400000000000000e+01,  2.006541168908928e-02,  1.041408029106563e-01,  3.141677634857452e-02, -6.044311071619388e-02, -3.088151189603963e-02,  2.268931598701392e-01
  1.401000000000000e+01,  2.221749182472142e-02,  1.042110078647582e-01,  2.975931407281160e-02, -5.968815066492766e-02, -3.045827436421536e-02,  2.254900978576919e-01
  1.402000000000000e+01,  2.389688433670956e-02,  1.037701448078310e-01,  2.775008403352490e-02, -5.989352795552873e-02, -2.836676427304284e-02,  2.274531443560913e-01
  1.403000000000000e+01,  2.591565945729937e-02,  1.035298666321771e-01,  2.691746326484814e-02, -6.041664082972505e-02, -2.581040622976007e-02,  2.278510174551970e-01
  1.404000000000000e+01,  2.878343892134626e-02,  1.042252395224843e-01,  2.578024597525553e-02, -6.072696043894806e-02, -2.481502188791135e-02,  2.263396040070336e-01
  1.405000000000000e+01,  3.191999462643109e-02,  1.053588808337433e-01,  2.433132864217759e-02, -6.172451480990995e-02, -2.337260669555186e-02,  2.255283813112672e-01
  1.406000000000000e+01,  3.504398812340845e-02,  1.065505024195570e-01,  2.318345172192485e-02, -6.286715166620836e-02, -2.166448827589598e-02,  2.261729767072850e-01
  1.407000000000000e+01,  3.861630863856672e-02,  1.069722032173814e-01,  2.200177200715901e-02, -6.349424232416966e-02, -1.977957318128003e-02,  2.258051935353033e-01
  1.408000000000000e+01,  4.286865312726110e-02,  1.067827277584028e-01,  2.171940476799237e-02, -6.358508747117680e-02, -1.817285707592012e-02,  2.235551099050719e-01
  1.409000000000000e+01,  4.738646484434277e-02,  1.064358265093290e-01,  2.207818860925118e-02, -6.378324812668043e-02, -1.622615829243553e-02,  2.223916511239550e-01
  1.410000000000000e+01,  5.210444703543245e-02,  1.073724076864910e-01,  2.202156990788051e-02, -6.478135226079670e-02, -1.446327544916527e-02,  2.199477078771200e-01
  1.411000000000000e+01,  5.663358351880116e-02,  1.079239636189158e-01,  2.268914953989872e-02, -6.602777904008912e-02, -1.187101375934344e-02,  2.182585740327227e-01
  1.412000000000000e+01,  6.192569934128449e-02,  1.083816341054884e-01,  2.264626783163100e-02, -6.696291919050976e-02, -1.032681072974945e-02,  2.180465141279338e-01
  1.413000000000000e+01,  6.665519962785522e-02,  1.087419416035496e-01,  2.325267960318136e-02, -6.796626616407765e-02, -7.887896577662005e-03,  2.166942624093227e-01
  1.414000000000000e+01,  7.087371776474273e-02,  1.092232775219710e-01,  2.239280788768910e-02, -6.872657673838437e-02, -6.210710639721382e-03,  2.160395228839723e-01
  1.415000000000000e+01,  7.561883291423029e-02,  1.104907932488643e-01,  2.071928925335720e-02, -7.002356312576950e-02, -3.460058447623534e-03,  2.155095225599386e-01
  1.416000000000000e+01,  8.079644537807909e-02,  1.106030996736231e-01,  2.098985393024066e-02, -7.026976772330104e-02, -1.373578784519299e-03,  2.139474666014089e-01
  1.417000000000000e+01,  8.543781389220138e-02,  1.100522395985237e-01,  2.195376723636489e-02, -7.097138969343640e-02,  5.155785770489297e-04,  2.137676124635047e-01
  1.418000000000000e+01,  8.990704111236357e-02,  1.108951984563435e-01,  2.104421586234120e-02, -7.189642362280189e-02,  2.009752956232042e-03,  2.133057138409374e-01
  1.419000000000000e+01,  9.535539332471071e-02,  1.113615779549815e-01,  2.096642305286641e-02, -7.162052037887125e-02,  3.532894847415035e-03,  2.117957506001060e-01
  1.420000000000000e+01,  1.000454980041541e-01,  1.114543557202794e-01,  2.066349732940743e-02, -7.154853221845298e-02,  4.164533252427868e-03,  2.104728698080610e-01
  1.421000000000000e+01,  1.041897080972921e-01,  1.119090968603449e-01,  1.983828719275628e-02, -7.196206218763596e-02,  5.919800600529017e-03,  2.103447834013880e-01
  1.422000000000000e+01,  1.078489188613654e-01,  1.131731371160731e-01,  1.835165299672747e-02, -7.335390596834276e-02,  7.790830054364348e-03,  2.109788675115629e-01
  1.423000000000000e+01,  1.115523505403007e-01,  1.135000311779848e-01,  1.816201289800319e-02, -7.412223317041942e-02,  9.011384856125876e-03,  2.107441864173704e-01
  1.424000000000000e+01,  1.149743868163943e-01,  1.134440064127094e-01,  1.900183229536245e-02, -7.450037962147932e-02,  1.035834258522132e-02,  2.085168070415681e-01
  1.425000000000000e+01,  1.180526729073309e-01,  1.133927681142728e-01,  1.943839393771187e-02, -7.488794050533958e-02,  1.172697180443035e-02,  2.079553644797251e-01
  1.426000000000000e+01,  1.216946969289519e-01,  1.128707275989649e-01,  2.060012845798284e-02, -7.457697572969067e-02,  1.245807581765103e-02,  2.066436115950874e-01
  1.427000000000000e+01,  1.250154114234481e-01,  1.121707051544849e-01,  2.139267470046336e-02, -7.361988301293169e-02,  1.276731783513345e-02,  2.050829140393784e-01
  1.428000000000000e+01,  1.279231490339056e-01,  1.123632720821548e-01,  2.398505394196784e-02, -7.475027851417403e-02,  1.461070177244700e-02,  2.019471227840225e-01
  1.429000000000000e+01,  1.313647500055702e-01,  1.145414280645713e-01,  3.254436421950139e-02, -7.877438154300960e-02,  1.955610639723018e-02,  1.917608520809700e-01
  1.430000000000000e+01,  1.327912024536078e-01,  1.136088885896558e-01,  2.520409461966805e-02, -7.497225522311263e-02,  1.645408268489023e-02,  1.991439818343511e-01
  1.431000000000000e+01,  1.331406203718307e-01,  1.127411825060467e-01,  1.825181430066905e-02, -7.234947503170551e-02,  1.419330912333487e-02,  2.051465278056111e-01
  1.432000000000000e+01,  1.343094297790481e-01,  1.131199989567457e-01,  1.679784569857969e-02, -7.156880557638302e-02,  1.340182040813041e-02,  2.051876228530416e-01
  1.433000000000000e+01,  1.361127629779743e-01,  1.141747586838033e-01,  1.580006714895589e-02, -7.105319591950690e-02,  1.396155833569198e-02,  2.068513801540427e-01
  1.434000000000000e+01,  1.369526586598264e-01,  1.141717440169234e-01,  1.644681414633554e-02, -7.068801473202684e-02,  1.318245326883994e-02,  2.075391520298147e-01
  1.435000000000000e+01,  1.379397140355393e-01,  1.155543634164933e-01,  1.891869599966619e-02, -7.208292428762976e-02,  1.430574109443376e-02,  2.039117819347472e-01
  1.436000000000000e+01,  1.401040000344707e-01,  1.198147877527820e-01,  2.742879696909870e-02, -7.681762787961201e-02,  1.824269228041202e-02,  1.918915939849689e-01
  1.437000000000000e+01,  1.401963686494639e-01,  1.200628687154872e-01,  2.611534075098019e-02, -7.677263881986238e-02,  1.786932413590243e-02,  1.943291075231247e-01
  1.438000000000000e+01,  1.413222494903009e-01,  1.211398855309664e-01,  2.487250570992770e-02, -7.612597091597581e-02,  1.645898884869474e-02,  1.960084642896180e-01
  1.439000000000000e+01,  1.418087551852607e-01,  1.221080283222964e-01,  2.485724772824542e-02, -7.727377660423007e-02,  1.707243505688699e-02,  1.969058263399551e-01
  1.440000000000000e+01,  1.425747930836199e-01,  1.215634618295063e-01,  2.620457333002676e-02, -7.776291816359866e-02,  1.730003971812685e-02,  1.989339391711413e-01
  1.441000000000000e+01,  1.436513758350574e-01,  1.218001613383350e-01,  2.737137480231194e-02, -7.801663134325119e-02,  1.739729176308766e-02,  1.981031100476952e-01
  1.442000000000000e+01,  1.440399569376303e-01,  1.229961455039494e-01,  2.501964288474929e-02, -7.753338951638310e-02,  1.607049341305112e-02,  2.000884888782226e-01
  1.443000000000000e+01,  1.440830284714874e-01,  1.234451345320460e-01,  1.871018587105824e-02, -7.532226795564889e-02,  1.340426746997751e-02,  2.097947500801959e-01
  1.444000000000000e+01,  1.450074343151960e-01,  1.242987096812822e-01,  1.563666439664844e-02, -7.424586125183126e-02,  1.233604599655533e-02,  2.120502643492452e-01
  1.445000000000000e+01,  1.453474118191521e-01,  1.252908052693482e-01,  1.484401377006393e-02, -7.449784165766829e-02,  1.215182230520072e-02,  2.124765047972800e-01
  1.446000000000000e+01,  1.465501205677747e-01,  1.266168755225661e-01,  1.400430624342484e-02, -7.369649050936639e-02,  1.140002766637321e-02,  2.133988689077495e-01
  1.447000000000000e+01,  1.470828126534763e-01,  1.263772978300390e-01,  1.311566126902859e-02, -7.308876071949748e-02,  1.071139179608532e-02,  2.151288453954381e-01
  1.448000000000000e+01,  1.480127880039332e-01,  1.255610429362979e-01,  1.246254261622017e-02, -7.182864712841629e-02,  9.979074779441578e-03,  2.159051811610605e-01
  1.449000000000000e+01,  1.491710629501887e-01,  1.253424393657998e-01,  9.466163240911105e-03, -7.103417358376124e-02,  9.720384856561683e-03,  2.170757810121487e-01
  1.450000000000000e+01,  1.502154572969009e-01,  1.253696151052759e-01,  7.310759747270719e-03, -7.035014169355794e-02,  9.442254711972542e-03,  2.184757171465309e-01
  1.451000000000000e+01,  1.507431228686673e-01,  1.252323358749621e-01,  6.649795997516520e-03, -6.929093947278245e-02,  8.353221314665003e-03,  2.181597612329509e-01
  1.452000000000000e+01,  1.515599000997284e-01,  1.245391721256794e-01,  4.839709699482233e-03, -6.750291756627647e-02,  7.599816137800074e-03,  2.182692661595449e-01
  1.453000000000000e+01,  1.521033668969529e-01,  1.244241481653545e-01,  4.325562060182171e-03, -6.634058960045039e-02,  6.281387693031314e-03,  2.183655782240721e-01
  1.454000000000000e+01,  1.526682400132588e-01,  1.248081999448880e-01,  2.860077652542128e-03, -6.575184895931126e-02,  5.328711550440196e-03,  2.189298996357520e-01
  1.455000000000000e+01,  1.529197366390674e-01,  1.248374478511043e-01,  1.950426588655117e-03, -6.604936883994138e-02,  5.392184813371582e-03,  2.198139054025315e-01
  1.456000000000000e+01,  1.532476555991322e-01,  1.234314746620206e-01,  1.868586382581003e-03, -6.502387295814287e-02,  5.063779115292787e-03,  2.199242667936969e-01
  1.457000000000000e+01,  1.535289409185144e-01,  1.236891382900309e-01,  1.590194753232020e-03, -6.451924318246452e-02,  4.602512612361114e-03,  2.211763238963876e-01
  1.458000000000000e+01,  1.537434419072099e-01,  1.240584935003219e-01,  1.249567295372440e-03, -6.377319112703117e-02,  3.440025209453241e-03,  2.203123636156349e-01
  1.459000000000000e+01,  1.546681169338836e-01,  1.241580925976804e-01,  1.722664157918293e-03, -6.234982867445878e-02,  1.720325094833147e-03,  2.183071785574090e-01
  1.460000000000000e+01,  1.554886982725085e-01,  1.242762327824394e-01,  2.397806477515199e-03, -6.083458625766205e-02,  1.276227594800961e-03,  2.187753962713755e-01
  1.461000000000000e+01,  1.561959852200292e-01,  1.245489026629514e-01,  1.212701184199802e-03, -5.972343433456678e-02,  1.072511532147653e-03,  2.186706787341431e-01
  1.462000000000000e+01,  1.563765219041408e-01,  1.235729855529248e-01,  6.954880639476379e-04, -5.860856325650093e-02,  1.759599784084090e-04,  2.182162321439169e-01
  1.463000000000000e+01,  1.562292241709502e-01,  1.235481434141934e-01, -7.337777921268105e-04, -5.840704425905952e-02,  2.711541304217296e-04,  2.205959917411888e-01
  1.464000000000000e+01,  1.565019623304383e-01,  1.234825031152580e-01, -2.085237036164483e-03, -5.777593251649589e-02, -2.340710889897326e-04,  2.223704557944793e-01
  1.465000000000000e+01,  1.567750113255419e-01,  1.236264639397389e-01, -3.331054530158120e-03, -5.707648531251220e-02, -1.077175345411022e-03,  2.239241637283014e-01
  1.466000000000000e+01,  1.569851525428038e-01,  1.236829614313828e-01, -3.660191218218656e-03, -5.609917233462452e-02, -2.574657464580726e-03,  2.240105238217219e-01
  1.467000000000000e+01,  1.570881426338228e-01,  1.229035426470648e-01, -1.149021356329549e-03, -5.502699907328756e-02, -2.779638202223041e-03,  2.206825556466071e-01
  1.468000000000000e+01,  1.573104351751453e-01,  1.226033069608710e-01, -4.160898900999026e-04, -5.403012751214770e-02, -3.409224796043979e-03,  2.198419817899100e-01
  1.469000000000000e+01,  1.574947821661319e-01,  1.218394714190567e-01,  7.112579502727531e-04, -5.297489378887955e-02, -3.845402350383356e-03,  2.210639223409505e-01
  1.470000000000000e+01,  1.574515516440182e-01,  1.215993492542520e-01,  6.275797276040117e-04, -5.237181479107040e-02, -4.456367036202689e-03,  2.200844023859562e-01
  1.471000000000000e+01,  1.570572988144411e-01,  1.218457124068204e-01,  1.146749093886985e-03, -5.215304352774058e-02, -4.842090291906193e-03,  2.197026362498027e-01
  1.472000000000000e+01,  1.562493416548829e-01,  1.215261533508483e-01,  1.679000419449114e-03, -5.212937673103483e-02, -5.499050794152825e-03,  2.204188662788125e-01
  1.473000000000000e+01,  1.556705835745791e-01,  1.214925495657482e-01,  1.984068715958328e-03, -5.196282851979007e-02, -6.466070173916716e-03,  2.201632699039618e-01
  1.474000000000000e+01,  1.548300399504698e-01,  1.213803549485779e-01,  2.824187685953345e-03, -5.200926760503223e-02, -6.376083474988268e-03,  2.219455835256552e-01
  1.475000000000000e+01,  1.543879598172512e-01,  1.221371772573241e-01,  9.643131080793638e-04, -5.182521730138121e-02, -7.313786079995530e-03,  2.261964604818424e-01
  1.476000000000000e+01,  1.536727722958423e-01,  1.213848251778267e-01,  1.479119853955108e-03, -5.123752096831229e-02, -8.355447552062066e-03,  2.265826110396844e-01
  1.477000000000000e+01,  1.530716878912972e-01,  1.211780774878577e-01,  2.398487935396339e-03, -5.030460631333768e-02, -9.706595139545304e-03,  2.256520194553449e-01
  1.478000000000000e+01,  1.521351797993699e-01,  1.209898214975915e-01,  2.881556275341516e-03, -4.959577263400176e-02, -1.062817794561073e-02,  2.264637308365882e-01
  1.479000000000000e+01,  1.515052756737973e-01,  1.211612884762407e-01,  3.773900758231664e-03, -4.831655508471910e-02, -1.246613978686536e-02,  2.262434330895929e-01
  1.480000000000000e+01,  1.499595409860929e-01,  1.213264983082620e-01,  4.599460322424558e-03, -4.843945211998363e-02, -1.282385555431160e-02,  2.271193418379384e-01
  1.481000000000000e+01,  1.479461559717845e-01,  1.205425291620197e-01,  5.560902732754595e-03, -4.875092543164881e-02, -1.334168819942098e-02,  2.277758633437982e-01
  1.482000000000000e+01,  1.460669462378890e-01,  1.200391747427676e-01,  7.118238608169270e-03, -4.890791076659570e-02, -1.394090080906497e-02,  2.290951734677712e-01
  1.483000000000000e+01,  1.442411776090630e-01,  1.199826741236008e-01,  7.657577147309350e-03, -4.910563448238125e-02, -1.503308016214706e-02,  2.303140488930519e-01
  1.484000000000000e+01,  1.424925730041943e-01,  1.190966662769035e-01,  9.378732279998530e-03, -4.891768158984072e-02, -1.523274161831867e-02,  2.310957289469107e-01
  1.485000000000000e+01,  1.417728993059808e-01,  1.181239243309773e-01,  1.063419057469544e-02, -4.679415400838161e-02, -1.794191255418581e-02,  2.294234084428893e-01
  1.486000000000000e+01,  1.407580557494728e-01,  1.171162384459399e-01,  1.459950508834444e-02, -4.523175861931095e-02, -1.907762468520943e-02,  2.271656545828016e-01
  1.487000000000000e+01,  1.393274862420462e-01,  1.164186352606296e-01,  1.618109203387465e-02, -4.448089038486835e-02, -2.028512700844400e-02,  2.265692882296123e-01
  1.488000000000000e+01,  1.377043477159530e-01,  1.162709587438182e-01,  1.747708865923070e-02, -4.411469833651329e-02, -2.249383451599628e-02,  2.274080834096435e-01
  1.489000000000000e+01,  1.361525718531751e-01,  1.163363239505473e-01,  1.840086026316116e-02, -4.420046418207665e-02, -2.309171473522993e-02,  2.288505869476623e-01
  1.490000000000000e+01,  1.343852860629115e-01,  1.166500901087666e-01,  2.005807146808003e-02, -4.443459888311822e-02, -2.365370791565686e-02,  2.307796598237227e-01
  1.491000000000000e+01,  1.327947842880068e-01,  1.164836983153221e-01,  2.214563391373412e-02, -4.446872387706993e-02, -2.503772215430003e-02,  2.312664288470144e-01
  1.492000000000000e+01,  1.321967548949226e-01,  1.164377535738954e-01,  2.439087650643245e-02, -4.363778911092328e-02, -2.580309166877165e-02,  2.315924990569325e-01
  1.493000000000000e+01,  1.315119101162111e-01,  1.164604195946317e-01,  2.666800162705174e-02, -4.282904295378769e-02, -2.687099588237240e-02,  2.327525640255701e-01
  1.494000000000000e+01,  1.299541776453549e-01,  1.161351063187563e-01,  2.957429181165994e-02, -4.272522225793089e-02, -2.792136547129291e-02,  2.330296400130554e-01
  1.495000000000000e+01,  1.277180798941857e-01,  1.160027389610230e-01,  3.107884393714576e-02, -4.305283380532894e-02, -2.940636971152274e-02,  2.351039896245361e-01
  1.496000000000000e+01,  1.260006851842834e-01,  1.165397623364439e-01,  3.390290537775623e-02, -4.296017460015578e-02, -3.108971171091124e-02,  2.359843944538876e-01
  1.497000000000000e+01,  1.233915747850027e-01,  1.158902834187219e-01,  3.570409212419325e-02, -4.384955252652204e-02, -3.156471557815076e-02,  2.391690785127570e-01
  1.498000000000000e+01,  1.208466384260053e-01,  1.156116536729208e-01,  3.686316480077428e-02, -4.445780985253769e-02, -3.196947996658332e-02,  2.422799055689246e-01
  1.499000000000000e+01,  1.194673644487268e-01,  1.154126057422220e-01,  3.799475269557655e-02, -4.414446232578745e-02, -3.325628654257450e-02,  2.449615563501663e-01
  1.500000000000000e+01,  1.176549479181292e-01,  1.160476510633823e-01,  3.747980888947908e-02, -4.372473003997918e-02, -3.469957190377346e-02,  2.483622628865488e-01
  1.501000000000000e+01,  1.157844136308287e-01,  1.150426946480447e-01,  3.866051565551492e-02, -4.186511435652333e-02, -3.681477851123278e-02,  2.481030104533476e-01
  1.502000000000000e+01,  1.134588055989818e-01,  1.139765535221966e-01,  4.283181097654197e-02, -4.142591917504292e-02, -3.755986093270489e-02,  2.462961979332105e-01
  1.503000000000000e+01,  1.115611122740294e-01,  1.127942033854421e-01,  4.547727412169735e-02, -4.020181135560760e-02, -3.900274822742366e-02,  2.458207436002236e-01
  1.504000000000000e+01,  1.103037839282623e-01,  1.121775302747947e-01,  4.529150393021092e-02, -3.844504400549527e-02, -4.065856143241045e-02,  2.468328117285971e-01
  1.505000000000000e+01,  1.100872995053331e-01,  1.117170639104299e-01,  4.457633975795276e-02, -3.608598399426732e-02, -4.235573424955113e-02,  2.476173404320644e-01
  1.506000000000000e+01,  1.098123588899248e-01,  1.106053366716981e-01,  4.494651020157637e-02, -3.363572665311063e-02, -4.377609612354567e-02,  2.479999479488954e-01
  1.507000000000000e+01,  1.072947089205699e-01,  1.090751828005694e-01,  4.560496377274360e-02, -3.244801369500418e-02, -4.497525459671906e-02,  2.486231646451812e-01
  1.508000000000000e+01,  1.066161584300308e-01,  1.074380423620946e-01,  4.665044375498862e-02, -2.986392839408302e-02, -4.652709871189391e-02,  2.483730384033517e-01
  1.509000000000000e+01,  1.075726580427220e-01,  1.055959674707057e-01,  4.565880012420150e-02, -2.662607859208414e-02, -4.761307320335630e-02,  2.485025263126357e-01
  1.510000000000000e+01,  1.073526721283747e-01,  1.038753039965359e-01,  4.471095441676826e-02, -2.364368464715679e-02, -4.883298999032615e-02,  2.473487319396853e-01
  1.511000000000000e+01,  1.064980030858608e-01,  1.024243431414966e-01,  4.465865154959396e-02, -2.153629972471609e-02, -4.957692286988526e-02,  2.476041177911379e-01
  1.512000000000000e+01,  1.056937539295055e-01,  1.008663923799824e-01,  4.415563027294718e-02, -1.926151739031032e-02, -5.047326170735687e-02,  2.468965816378312e-01
  1.513000000000000e+01,  1.054050763164458e-01,  9.942779636468524e-02,  4.328584034737543e-02, -1.702764683918359e-02, -5.176271605063425e-02,  2.463029706162863e-01
  1.514000000000000e+01,  1.047456342739667e-01,  9.805539414305331e-02,  4.249422323367897e-02, -1.519113055810537e-02, -5.257605016494647e-02,  2.471328634306784e-01
  1.515000000000000e+01,  1.041982730780274e-01,  9.795844498539297e-02,  4.025874226558683e-02, -1.437465932813443e-02, -5.273897499152302e-02,  2.507366547595941e-01
  1.516000000000000e+01,  1.031048409459466e-01,  9.694362663628286e-02,  3.968735860458099e-02, -1.339249165210876e-02, -5.329041547666898e-02,  2.515480512805337e-01
  1.517000000000000e+01,  1.013413137499348e-01,  9.522450603358523e-02,  4.147880538044071e-02, -1.182637650763187e-02, -5.393844913728387e-02,  2.494722232759441e-01
  1.518000000000000e+01,  9.960712373015362e-02,  9.334953549336134e-02,  4.396293717944712e-02, -1.028120503684407e-02, -5.438869737849713e-02,  2.478539505690687e-01
  1.519000000000000e+01,  9.739492580831736e-02,  9.104288226227819e-02,  4.799026545314607e-02, -8.788081765728796e-03, -5.490974167751588e-02,  2.438235694497785e-01
  1.520000000000000e+01,  9.542577752395964e-02,  9.029299105646293e-02,  4.914577280470101e-02, -8.181087251649313e-03, -5.596449453873080e-02,  2.433478245053776e-01
  1.521000000000000e+01,  9.269480046731454e-02,  9.051344624775659e-02,  4.800572821656989e-02, -8.267784979438185e-03, -5.657530902806559e-02,  2.470066903558183e-01
  1.522000000000000e+01,  8.967724866090340e-02,  8.948848976346513e-02,  5.004879882664669e-02, -7.953999503566317e-03, -5.690303450716791e-02,  2.469582487869156e-01
  1.523000000000000e+01,  8.680291731494036e-02,  8.806053441998607e-02,  5.332005758815906e-02, -7.716621792085973e-03, -5.707760985834806e-02,  2.450249211800168e-01
  1.524000000000000e+01,  8.460640166535568e-02,  8.750879391257693e-02,  5.456442664401775e-02, -7.305654298434843e-03, -5.743809173640457e-02,  2.468523438228728e-01
  1.525000000000000e+01,  8.251730082986898e-02,  8.644599695563304e-02,  5.755018798118922e-02, -6.410803036169578e-03, -5.844486588678392e-02,  2.439664766868654e-01
  1.526000000000000e+01,  7.961458354333756e-02,  8.547002487355848e-02,  6.020658611893372e-02, -6.811612815636978e-03, -5.893328264741846e-02,  2.446166474490815e-01
  1.527000000000000e+01,  7.671361569375819e-02,  8.545650478249800e-02,  6.326398851727343e-02, -7.162000626690866e-03, -5.905427760076730e-02,  2.462089116351634e-01
  1.528000000000000e+01,  7.384886460098702e-02,  8.471238211901322e-02,  6.575808543217877e-02, -7.654893718153537e-03, -5.960067879489981e-02,  2.478172738643624e-01
  1.529000000000000e+01,  7.098482512876668e-02,  8.386590435562380e-02,  6.835465640460579e-02, -8.411999786534905e-03, -5.987320855509043e-02,  2.491096027374141e-01
  1.530000000000000e+01,  6.916500992265248e-02,  8.303568079782075e-02,  7.136375532707419e-02, -8.584585410585242e-03, -6.016739638035688e-02,  2.493956925536646e-01
  1.531000000000000e+01,  6.674290470998641e-02,  8.276373710892448e-02,  7.522137808621228e-02, -9.279730964323621e-03, -6.061855510910129e-02,  2.491533470664968e-01
  1.532000000000000e+01,  6.438157223154185e-02,  8.257124460405296e-02,  8.075886259967421e-02, -9.897327285039477e-03, -6.175267664503983e-02,  2.467966498241809e-01
  1.533000000000000e+01,  6.269939954197763e-02,  8.249055133556404e-02,  8.509637772657751e-02, -1.044064295408090e-02, -6.120671638886788e-02,  2.461911920288167e-01
  1.534000000000000e+01,  6.068582217335077e-02,  8.250011515343569e-02,  8.649418768396495e-02, -1.109623852825989e-02, -6.143428551508036e-02,  2.504461942268865e-01
  1.535000000000000e+01,  5.934757929819154e-02,  8.226550497906460e-02,  8.903556297293398e-02, -1.160179464507163e-02, -6.136083993103936e-02,  2.527532367847557e-01
  1.536000000000000e+01,  5.858991762434711e-02,  8.236621038602587e-02,  9.189748506486485e-02, -1.127165464753460e-02, -6.266783036668241e-02,  2.523918820637677e-01
  1.537000000000000e+01,  5.731185250568221e-02,  8.247499755452892e-02,  9.554095157230430e-02, -1.066222145734129e-02, -6.326112008819340e-02,  2.524567043322024e-01
  1.538000000000000e+01,  5.529672620492918e-02,  8.237308053004400e-02,  9.863700204768361e-02, -1.087852316100563e-02, -6.401118644737348e-02,  2.535751870066900e-01
  1.539000000000000e+01,  5.455765630133778e-02,  8.259051237884751e-02,  1.003461573796900e-01, -1.106642472837696e-02, -6.404590380219066e-02,  2.559091478478228e-01
  1.540000000000000e+01,  5.412866467356232e-02,  8.288492270020442e-02,  1.025012327577054e-01, -1.114104464377637e-02, -6.405544487369792e-02,  2.567838217761498e-01
  1.541000000000000e+01,  5.283546206848078e-02,  8.342350358234252e-02,  1.051075562896566e-01, -1.136176727862996e-02, -6.411384608179696e-02,  2.570697280592354e-01
  1.542000000000000e+01,  5.103374645276725e-02,  8.408579410059325e-02,  1.070230688269635e-01, -1.188662041223136e-02, -6.419550654159148e-02,  2.583205701342832e-01
  1.543000000000000e+01,  4.949366904926205e-02,  8.398058150045373e-02,  1.092030141597253e-01, -1.244955812960600e-02, -6.380861199901397e-02,  2.595779966031861e-01
  1.544000000000000e+01,  4.902458391006891e-02,  8.387257200572473e-02,  1.114176779456211e-01, -1.274832379958794e-02, -6.402661164832478e-02,  2.610861263199915e-01
  1.545000000000000e+01,  4.873176910900851e-02,  8.377331948472055e-02,  1.128023229936663e-01, -1.294036258565324e-02, -6.477955720118546e-02,  2.631529541929488e-01
  1.546000000000000e+01,  4.920323553676492e-02,  8.302829435819903e-02,  1.155441199431252e-01, -1.298940565575370e-02, -6.537723875083831e-02,  2.627584587992498e-01
  1.547000000000000e+01,  4.939974640891105e-02,  8.250309917372434e-02,  1.179532234224699e-01, -1.325622124380599e-02, -6.435967365752313e-02,  2.638552880896048e-01
  1.548000000000000e+01,  5.032193416918711e-02,  8.326561318087022e-02,  1.174422186998365e-01, -1.377129261855492e-02, -6.424419216009550e-02,  2.659070977020833e-01
  1.549000000000000e+01,  5.058248011691747e-02,  8.355645761859498e-02,  1.183274041678031e-01, -1.376061064866802e-02, -6.477365332390400e-02,  2.653167687238768e-01
  1.550000000000000e+01,  4.959763106270179e-02,  8.318582199390701e-02,  1.209582994716370e-01, -1.341338408341519e-02, -6.600117750590834e-02,  2.626786527874797e-01
  1.551000000000000e+01,  4.915493213563696e-02,  8.241820795896992e-02,  1.215741982081454e-01, -1.360816250860580e-02, -6.609618076522836e-02,  2.635517264845905e-01
  1.552000000000000e+01,  4.872990693309142e-02,  8.225190145439742e-02,  1.219736405348018e-01, -1.403169781084433e-02, -6.537368862982881e-02,  2.656799379356624e-01
  1.553000000000000e+01,  4.794147675476161e-02,  8.209614868323767e-02,  1.222956504786779e-01, -1.447142868040489e-02, -6.509556173426387e-02,  2.673934869015929e-01
  1.554000000000000e+01,  4.679796531632272e-02,  8.181909645235086e-02,  1.232677581753916e-01, -1.522124962982097e-02, -6.509458400429198e-02,  2.682048575527559e-01
  1.555000000000000e+01,  4.529020077291476e-02,  8.125893429784359e-02,  1.242529742774386e-01, -1.595126942380864e-02, -6.532183795240733e-02,  2.675294950746099e-01
  1.556000000000000e+01,  4.433731634928750e-02,  8.128220384622642e-02,  1.249056812172469e-01, -1.610134251066439e-02, -6.635646174289064e-02,  2.666032673123704e-01
  1.557000000000000e+01,  4.371495421232285e-02,  8.138133963813510e-02,  1.264797828863548e-01, -1.634863477584240e-02, -6.665814593730285e-02,  2.662899066576911e-01
  1.558000000000000e+01,  4.290088815503959e-02,  8.058468648820849e-02,  1.289433374077986e-01, -1.663071122555025e-02, -6.627337629058812e-02,  2.663313278454739e-01
  1.559000000000000e+01,  4.214004402232437e-02,  7.922617004023236e-02,  1.304031648942378e-01, -1.594967640113291e-02, -6.697007283217696e-02,  2.638725025744509e-01
  1.560000000000000e+01,  4.144365203705986e-02,  7.871335936844992e-02,  1.299799612715688e-01, -1.557347595604830e-02, -6.695058098913777e-02,  2.650713140045593e-01
  1.561000000000000e+01,  4.083762999730784e-02,  7.876120084570570e-02,  1.283851922919953e-01, -1.573234681906929e-02, -6.781020779296999e-02,  2.666904469804618e-01
  1.562000000000000e+01,  4.092998158119510e-02,  7.884365054163434e-02,  1.283813441981185e-01, -1.542914646413531e-02, -6.765241619085915e-02,  2.660793961337052e-01
  1.563000000000000e+01,  4.158169248081523e-02,  7.828084617306619e-02,  1.278595923267781e-01, -1.545864906487227e-02, -6.774247727806541e-02,  2.667666541608408e-01
  1.564000000000000e+01,  4.235385949426269e-02,  7.798089311775191e-02,  1.261739300749475e-01, -1.526825343589128e-02, -6.778525065860803e-02,  2.685553473240260e-01
  1.565000000000000e+01,  4.203754419251507e-02,  7.780488793218088e-02,  1.235988615308596e-01, -1.521523035507108e-02, -6.739441962760970e-02,  2.717501256871153e-01
  1.566000000000000e+01,  4.257848907415810e-02,  7.740637321762445e-02,  1.213572087453387e-01, -1.540435637680156e-02, -6.667389364868387e-02,  2.747148493210398e-01
  1.567000000000000e+01,  4.219108595008668e-02,  7.693614089205725e-02,  1.194951505763475e-01, -1.532266484523255e-02, -6.665059373312060e-02,  2.768022665819174e-01
  1.568000000000000e+01,  4.251088605548328e-02,  7.610935504130301e-02,  1.184019706280554e-01, -1.493944675067745e-02, -6.766634251774696e-02,  2.782161117718847e-01
  1.569000000000000e+01,  4.327533567522975e-02,  7.597024626234505e-02,  1.177388444968850e-01, -1.454214403526762e-02, -6.839739152268920e-02,  2.779244161999425e-01
  1.570000000000000e+01,  4.439405679593234e-02,  7.602433190543634e-02,  1.173402348193485e-01, -1.420981644767563e-02, -6.704992936693208e-02,  2.796375655073974e-01
  1.571000000000000e+01,  4.457401959432863e-02,  7.509174273628760e-02,  1.170094253557263e-01, -1.381826250056122e-02, -6.705054106017901e-02,  2.805907328346325e-01
  1.572000000000000e+01,  4.535792912416291e-02,  7.609187297956321e-02,  1.172310436716351e-01, -1.327866829229872e-02, -6.833944499744950e-02,  2.795480280722926e-01
  1.573000000000000e+01,  4.606310173009742e-02,  7.602588421481538e-02,  1.170317474468857e-01, -1.282269009271571e-02, -6.782953587283246e-02,  2.809215422751916e-01
  1.574000000000000e+01,  4.683273964614787e-02,  7.559273961928192e-02,  1.170016205359291e-01, -1.212347017362392e-02, -6.847279088143117e-02,  2.811549903194421e-01
  1.575000000000000e+01,  4.705477976010794e-02,  7.583094415796654e-02,  1.167429689017459e-01, -1.166812501507702e-02, -6.931932643012487e-02,  2.815823662540809e-01
  1.576000000000000e+01,  4.742792750278692e-02,  7.591003374177618e-02,  1.168280079973472e-01, -1.140868634364717e-02, -6.859237670825825e-02,  2.835138643005148e-01
  1.577000000000000e+01,  4.853297224722179e-02,  7.652850975034253e-02,  1.171658043045014e-01, -1.052473162708930e-02, -6.837700208080644e-02,  2.846043108498383e-01
  1.578000000000000e+01,  4.937931806435448e-02,  7.555650196563457e-02,  1.197307687794291e-01, -9.838669400338871e-03, -6.932286091108025e-02,  2.806612080693211e-01
  1.579000000000000e+01,  5.103700341797019e-02,  7.612218698434448e-02,  1.194359465282266e-01, -9.824429887484439e-03, -7.025427199359997e-02,  2.811177157877180e-01
  1.580000000000000e+01,  5.110510318135135e-02,  7.825014309792278e-02,  1.179618080954121e-01, -1.065264711574916e-02, -6.916391215217435e-02,  2.857356626589042e-01
  1.581000000000000e+01,  5.058414690143159e-02,  7.846005139285372e-02,  1.180457007735463e-01, -1.085119870388475e-02, -6.973855158509382e-02,  2.855063660879918e-01
  1.582000000000000e+01,  4.940296566179379e-02,  7.787540073582244e-02,  1.190258535302041e-01, -1.083367462510668e-02, -6.969029496231779e-02,  2.857494894255785e-01
  1.583000000000000e+01,  4.849157268871608e-02,  7.821326604809653e-02,  1.199614269263692e-01, -1.124693707468590e-02, -6.953974113778646e-02,  2.862817096135182e-01
  1.584000000000000e+01,  4.680540842349865e-02,  7.875238505018900e-02,  1.222110725373807e-01, -1.206613315326581e-02, -6.919696957231954e-02,  2.857261956950274e-01
  1.585000000000000e+01,  4.567679435355458e-02,  7.895619782781038e-02,  1.243089139106111e-01, -1.229236873238383e-02, -6.973600951432529e-02,  2.833278651736220e-01
  1.586000000000000e+01,  4.581153877017536e-02,  7.978601138340680e-02,  1.260006787317517e-01, -1.212050362393806e-02, -7.005656146457145e-02,  2.813872162938531e-01
  1.587000000000000e+01,  4.628132874859590e-02,  8.021527250056826e-02,  1.280551434942870e-01, -1.200686722601362e-02, -6.998216896637977e-02,  2.795554444152027e-01
  1.588000000000000e+01,  4.648259946617623e-02,  8.118864759895472e-02,  1.305050433264904e-01, -1.212619854392662e-02, -7.038279310782049e-02,  2.773707452111556e-01
  1.589000000000000e+01,  4.719623299888466e-02,  8.187544445874573e-02,  1.331617594469666e-01, -1.190883328565033e-02, -7.012062216407479e-02,  2.743850194441609e-01
  1.590000000000000e+01,  4.894603130772474e-02,  8.222417435859941e-02,  1.351098119625178e-01, -1.135764266529144e-02, -7.027936800941506e-02,  2.723675300390209e-01
  1.591000000000000e+01,  4.954805335562062e-02,  8.350107169493270e-02,  1.360689388016716e-01, -1.198961023443094e-02, -6.981089714088336e-02,  2.732227057930824e-01
  1.592000000000000e+01,  5.045134322639222e-02,  8.459500531336239e-02,  1.370267333174859e-01, -1.140186249245398e-02, -7.026641415478026e-02,  2.724606750134071e-01
  1.593000000000000e+01,  5.081538346491433e-02,  8.616620193389402e-02,  1.380875185820265e-01, -1.111326270934414e-02, -7.070681211583851e-02,  2.714659364953375e-01
  1.594000000000000e+01,  5.043800186639187e-02,  8.716447451256393e-02,  1.401947878627570e-01, -1.074317681556861e-02, -7.093584455728116e-02,  2.700928572141118e-01
  1.595000000000000e+01,  4.956300916651832e-02,  8.824352521907253e-02,  1.415019838423077e-01, -1.016362048029009e-02, -7.068722045625804e-02,  2.691467865976161e-01
  1.596000000000000e+01,  4.889480883540555e-02,  8.981925742481045e-02,  1.424243674348231e-01, -1.013749207295951e-02, -7.115731996533831e-02,  2.682065381978459e-01
  1.597000000000000e+01,  4.807718927195495e-02,  9.115732997599935e-02,  1.436595933250387e-01, -1.054242189147876e-02, -7.105783089715682e-02,  2.683063373606419e-01
  1.598000000000000e+01,  4.832488402385258e-02,  9.231652272297963e-02,  1.457460875090149e-01, -9.992075943285522e-03, -7.196402931602665e-02,  2.669924133449291e-01
  1.599000000000000e+01,  4.785233402960101e-02,  9.367059662839883e-02,  1.458468922253388e-01, -9.739320773506793e-03, -7.216708944255580e-02,  2.680922317513249e-01
  1.600000000000000e+01,  4.618261886479336e-02,  9.498185594005903e-02,  1.452473683439292e-01, -9.766577952304884e-03, -7.311066922970909e-02,  2.684740089095813e-01
  1.601000000000000e+01,  4.479899738117177e-02,  9.645309614702069e-02,  1.443161941023633e-01, -9.824872265064684e-03, -7.471575901969509e-02,  2.668050183362895e-01
