Main.Studies.MarkerTracking.t,Main.Studies.MarkerTracking.JointAngleOutputs.OutputFile_RightLeg.HipFlexion,Main.Studies.MarkerTracking.JointAngleOutputs.OutputFile_RightLeg.HipAbduction,Main.Studies.MarkerTracking.JointAngleOutputs.OutputFile_RightLeg.HipExternalRotation,Main.Studies.MarkerTracking.JointAngleOutputs.OutputFile_RightLeg.KneeFlexion,Main.Studies.MarkerTracking.JointAngleOutputs.OutputFile_RightLeg.AnklePlantarFlexion,Main.Studies.MarkerTracking.JointAngleOutputs.OutputFile_RightLeg.SubTalarEversion
  1.151000000000000e+01, -8.384408639982940e-02,  3.059909199846689e-02, -5.220524432579067e-02, -5.564596478316706e-02, -7.034275572123385e-03,  1.730197393073536e-01
  1.152000000000000e+01, -8.372911360827096e-02,  3.063507810808108e-02, -5.208089127922141e-02, -5.561005223333989e-02, -7.060886072602444e-03,  1.731667676790488e-01
  1.153000000000000e+01, -8.359261198427934e-02,  3.067760658072638e-02, -5.195836972423481e-02, -5.556739752169414e-02, -7.087895614961592e-03,  1.733233484922511e-01
  1.154000000000000e+01, -8.342717014823432e-02,  3.072894779822843e-02, -5.183867138366478e-02, -5.551562359889784e-02, -7.115338566096421e-03,  1.734922817305074e-01
  1.155000000000000e+01, -8.322848696850001e-02,  3.079035347280068e-02, -5.172270190734541e-02, -5.545343662871732e-02, -7.143164147626560e-03,  1.736746825102311e-01
  1.156000000000000e+01, -8.299495366019771e-02,  3.086224527651682e-02, -5.161104997668112e-02, -5.538039318153699e-02, -7.171281298005805e-03,  1.738704748995386e-01
  1.157000000000000e+01, -8.272376851652290e-02,  3.094538581202189e-02, -5.150438893816500e-02, -5.529568429614660e-02, -7.199615794632626e-03,  1.740800107003156e-01
  1.158000000000000e+01, -8.241199589348557e-02,  3.104055217704804e-02, -5.140337111754933e-02, -5.519847271159668e-02, -7.228090614785858e-03,  1.743036135701930e-01
  1.159000000000000e+01, -8.205656804479454e-02,  3.114853953333085e-02, -5.130862937871650e-02, -5.508789932490965e-02, -7.256622785349610e-03,  1.745415726742597e-01
  1.160000000000000e+01, -8.165429205908808e-02,  3.127016547559780e-02, -5.122078355572222e-02, -5.496308988752681e-02, -7.285121031885587e-03,  1.747941421324538e-01
  1.161000000000000e+01, -8.120185498799201e-02,  3.140626653550371e-02, -5.114044582193052e-02, -5.482315748701772e-02, -7.313486845479342e-03,  1.750615407518613e-01
  1.162000000000000e+01, -8.069582138931260e-02,  3.155768300390083e-02, -5.106822602237171e-02, -5.466720368645319e-02, -7.341613649593172e-03,  1.753439522324227e-01
  1.163000000000000e+01, -8.013263177594283e-02,  3.172524509100105e-02, -5.100473835820719e-02, -5.449432233886142e-02, -7.369381290806969e-03,  1.756415254669351e-01
  1.164000000000000e+01, -7.950861144607566e-02,  3.190976943314427e-02, -5.095060262495793e-02, -5.430360549730735e-02, -7.396649071374068e-03,  1.759543696611753e-01
  1.165000000000000e+01, -7.881998460358439e-02,  3.211205776325365e-02, -5.090643917649202e-02, -5.409414960387088e-02, -7.423250087802208e-03,  1.762825472368615e-01
  1.166000000000000e+01, -7.806288455727534e-02,  3.233289154019392e-02, -5.087286380920412e-02, -5.386506020926159e-02, -7.448990744977534e-03,  1.766260682634476e-01
  1.167000000000000e+01, -7.723335785281900e-02,  3.257302321371114e-02, -5.085048680534650e-02, -5.361545237641123e-02, -7.473658222357396e-03,  1.769848853874177e-01
  1.168000000000000e+01, -7.632736721570448e-02,  3.283316405028658e-02, -5.083992140966209e-02, -5.334444767094187e-02, -7.497029545253398e-03,  1.773588947030740e-01
  1.169000000000000e+01, -7.534080265978117e-02,  3.311397241127279e-02, -5.084179950826873e-02, -5.305117701847732e-02, -7.518872362971237e-03,  1.777479415125611e-01
  1.170000000000000e+01, -7.426950462130467e-02,  3.341604724736169e-02, -5.085677706121473e-02, -5.273479560280361e-02, -7.538937082621221e-03,  1.781518158646931e-01
  1.171000000000000e+01, -7.310929281573036e-02,  3.373992379002355e-02, -5.088552031515167e-02, -5.239450199590349e-02, -7.556948007287210e-03,  1.785702314080849e-01
  1.172000000000000e+01, -7.185599339426567e-02,  3.408606611063036e-02, -5.092869431956896e-02, -5.202955115505994e-02, -7.572597555428650e-03,  1.790028036488997e-01
  1.173000000000000e+01, -7.050546591833520e-02,  3.445485582708629e-02, -5.098697407064596e-02, -5.163926170401821e-02, -7.585542220743068e-03,  1.794490439885276e-01
  1.174000000000000e+01, -6.905363881284875e-02,  3.484658055028711e-02, -5.106106072088857e-02, -5.122302450842824e-02, -7.595399762766165e-03,  1.799083567777326e-01
  1.175000000000000e+01, -6.749655720642943e-02,  3.526142838482604e-02, -5.115168272863850e-02, -5.078031616542856e-02, -7.601749319207999e-03,  1.803800249603643e-01
  1.176000000000000e+01, -6.583043895856766e-02,  3.569948903850251e-02, -5.125959424144398e-02, -5.031071584483993e-02, -7.604134188726621e-03,  1.808632008320698e-01
  1.177000000000000e+01, -6.405173155796806e-02,  3.616074800748592e-02, -5.138558414815191e-02, -4.981392186749096e-02, -7.602062845138474e-03,  1.813569122605512e-01
  1.178000000000000e+01, -6.215716523417603e-02,  3.664506416190050e-02, -5.153048812292104e-02, -4.928976681554279e-02, -7.595002964652691e-03,  1.818600671487899e-01
  1.179000000000000e+01, -6.014380089077615e-02,  3.715214132700417e-02, -5.169520419181966e-02, -4.873823212650064e-02, -7.582367610321309e-03,  1.823714534975003e-01
  1.180000000000000e+01, -5.800906963146671e-02,  3.768150510947654e-02, -5.188073188252353e-02, -4.815945815671103e-02, -7.563500051894431e-03,  1.828897546128451e-01
  1.181000000000000e+01, -5.575080563157366e-02,  3.823248464239026e-02, -5.208823039563486e-02, -4.755374738573361e-02, -7.537666398323101e-03,  1.834135774535021e-01
  1.182000000000000e+01, -5.336728176506204e-02,  3.880419918069800e-02, -5.231905773513561e-02, -4.692156915282741e-02, -7.504057924383615e-03,  1.839414671085637e-01
  1.183000000000000e+01, -5.085725308620961e-02,  3.939555259237415e-02, -5.257476715782729e-02, -4.626357433642033e-02, -7.461799436744606e-03,  1.844718871648868e-01
  1.184000000000000e+01, -4.822000768660469e-02,  4.000523565676350e-02, -5.285706888055718e-02, -4.558061957904030e-02, -7.409960703723757e-03,  1.850031669669356e-01
  1.185000000000000e+01, -4.545391713943710e-02,  4.063162994728575e-02, -5.316830924728824e-02, -4.487361985525575e-02, -7.347447152668156e-03,  1.855348949816981e-01
  1.186000000000000e+01, -4.256249241999625e-02,  4.127321345386181e-02, -5.350936099004555e-02, -4.414425194180940e-02, -7.273465620369174e-03,  1.860620937307736e-01
  1.187000000000000e+01, -3.954537242242678e-02,  4.192796921546016e-02, -5.388273135661292e-02, -4.339391146665423e-02, -7.186853555178151e-03,  1.865838665850484e-01
  1.188000000000000e+01, -3.640435648790295e-02,  4.259378236077427e-02, -5.429047205718579e-02, -4.262441140281337e-02, -7.086525696582038e-03,  1.870976495663084e-01
  1.189000000000000e+01, -3.314191093469954e-02,  4.326836232602593e-02, -5.473465761417380e-02, -4.183780820285747e-02, -6.971388760689262e-03,  1.876006329640967e-01
  1.190000000000000e+01, -2.976116250089297e-02,  4.394926366636032e-02, -5.521734526679921e-02, -4.103640054607277e-02, -6.840358876379580e-03,  1.880897599230918e-01
  1.191000000000000e+01, -2.626587707128654e-02,  4.463390467062989e-02, -5.574055278515123e-02, -4.022271750064237e-02, -6.692372180526506e-03,  1.885617420456354e-01
  1.192000000000000e+01, -2.266042650902446e-02,  4.531957879626369e-02, -5.630625107277292e-02, -3.939949605359858e-02, -6.526387383086538e-03,  1.890130984129637e-01
  1.193000000000000e+01, -1.894974955887527e-02,  4.600346300712022e-02, -5.691634838292540e-02, -3.856965687575854e-02, -6.341384628021482e-03,  1.894402069640831e-01
  1.194000000000000e+01, -1.513930155341651e-02,  4.668262775138476e-02, -5.757266342634184e-02, -3.773627962641458e-02, -6.136364027673822e-03,  1.898393596504482e-01
  1.195000000000000e+01, -1.123499263649195e-02,  4.735405257628300e-02, -5.827689644946049e-02, -3.690257380996143e-02, -5.910347158080535e-03,  1.902068185529560e-01
  1.196000000000000e+01, -7.243118323118006e-03,  4.801465045144271e-02, -5.903060019451121e-02, -3.607184263230916e-02, -5.662384518653435e-03,  1.905388671919419e-01
  1.197000000000000e+01, -3.170283051155593e-03,  4.866130182163486e-02, -5.983514741408374e-02, -3.524743834662751e-02, -5.391570266619955e-03,  1.908318468225441e-01
  1.198000000000000e+01,  9.766798738670617e-04,  4.929089243446261e-02, -6.069169534497252e-02, -3.443271098408743e-02, -5.097059448730652e-03,  1.910821771538889e-01
  1.199000000000000e+01,  5.190787339485332e-03,  4.990034670491195e-02, -6.160115541134078e-02, -3.363095809496401e-02, -4.778077134651539e-03,  1.912863745055150e-01
  1.200000000000000e+01,  9.464980332566838e-03,  5.048665667225349e-02, -6.256417419673119e-02, -3.284538365351104e-02, -4.433914627026413e-03,  1.914410763605265e-01
  1.201000000000000e+01,  1.379218946762808e-02,  5.104690864064021e-02, -6.358112879792326e-02, -3.207906475974236e-02, -4.063919025618738e-03,  1.915430770792025e-01
  1.202000000000000e+01,  1.816539459933752e-02,  5.157830816303099e-02, -6.465214046538677e-02, -3.133491804916051e-02, -3.667484925690628e-03,  1.915893749681952e-01
  1.203000000000000e+01,  2.257768009314628e-02,  5.207820584167422e-02, -6.577710239005431e-02, -3.061566609198788e-02, -3.244051261539265e-03,  1.915772216056104e-01
  1.204000000000000e+01,  2.702227653875290e-02,  5.254412283272414e-02, -6.695570393574898e-02, -2.992381339809726e-02, -2.793103716358750e-03,  1.915041644792731e-01
  1.205000000000000e+01,  3.149257906752620e-02,  5.297377196616271e-02, -6.818743293367981e-02, -2.926163646954278e-02, -2.314184974935261e-03,  1.913680740098711e-01
  1.206000000000000e+01,  3.598214907542464e-02,  5.336507400175416e-02, -6.947155880061553e-02, -2.863118176131005e-02, -1.806911688781912e-03,  1.911671498663243e-01
  1.207000000000000e+01,  4.048471600329266e-02,  5.371617067081669e-02, -7.080711340999053e-02, -2.803426349663251e-02, -1.270992207253295e-03,  1.908999138958242e-01
  1.208000000000000e+01,  4.499418474128095e-02,  5.402543375160085e-02, -7.219287811107085e-02, -2.747245851366418e-02, -7.062402028295921e-04,  1.905652020956287e-01
  1.209000000000000e+01,  4.950464513499817e-02,  5.429146972041066e-02, -7.362737991982714e-02, -2.694709757970217e-02, -1.125851591547088e-04,  1.901621652294815e-01
  1.210000000000000e+01,  5.401038558552421e-02,  5.451312404872155e-02, -7.510889502562082e-02, -2.645924995818921e-02,  5.099104376920368e-04,  1.896902702071825e-01
  1.211000000000000e+01,  5.850591241163044e-02,  5.468948804458718e-02, -7.663545107987726e-02, -2.600970106956621e-02,  1.161020083158505e-03,  1.891492844494043e-01
  1.212000000000000e+01,  6.298596633252054e-02,  5.481990455945840e-02, -7.820483280455671e-02, -2.559893444685394e-02,  1.840323557419837e-03,  1.885392552511460e-01
  1.213000000000000e+01,  6.744552668397166e-02,  5.490396918672968e-02, -7.981460433351571e-02, -2.522712913802317e-02,  2.547199187665395e-03,  1.878605093936248e-01
  1.214000000000000e+01,  7.187980490560129e-02,  5.494152947520425e-02, -8.146214737457516e-02, -2.489416741749979e-02,  3.280830412624888e-03,  1.871136680371843e-01
  1.215000000000000e+01,  7.628423598282839e-02,  5.493268553560338e-02, -8.314470547060536e-02, -2.459964066439093e-02,  4.040205824558078e-03,  1.862996593753125e-01
  1.216000000000000e+01,  8.065447359415530e-02,  5.487779195291620e-02, -8.485942929270018e-02, -2.434285007888248e-02,  4.824108715185933e-03,  1.854197223059867e-01
  1.217000000000000e+01,  8.498638699294270e-02,  5.477745807822565e-02, -8.660342144170831e-02, -2.412280791272889e-02,  5.631105532325941e-03,  1.844753991136280e-01
  1.218000000000000e+01,  8.927605589818258e-02,  5.463254167708631e-02, -8.837377680261292e-02, -2.393824713943052e-02,  6.459543443549933e-03,  1.834685204035758e-01
  1.219000000000000e+01,  9.351976709298633e-02,  5.444413329279518e-02, -9.016761473578959e-02, -2.378764361841213e-02,  7.307562674865678e-03,  1.824011919293171e-01
  1.220000000000000e+01,  9.771401641813544e-02,  5.421353612446822e-02, -9.198211278194363e-02, -2.366925038899626e-02,  8.173126157702278e-03,  1.812757971199196e-01
  1.221000000000000e+01,  1.018555083574465e-01,  5.394224885035270e-02, -9.381455224951110e-02, -2.358114227390309e-02,  9.054063434612899e-03,  1.800950219926872e-01
  1.222000000000000e+01,  1.059411438143118e-01,  5.363195344453398e-02, -9.566235166972777e-02, -2.352126796673842e-02,  9.948113534273752e-03,  1.788618776212972e-01
  1.223000000000000e+01,  1.099679971232014e-01,  5.328450449960820e-02, -9.752305068115760e-02, -2.348750518400838e-02,  1.085295103288960e-02,  1.775796827404646e-01
  1.224000000000000e+01,  1.139332877971748e-01,  5.290191639437514e-02, -9.939425136003729e-02, -2.347771605052457e-02,  1.176619727903686e-02,  1.762520064997920e-01
  1.225000000000000e+01,  1.178343536424154e-01,  5.248634474973413e-02, -1.012735651450149e-01, -2.348980175356760e-02,  1.268543442520550e-02,  1.748826091136459e-01
  1.226000000000000e+01,  1.216686323600298e-01,  5.204005930632549e-02, -1.031585954199599e-01, -2.352175289266024e-02,  1.360823512088469e-02,  1.734754084318487e-01
  1.227000000000000e+01,  1.254336462202695e-01,  5.156541660187819e-02, -1.050469330055811e-01, -2.357169538811861e-02,  1.453220164128742e-02,  1.720344553122806e-01
  1.228000000000000e+01,  1.291269789638793e-01,  5.106484674499567e-02, -1.069361351213420e-01, -2.363793517214250e-02,  1.545500082922789e-02,  1.705638894305619e-01
  1.229000000000000e+01,  1.327462497974279e-01,  5.054085404149222e-02, -1.088237015295459e-01, -2.371899699745221e-02,  1.637439046513036e-02,  1.690678840366987e-01
  1.230000000000000e+01,  1.362890947241567e-01,  4.999601954511856e-02, -1.107070693601219e-01, -2.381365194634057e-02,  1.728823933003399e-02,  1.675506012238308e-01
  1.231000000000000e+01,  1.397531559995946e-01,  4.943299837119342e-02, -1.125836203673435e-01, -2.392093504826346e-02,  1.819454054281568e-02,  1.660161563021112e-01
  1.232000000000000e+01,  1.431360766309302e-01,  4.885451120342954e-02, -1.144506876192533e-01, -2.404015297275619e-02,  1.909141444863371e-02,  1.644685802025680e-01
  1.233000000000000e+01,  1.464354990453172e-01,  4.826332936160371e-02, -1.163055619038530e-01, -2.417087895191970e-02,  1.997710208605950e-02,  1.629117864772355e-01
  1.234000000000000e+01,  1.496490707638035e-01,  4.766225412642267e-02, -1.181455037518934e-01, -2.431293516268045e-02,  2.084995692927320e-02,  1.613495538149965e-01
  1.235000000000000e+01,  1.527744579274949e-01,  4.705409531218385e-02, -1.199677610330482e-01, -2.446636739575154e-02,  2.170843863718556e-02,  1.597855153799446e-01
  1.236000000000000e+01,  1.558093615140379e-01,  4.644165232547492e-02, -1.217695876676016e-01, -2.463141731991724e-02,  2.255110580554235e-02,  1.582231435918752e-01
  1.237000000000000e+01,  1.587515332760895e-01,  4.582769533598952e-02, -1.235482603377406e-01, -2.480849211404001e-02,  2.337660585685797e-02,  1.566657324168246e-01
  1.238000000000000e+01,  1.615987920520494e-01,  4.521494030164486e-02, -1.253011002359428e-01, -2.499812568485317e-02,  2.418366186103569e-02,  1.551163968207255e-01
  1.239000000000000e+01,  1.643490396864521e-01,  4.460601513131235e-02, -1.270255129097963e-01, -2.520092950353929e-02,  2.497105720863157e-02,  1.535781106380520e-01
  1.240000000000000e+01,  1.670002804377606e-01,  4.400342618460518e-02, -1.287190385597526e-01, -2.541754268193479e-02,  2.573762490759133e-02,  1.520537579641506e-01
  1.241000000000000e+01,  1.695506536554227e-01,  4.340953509836321e-02, -1.303793913144620e-01, -2.564859195791376e-02,  2.648224847548336e-02,  1.505461520838491e-01
  1.242000000000000e+01,  1.719984792091255e-01,  4.282654407463626e-02, -1.320044837959375e-01, -2.589466080703479e-02,  2.720387166401041e-02,  1.490580243892391e-01
  1.243000000000000e+01,  1.743422986821045e-01,  4.225648655233716e-02, -1.335924412476197e-01, -2.615626359833747e-02,  2.790150891109477e-02,  1.475920094688469e-01
  1.244000000000000e+01,  1.765808987092574e-01,  4.170122465234138e-02, -1.351416066023899e-01, -2.643382527798327e-02,  2.857425221605428e-02,  1.461506329811468e-01
  1.245000000000000e+01,  1.787133186267670e-01,  4.116244716202533e-02, -1.366505402217088e-01, -2.672766875643800e-02,  2.922127492613626e-02,  1.447363029611210e-01
  1.246000000000000e+01,  1.807388484727908e-01,  4.064165490873051e-02, -1.381180136819176e-01, -2.703801228642906e-02,  2.984183634723968e-02,  1.433513097572736e-01
  1.247000000000000e+01,  1.826570156561026e-01,  4.014013566010433e-02, -1.395429947975813e-01, -2.736497746339611e-02,  3.043528881385260e-02,  1.419978336402191e-01
  1.248000000000000e+01,  1.844675542726700e-01,  3.965895034535838e-02, -1.409246202983238e-01, -2.770860600877826e-02,  3.100108106463416e-02,  1.406779443780636e-01
  1.249000000000000e+01,  1.861703638516176e-01,  3.919894017298797e-02, -1.422621578364979e-01, -2.806887962457275e-02,  3.153875435080971e-02,  1.393935842056842e-01
  1.250000000000000e+01,  1.877654808693300e-01,  3.876073928766788e-02, -1.435549745097059e-01, -2.844573240152246e-02,  3.204793561261973e-02,  1.381465508440549e-01
  1.251000000000000e+01,  1.892530796334563e-01,  3.834478063664748e-02, -1.448025240945421e-01, -2.883905040516382e-02,  3.252833171315257e-02,  1.369384936891344e-01
  1.252000000000000e+01,  1.906334941239099e-01,  3.795129944041564e-02, -1.460043439670794e-01, -2.924866620458003e-02,  3.297972801436645e-02,  1.357709123514485e-01
  1.253000000000000e+01,  1.919072341316198e-01,  3.758034129458077e-02, -1.471600510383544e-01, -2.967435857240950e-02,  3.340199269865556e-02,  1.346451483182292e-01
  1.254000000000000e+01,  1.930749857701223e-01,  3.723177616926998e-02, -1.482693402828399e-01, -3.011585484865138e-02,  3.379508133786010e-02,  1.335623793769183e-01
  1.255000000000000e+01,  1.941376190556795e-01,  3.690531623748128e-02, -1.493319936211278e-01, -3.057282354862461e-02,  3.415903516600720e-02,  1.325236265476567e-01
  1.256000000000000e+01,  1.950962124540389e-01,  3.660053296972610e-02, -1.503478947593608e-01, -3.104485671034824e-02,  3.449397715817292e-02,  1.315297704708482e-01
  1.257000000000000e+01,  1.959520693660717e-01,  3.631686961622638e-02, -1.513170331909239e-01, -3.153146043288397e-02,  3.480011565955243e-02,  1.305815602175263e-01
  1.258000000000000e+01,  1.967067078888834e-01,  3.605365040576514e-02, -1.522394898481657e-01, -3.203206534451526e-02,  3.507775276115981e-02,  1.296795979398132e-01
  1.259000000000000e+01,  1.973618357468251e-01,  3.581008839531874e-02, -1.531154199567235e-01, -3.254604543763202e-02,  3.532728951941957e-02,  1.288243146127254e-01
  1.260000000000000e+01,  1.979193345307136e-01,  3.558529173626512e-02, -1.539450491925143e-01, -3.307272663195366e-02,  3.554923024910635e-02,  1.280159676948620e-01
  1.261000000000000e+01,  1.983812616746461e-01,  3.537827165002572e-02, -1.547286757757033e-01, -3.361138108864742e-02,  3.574418540643833e-02,  1.272546594570148e-01
  1.262000000000000e+01,  1.987498544141329e-01,  3.518795590962642e-02, -1.554666637545324e-01, -3.416121879483414e-02,  3.591286530128682e-02,  1.265403508943497e-01
  1.263000000000000e+01,  1.990275180107602e-01,  3.501320579799438e-02, -1.561594279158825e-01, -3.472138579668919e-02,  3.605606413925328e-02,  1.258728624618378e-01
  1.264000000000000e+01,  1.992168038055398e-01,  3.485283490780988e-02, -1.568074179331294e-01, -3.529096643460965e-02,  3.617464177192169e-02,  1.252518695058868e-01
  1.265000000000000e+01,  1.993203974549403e-01,  3.470562916777453e-02, -1.574111061455828e-01, -3.586898144091846e-02,  3.626950748398825e-02,  1.246768999543720e-01
  1.266000000000000e+01,  1.993411233911657e-01,  3.457036256997004e-02, -1.579709814386816e-01, -3.645437900954969e-02,  3.634160420419966e-02,  1.241473409816176e-01
  1.267000000000000e+01,  1.992819537707262e-01,  3.444580626942750e-02, -1.584875471881169e-01, -3.704602480391355e-02,  3.639189284346726e-02,  1.236624553702540e-01
  1.268000000000000e+01,  1.991460096776499e-01,  3.433073647812201e-02, -1.589613189063996e-01, -3.764269760353526e-02,  3.642133966493888e-02,  1.232214014151815e-01
  1.269000000000000e+01,  1.989365488353807e-01,  3.422394459394429e-02, -1.593928218893610e-01, -3.824309154193260e-02,  3.643090765523928e-02,  1.228232538843352e-01
  1.270000000000000e+01,  1.986569417610960e-01,  3.412424763743194e-02, -1.597825903593091e-01, -3.884582366116574e-02,  3.642155178022755e-02,  1.224670247123939e-01
  1.271000000000000e+01,  1.983106442721462e-01,  3.403049604459452e-02, -1.601311654994611e-01, -3.944944697778934e-02,  3.639421814758974e-02,  1.221516799271411e-01
  1.272000000000000e+01,  1.979011711481182e-01,  3.394157840879819e-02, -1.604390896643110e-01, -4.005246966567406e-02,  3.634984480974099e-02,  1.218761538300581e-01
  1.273000000000000e+01,  1.974320722606669e-01,  3.385642819123835e-02, -1.607068980832749e-01, -4.065337874462220e-02,  3.628936152271114e-02,  1.216393615661825e-01
  1.274000000000000e+01,  1.969069127707934e-01,  3.377403741078600e-02, -1.609351111647169e-01, -4.125066559748986e-02,  3.621368811211065e-02,  1.214402064203652e-01
  1.275000000000000e+01,  1.963292534239692e-01,  3.369347330164518e-02, -1.611242297464780e-01, -4.184285229183920e-02,  3.612373161305690e-02,  1.212775855370324e-01
  1.276000000000000e+01,  1.957026253291162e-01,  3.361389141231408e-02, -1.612747331740634e-01, -4.242851764411035e-02,  3.602038213981773e-02,  1.211504055688049e-01
  1.277000000000000e+01,  1.950305030515440e-01,  3.353454663613586e-02, -1.613870769162361e-01, -4.300632132794602e-02,  3.590450871097653e-02,  1.210576050857789e-01
  1.278000000000000e+01,  1.943162846388436e-01,  3.345480581698812e-02, -1.614616880037888e-01, -4.357502548410217e-02,  3.577695646919037e-02,  1.209981665165719e-01
  1.279000000000000e+01,  1.935632797475285e-01,  3.337415843298297e-02, -1.614989596680940e-01, -4.413351337670469e-02,  3.563854526262905e-02,  1.209711154430820e-01
  1.280000000000000e+01,  1.927746987534896e-01,  3.329221822597228e-02, -1.614992463789496e-01, -4.468080257672777e-02,  3.549006740287030e-02,  1.209755208249392e-01
  1.281000000000000e+01,  1.919536394618330e-01,  3.320871376597023e-02, -1.614628633021778e-01, -4.521604876896569e-02,  3.533228118390623e-02,  1.210105044042083e-01
  1.282000000000000e+01,  1.911030754670878e-01,  3.312347296395046e-02, -1.613900980920187e-01, -4.573853848433748e-02,  3.516589849670975e-02,  1.210752615018597e-01
  1.283000000000000e+01,  1.902258449017560e-01,  3.303640881232983e-02, -1.612812372539985e-01, -4.624767488756064e-02,  3.499156980420994e-02,  1.211690915303901e-01
  1.284000000000000e+01,  1.893246371734792e-01,  3.294751200875390e-02, -1.611365896122967e-01, -4.674296709119310e-02,  3.480987596402484e-02,  1.212914186259171e-01
  1.285000000000000e+01,  1.884019895638895e-01,  3.285685432032293e-02, -1.609564789599526e-01, -4.722403184977570e-02,  3.462133432447371e-02,  1.214417704147767e-01
  1.286000000000000e+01,  1.874603011656192e-01,  3.276460028878914e-02, -1.607412098649721e-01, -4.769060260968605e-02,  3.442641224287311e-02,  1.216197193468717e-01
  1.287000000000000e+01,  1.865018512374417e-01,  3.267101606669631e-02, -1.604910456628600e-01, -4.814253113212161e-02,  3.422553624448254e-02,  1.218248347040083e-01
  1.288000000000000e+01,  1.855288136520193e-01,  3.257646726252506e-02, -1.602062197419984e-01, -4.857977397918523e-02,  3.401909768214351e-02,  1.220566715360661e-01
  1.289000000000000e+01,  1.845437160333283e-01,  3.248148665714612e-02, -1.598870867685405e-01, -4.900218625613104e-02,  3.380745042585739e-02,  1.223150051977904e-01
  1.290000000000000e+01,  1.835476790439028e-01,  3.238643082003301e-02, -1.595336584537141e-01, -4.941021388166992e-02,  3.359095984820896e-02,  1.225989543120370e-01
  1.291000000000000e+01,  1.825431246548768e-01,  3.229195066642676e-02, -1.591463727327737e-01, -4.980377210061984e-02,  3.336993623971308e-02,  1.229083964620258e-01
  1.292000000000000e+01,  1.815319377091071e-01,  3.219864958236118e-02, -1.587255715117322e-01, -5.018299322176370e-02,  3.314468906077047e-02,  1.232430186529257e-01
  1.293000000000000e+01,  1.805159123963531e-01,  3.210715300078570e-02, -1.582716288464452e-01, -5.054804432016726e-02,  3.291551382233656e-02,  1.236025445168842e-01
  1.294000000000000e+01,  1.794967497733782e-01,  3.201809977698677e-02, -1.577849544840877e-01, -5.089912936102969e-02,  3.268269454074990e-02,  1.239867191731103e-01
  1.295000000000000e+01,  1.784760525136250e-01,  3.193213392805183e-02, -1.572659872584617e-01, -5.123649277011727e-02,  3.244650887079523e-02,  1.243952873777003e-01
  1.296000000000000e+01,  1.774553161960684e-01,  3.184990272741417e-02, -1.567151766916517e-01, -5.156042537335571e-02,  3.220723328024470e-02,  1.248279643914589e-01
  1.297000000000000e+01,  1.764359212439970e-01,  3.177205952688711e-02, -1.561329684360398e-01, -5.187126649391030e-02,  3.196514357792891e-02,  1.252844164511604e-01
  1.298000000000000e+01,  1.754191285610100e-01,  3.169926469853102e-02, -1.555197997210251e-01, -5.216940000980515e-02,  3.172051216539660e-02,  1.257642581380819e-01
  1.299000000000000e+01,  1.744060771311551e-01,  3.163218074152940e-02, -1.548760988779225e-01, -5.245524793707123e-02,  3.147360531834605e-02,  1.262670553366637e-01
  1.300000000000000e+01,  1.733977803920393e-01,  3.157146377928188e-02, -1.542022867919449e-01, -5.272926345875494e-02,  3.122468023621971e-02,  1.267923251005966e-01
  1.301000000000000e+01,  1.723951209501897e-01,  3.151775517425692e-02, -1.534987830921190e-01, -5.299192386825724e-02,  3.097398252517987e-02,  1.273395318423349e-01
  1.302000000000000e+01,  1.713988417007332e-01,  3.147167224745440e-02, -1.527660182228198e-01, -5.324372882097983e-02,  3.072174871700974e-02,  1.279080870759629e-01
  1.303000000000000e+01,  1.704095335875174e-01,  3.143379672019031e-02, -1.520044464439910e-01, -5.348520602651793e-02,  3.046821281423364e-02,  1.284973608032050e-01
  1.304000000000000e+01,  1.694276249670300e-01,  3.140466586393065e-02, -1.512145499544683e-01, -5.371691819081233e-02,  3.021360956471810e-02,  1.291066948682779e-01
  1.305000000000000e+01,  1.684533743521199e-01,  3.138476866018647e-02, -1.503968324845615e-01, -5.393946769131374e-02,  2.995817521642920e-02,  1.297354068086123e-01
  1.306000000000000e+01,  1.674868644285132e-01,  3.137454151212427e-02, -1.495518117990874e-01, -5.415350125899679e-02,  2.970215247250918e-02,  1.303827907602317e-01
  1.307000000000000e+01,  1.665279953270881e-01,  3.137436154610462e-02, -1.486800141433213e-01, -5.435971688984900e-02,  2.944580048469354e-02,  1.310481201928874e-01
  1.308000000000000e+01,  1.655764781874749e-01,  3.138454151512793e-02, -1.477819658699885e-01, -5.455887109475462e-02,  2.918940583851942e-02,  1.317306464726148e-01
  1.309000000000000e+01,  1.646318373193791e-01,  3.140533020495262e-02, -1.468581857073654e-01, -5.475177911202331e-02,  2.893328842917478e-02,  1.324295902199038e-01
  1.310000000000000e+01,  1.636934261384166e-01,  3.143691816057070e-02, -1.459091849022900e-01, -5.493930407317782e-02,  2.867779792329712e-02,  1.331441318275939e-01
  1.311000000000000e+01,  1.627604459107108e-01,  3.147944219067322e-02, -1.449354742410314e-01, -5.512234262867607e-02,  2.842330626908288e-02,  1.338734107340496e-01
  1.312000000000000e+01,  1.618319565285698e-01,  3.153298311915842e-02, -1.439375727174420e-01, -5.530181517603352e-02,  2.817020663353028e-02,  1.346165326355268e-01
  1.313000000000000e+01,  1.609068833894841e-01,  3.159755984568990e-02, -1.429160140377681e-01, -5.547865890352591e-02,  2.791891837786968e-02,  1.353725757376741e-01
  1.314000000000000e+01,  1.599839802578899e-01,  3.167322256910166e-02, -1.418715230599223e-01, -5.565381821116472e-02,  2.766978938242100e-02,  1.361409458270944e-01
  1.315000000000000e+01,  1.590620241306264e-01,  3.175967118958245e-02, -1.408043212214130e-01, -5.582823113028033e-02,  2.742344956699532e-02,  1.369199857593790e-01
  1.316000000000000e+01,  1.581395439741880e-01,  3.185682678423851e-02, -1.397151368656479e-01, -5.600282755216562e-02,  2.718023684152037e-02,  1.377090427483860e-01
  1.317000000000000e+01,  1.572150246862760e-01,  3.196446267790920e-02, -1.386045258766039e-01, -5.617850903469193e-02,  2.694054126018448e-02,  1.385071097043491e-01
  1.318000000000000e+01,  1.562868683865549e-01,  3.208230095433828e-02, -1.374730309511301e-01, -5.635614477410503e-02,  2.670471190141653e-02,  1.393131584784473e-01
  1.319000000000000e+01,  1.553534089569175e-01,  3.221001709563542e-02, -1.363211763848043e-01, -5.653656039423144e-02,  2.647305655240018e-02,  1.401261344006568e-01
  1.320000000000000e+01,  1.544129324907379e-01,  3.234724209603246e-02, -1.351494641919138e-01, -5.672052407921961e-02,  2.624584524528059e-02,  1.409449571514216e-01
  1.321000000000000e+01,  1.534636997111182e-01,  3.249356426955652e-02, -1.339583775978870e-01, -5.690873412328023e-02,  2.602331321082032e-02,  1.417685363978030e-01
  1.322000000000000e+01,  1.525039692038112e-01,  3.264853366614973e-02, -1.327483904283459e-01, -5.710180734028277e-02,  2.580565865051103e-02,  1.425957873620819e-01
  1.323000000000000e+01,  1.515320203019133e-01,  3.281166946614333e-02, -1.315199745815028e-01, -5.730026748617388e-02,  2.559303626653807e-02,  1.434256279803456e-01
  1.324000000000000e+01,  1.505461672158477e-01,  3.298246692704176e-02, -1.302736007218329e-01, -5.750454045482209e-02,  2.538555291186331e-02,  1.442569672709771e-01
  1.325000000000000e+01,  1.495447587676335e-01,  3.316039989328301e-02, -1.290097330577462e-01, -5.771496053374207e-02,  2.518327096816448e-02,  1.450887045832388e-01
  1.326000000000000e+01,  1.485261710869517e-01,  3.334492024094815e-02, -1.277288230662814e-01, -5.793178054923159e-02,  2.498621619492046e-02,  1.459197375113113e-01
  1.327000000000000e+01,  1.474888061154599e-01,  3.353545847721384e-02, -1.264313061361129e-01, -5.815517605766979e-02,  2.479438265837984e-02,  1.467489652839564e-01
  1.328000000000000e+01,  1.464311030084477e-01,  3.373142668203810e-02, -1.251176011024461e-01, -5.838524203309766e-02,  2.460773377573147e-02,  1.475752869529742e-01
  1.329000000000000e+01,  1.453515573329278e-01,  3.393222244227756e-02, -1.237881127653117e-01, -5.862198917198612e-02,  2.442620281803122e-02,  1.483976034578358e-01
  1.330000000000000e+01,  1.442487375485891e-01,  3.413723128581059e-02, -1.224432388293920e-01, -5.886534526703222e-02,  2.424969475551023e-02,  1.492148294798202e-01
  1.331000000000000e+01,  1.431212966657950e-01,  3.434582503670036e-02, -1.210833810751963e-01, -5.911515873779592e-02,  2.407809090185080e-02,  1.500259155359661e-01
  1.332000000000000e+01,  1.419679824211230e-01,  3.455735737554044e-02, -1.197089618156574e-01, -5.937120110304289e-02,  2.391125920328654e-02,  1.508298785085117e-01
  1.333000000000000e+01,  1.407876437314952e-01,  3.477116107382838e-02, -1.183204412528525e-01, -5.963317116648310e-02,  2.374906731366546e-02,  1.516258294516282e-01
  1.334000000000000e+01,  1.395792287536137e-01,  3.498654766932452e-02, -1.169183205220541e-01, -5.990070356836284e-02,  2.359138780035654e-02,  1.524129839213981e-01
  1.335000000000000e+01,  1.383417769598688e-01,  3.520280584371727e-02, -1.155031331574705e-01, -6.017337893397093e-02,  2.343809519897258e-02,  1.531906611740325e-01
  1.336000000000000e+01,  1.370744122225062e-01,  3.541919465988763e-02, -1.140754502461800e-01, -6.045073085054803e-02,  2.328906790814009e-02,  1.539582910151776e-01
  1.337000000000000e+01,  1.357763395113098e-01,  3.563493303913923e-02, -1.126359008584855e-01, -6.073224968844051e-02,  2.314419941772727e-02,  1.547154274945216e-01
  1.338000000000000e+01,  1.344468405077648e-01,  3.584919528679253e-02, -1.111851794292908e-01, -6.101739072842884e-02,  2.300341183178707e-02,  1.554617512814205e-01
  1.339000000000000e+01,  1.330852642303438e-01,  3.606111880477036e-02, -1.097240284374191e-01, -6.130559092824196e-02,  2.286666437425294e-02,  1.561970566237599e-01
  1.340000000000000e+01,  1.316910193127759e-01,  3.626981504452220e-02, -1.082532194453953e-01, -6.159628345689217e-02,  2.273395238616205e-02,  1.569212450973153e-01
  1.341000000000000e+01,  1.302635752756708e-01,  3.647437293979827e-02, -1.067735534624582e-01, -6.188889848052088e-02,  2.260529948997964e-02,  1.576343430843045e-01
  1.342000000000000e+01,  1.288024688396187e-01,  3.667385698231018e-02, -1.052858690565480e-01, -6.218285690850830e-02,  2.248075105800031e-02,  1.583365254972653e-01
  1.343000000000000e+01,  1.273073074091074e-01,  3.686730865662646e-02, -1.037910344568150e-01, -6.247757079088585e-02,  2.236037074647873e-02,  1.590281170580682e-01
  1.344000000000000e+01,  1.257777670901097e-01,  3.705375509021236e-02, -1.022899180563631e-01, -6.277245421093609e-02,  2.224423606948311e-02,  1.597095666278655e-01
  1.345000000000000e+01,  1.242135901132193e-01,  3.723222182831565e-02, -1.007833532343613e-01, -6.306693905220231e-02,  2.213243283777860e-02,  1.603814139142084e-01
  1.346000000000000e+01,  1.226145892453268e-01,  3.740174490441772e-02, -9.927211533713985e-02, -6.336048858863570e-02,  2.202505047216223e-02,  1.610442653460712e-01
  1.347000000000000e+01,  1.209806585119231e-01,  3.756138310420387e-02, -9.775691029062372e-02, -6.365260935710469e-02,  2.192217861621961e-02,  1.616987749514620e-01
  1.348000000000000e+01,  1.193117828274050e-01,  3.771023521039285e-02, -9.623836333965333e-02, -6.394286746857811e-02,  2.182390666470810e-02,  1.623456221077478e-01
  1.349000000000000e+01,  1.176080477830947e-01,  3.784745917575916e-02, -9.471700880198543e-02, -6.423090479404199e-02,  2.173032764335175e-02,  1.629854973959815e-01
  1.350000000000000e+01,  1.158696553721659e-01,  3.797228537783770e-02, -9.319329066046218e-02, -6.451644323791847e-02,  2.164154405061842e-02,  1.636191067133605e-01
  1.351000000000000e+01,  1.140969395231489e-01,  3.808402634206187e-02, -9.166757178644819e-02, -6.479927847221198e-02,  2.155766980822845e-02,  1.642471799680367e-01
  1.352000000000000e+01,  1.122903757361566e-01,  3.818208959330094e-02, -9.014014232584601e-02, -6.507926978944061e-02,  2.147882371243771e-02,  1.648704741288432e-01
  1.353000000000000e+01,  1.104504157031643e-01,  3.826596715748987e-02, -8.861130302429528e-02, -6.535634648680759e-02,  2.140500693449954e-02,  1.654898580177376e-01
  1.354000000000000e+01,  1.085782189801505e-01,  3.833531334584772e-02, -8.708104208575362e-02, -6.563041528552396e-02,  2.133655084319999e-02,  1.661060083998553e-01
  1.355000000000000e+01,  1.066746065756034e-01,  3.838983082485492e-02, -8.554952233685528e-02, -6.590147004293348e-02,  2.127344180041902e-02,  1.667199128483652e-01
  1.356000000000000e+01,  1.047407946994318e-01,  3.842932378492203e-02, -8.401675525209133e-02, -6.616951092211654e-02,  2.121577781449780e-02,  1.673325433228092e-01
  1.357000000000000e+01,  1.027782307429876e-01,  3.845367982470260e-02, -8.248268403333590e-02, -6.643456419718745e-02,  2.116366669252516e-02,  1.679449242319000e-01
  1.358000000000000e+01,  1.007886095575806e-01,  3.846287138469484e-02, -8.094718813718355e-02, -6.669668207713142e-02,  2.111723867056238e-02,  1.685581092493869e-01
  1.359000000000000e+01,  9.877380285399610e-02,  3.845700332654345e-02, -7.941013511381440e-02, -6.695595146292233e-02,  2.107659871870255e-02,  1.691731991700497e-01
  1.360000000000000e+01,  9.673619074018683e-02,  3.843612826169451e-02, -7.787122082974000e-02, -6.721246352242077e-02,  2.104205637745724e-02,  1.697911643329302e-01
  1.361000000000000e+01,  9.467813466966681e-02,  3.840050267835160e-02, -7.633022465305769e-02, -6.746637019309605e-02,  2.101380199712721e-02,  1.704130444530745e-01
  1.362000000000000e+01,  9.260230832581243e-02,  3.835040402938161e-02, -7.478685484244890e-02, -6.771785647793988e-02,  2.099212358939509e-02,  1.710397764560011e-01
  1.363000000000000e+01,  9.051159764447565e-02,  3.828616045450461e-02, -7.324079272011297e-02, -6.796714888914593e-02,  2.097735986850279e-02,  1.716722097133193e-01
  1.364000000000000e+01,  8.840910099640946e-02,  3.820813975073123e-02, -7.169170092926880e-02, -6.821451209443326e-02,  2.096990588556177e-02,  1.723110970241165e-01
  1.365000000000000e+01,  8.629813647998055e-02,  3.811673930204362e-02, -7.013923339261051e-02, -6.846024318699086e-02,  2.097021267028178e-02,  1.729570899921258e-01
  1.366000000000000e+01,  8.418226395151662e-02,  3.801232692056478e-02, -6.858298175727419e-02, -6.870465092834155e-02,  2.097885726574483e-02,  1.736106743261082e-01
  1.367000000000000e+01,  8.206520900456546e-02,  3.789542562135972e-02, -6.702273484567635e-02, -6.894809040280775e-02,  2.099620222431115e-02,  1.742724158484249e-01
  1.368000000000000e+01,  7.995095944240367e-02,  3.776639801576498e-02, -6.545810488462595e-02, -6.919088643029624e-02,  2.102287132819409e-02,  1.749425855729185e-01
  1.369000000000000e+01,  7.784368187506167e-02,  3.762563313221512e-02, -6.388878773952361e-02, -6.943337254219450e-02,  2.105941536218337e-02,  1.756214109980719e-01
  1.370000000000000e+01,  7.574774239299988e-02,  3.747348661667238e-02, -6.231450269718208e-02, -6.967587428634142e-02,  2.110638730860800e-02,  1.763090135317642e-01
  1.371000000000000e+01,  7.366771277405809e-02,  3.731028151432736e-02, -6.073499316724895e-02, -6.991869669678855e-02,  2.116433041282589e-02,  1.770054088296694e-01
  1.372000000000000e+01,  7.160837875099423e-02,  3.713631794235317e-02, -5.915003251440169e-02, -7.016210274015620e-02,  2.123375719859311e-02,  1.777105127654492e-01
  1.373000000000000e+01,  6.957509853495625e-02,  3.695182548209375e-02, -5.755938206398891e-02, -7.040625720531624e-02,  2.131520550534192e-02,  1.784240903354301e-01
  1.374000000000000e+01,  6.757232837120981e-02,  3.675723631660111e-02, -5.596303443196057e-02, -7.065134734199451e-02,  2.140893454014061e-02,  1.791460254895107e-01
  1.375000000000000e+01,  6.560583408019292e-02,  3.655283139734800e-02, -5.436092952363488e-02, -7.089736715358151e-02,  2.151533718938116e-02,  1.798759987293181e-01
  1.376000000000000e+01,  6.368116690601082e-02,  3.633897617982429e-02, -5.275316891998629e-02, -7.114423715691234e-02,  2.163468207930488e-02,  1.806137225725775e-01
  1.377000000000000e+01,  6.180404863984902e-02,  3.611606562011827e-02, -5.113998573906711e-02, -7.139175962496618e-02,  2.176719103393405e-02,  1.813589141355793e-01
  1.378000000000000e+01,  5.998038516013172e-02,  3.588451602882015e-02, -4.952175765832049e-02, -7.163960349992644e-02,  2.191305141990579e-02,  1.821113221164607e-01
  1.379000000000000e+01,  5.821626847658017e-02,  3.564475115981036e-02, -4.789901896347296e-02, -7.188729127212054e-02,  2.207241500424060e-02,  1.828707496257677e-01
  1.380000000000000e+01,  5.651794987878505e-02,  3.539718896231303e-02, -4.627246040219804e-02, -7.213419878720258e-02,  2.224539406892869e-02,  1.836370537969836e-01
  1.381000000000000e+01,  5.489179996947036e-02,  3.514223235682579e-02, -4.464291387183437e-02, -7.237956764810097e-02,  2.243206507540765e-02,  1.844101263179340e-01
  1.382000000000000e+01,  5.334427689341220e-02,  3.488026139456735e-02, -4.301133167107737e-02, -7.262252062839614e-02,  2.263247720244923e-02,  1.851898752671423e-01
  1.383000000000000e+01,  5.188190499973900e-02,  3.461162628000380e-02, -4.137877489456928e-02, -7.286207263499293e-02,  2.284665673686315e-02,  1.859762254588849e-01
  1.384000000000000e+01,  5.051125388481816e-02,  3.433664327211527e-02, -3.974641287367915e-02, -7.309713888579752e-02,  2.307460430762887e-02,  1.867691364057322e-01
  1.385000000000000e+01,  4.923890081899468e-02,  3.405559464466101e-02, -3.811552061793150e-02, -7.332655216191571e-02,  2.331629546797364e-02,  1.875686150921503e-01
  1.386000000000000e+01,  4.807136808069612e-02,  3.376873458017360e-02, -3.648746293926889e-02, -7.354909536850754e-02,  2.357169249354653e-02,  1.883747021353832e-01
  1.387000000000000e+01,  4.701504562446579e-02,  3.347630086839670e-02, -3.486365852919038e-02, -7.376354014503557e-02,  2.384075627887831e-02,  1.891874274623378e-01
  1.388000000000000e+01,  4.607611815377184e-02,  3.317852492123929e-02, -3.324553204600966e-02, -7.396867682325706e-02,  2.412344684306104e-02,  1.900067543756618e-01
  1.389000000000000e+01,  4.526050819571762e-02,  3.287563200217170e-02, -3.163447860865123e-02, -7.416333115471260e-02,  2.441971897458307e-02,  1.908325431311303e-01
  1.390000000000000e+01,  4.457382935668039e-02,  3.256783223821103e-02, -3.003185222374859e-02, -7.434637782771931e-02,  2.472952432545510e-02,  1.916645439353764e-01
  1.391000000000000e+01,  4.402133715505874e-02,  3.225530868530901e-02, -2.843897536840632e-02, -7.451675791626806e-02,  2.505282176611056e-02,  1.925024113784619e-01
  1.392000000000000e+01,  4.360787319410404e-02,  3.193820957901816e-02, -2.685716141093679e-02, -7.467349639861875e-02,  2.538959290228459e-02,  1.933457276213920e-01
  1.393000000000000e+01,  4.333780546599313e-02,  3.161665025865723e-02, -2.528773077149424e-02, -7.481571730754782e-02,  2.573985540552646e-02,  1.941940116480472e-01
  1.394000000000000e+01,  4.321496671257934e-02,  3.129072465432658e-02, -2.373200722384211e-02, -7.494265840755460e-02,  2.610366327239037e-02,  1.950467029684062e-01
  1.395000000000000e+01,  4.324259045937936e-02,  3.096052147448991e-02, -2.219129989191636e-02, -7.505368646303572e-02,  2.648109229312234e-02,  1.959031323687070e-01
  1.396000000000000e+01,  4.342324927440997e-02,  3.062613786695034e-02, -2.066688688037202e-02, -7.514831116175903e-02,  2.687222039041707e-02,  1.967625044316910e-01
  1.397000000000000e+01,  4.375879948701666e-02,  3.028768606395715e-02, -1.916000131075071e-02, -7.522619902783331e-02,  2.727711631653772e-02,  1.976238969244603e-01
  1.398000000000000e+01,  4.425032953195872e-02,  2.994529697815107e-02, -1.767180715424818e-02, -7.528719057493091e-02,  2.769584202649248e-02,  1.984862544679954e-01
  1.399000000000000e+01,  4.489811473387889e-02,  2.959912326904668e-02, -1.620337564768531e-02, -7.533131443104296e-02,  2.812846053792874e-02,  1.993483779039092e-01
  1.400000000000000e+01,  4.570158865444135e-02,  2.924933557028608e-02, -1.475568376889276e-02, -7.535879070015189e-02,  2.857504004283020e-02,  2.002089359338958e-01
  1.401000000000000e+01,  4.665933657352358e-02,  2.889611134131087e-02, -1.332963641941105e-02, -7.537002039902889e-02,  2.903564531540552e-02,  2.010665035094210e-01
  1.402000000000000e+01,  4.776910375079679e-02,  2.853962831220014e-02, -1.192609859568645e-02, -7.536556218534878e-02,  2.951031483697539e-02,  2.019196065578193e-01
  1.403000000000000e+01,  4.902780112153574e-02,  2.818007045020465e-02, -1.054591341307439e-02, -7.534611091163532e-02,  2.999904221466984e-02,  2.027667452517796e-01
  1.404000000000000e+01,  5.043150326711150e-02,  2.781764002781051e-02, -9.189894910215419e-03, -7.531249065201580e-02,  3.050177322629615e-02,  2.036063925123542e-01
  1.405000000000000e+01,  5.197545410234868e-02,  2.745256323220469e-02, -7.858816127472471e-03, -7.526565316977880e-02,  3.101840588873700e-02,  2.044370029252332e-01
  1.406000000000000e+01,  5.365385420353821e-02,  2.708498150985905e-02, -6.552830281145347e-03, -7.520662547998763e-02,  3.154884687588110e-02,  2.052555150698165e-01
  1.407000000000000e+01,  5.546083522367829e-02,  2.671533599348708e-02, -5.273805906405855e-03, -7.513666001265258e-02,  3.209274022686101e-02,  2.060635535557070e-01
  1.408000000000000e+01,  5.738915794794575e-02,  2.634374185178245e-02, -4.021827957478958e-03, -7.505694765381604e-02,  3.264984991132075e-02,  2.068582342108359e-01
  1.409000000000000e+01,  5.943114429573504e-02,  2.597038591522138e-02, -2.797503182143894e-03, -7.496877788748432e-02,  3.321978017487336e-02,  2.076382816833749e-01
  1.410000000000000e+01,  6.157851996255776e-02,  2.559544025047433e-02, -1.601353913742477e-03, -7.487348186443576e-02,  3.380202910123652e-02,  2.084024641168992e-01
  1.411000000000000e+01,  6.382248633307873e-02,  2.521906967696319e-02, -4.337937602938917e-04, -7.477242899471127e-02,  3.439599600002394e-02,  2.091495516709759e-01
  1.412000000000000e+01,  6.615379960169047e-02,  2.484143269235894e-02,  7.048811241236324e-04, -7.466702494725838e-02,  3.500099348168731e-02,  2.098783001906439e-01
  1.413000000000000e+01,  6.856286098890212e-02,  2.446267578937111e-02,  1.814488412225613e-03, -7.455869691087356e-02,  3.561624648602345e-02,  2.105874541527387e-01
  1.414000000000000e+01,  7.103981394069916e-02,  2.408292842687176e-02,  2.894947928836076e-03, -7.444886348968588e-02,  3.624087514921972e-02,  2.112757478587785e-01
  1.415000000000000e+01,  7.357463974395727e-02,  2.370230170360865e-02,  3.946256585552714e-03, -7.433889760138057e-02,  3.687388034191171e-02,  2.119419096414921e-01
  1.416000000000000e+01,  7.615724916223490e-02,  2.332088881764438e-02,  4.968444545058459e-03, -7.423008760960520e-02,  3.751413983206109e-02,  2.125846847218124e-01
  1.417000000000000e+01,  7.877757438406276e-02,  2.293876798292094e-02,  5.961527027168212e-03, -7.412359989938405e-02,  3.816040540721817e-02,  2.132028636476562e-01
  1.418000000000000e+01,  8.142566073601286e-02,  2.255601094199600e-02,  6.925476379767905e-03, -7.402045090132628e-02,  3.881129889845800e-02,  2.137952937818536e-01
  1.419000000000000e+01,  8.409175408716796e-02,  2.217269263688104e-02,  7.860213636426300e-03, -7.392148955861962e-02,  3.946531476540623e-02,  2.143608805058003e-01
  1.420000000000000e+01,  8.676638380457308e-02,  2.178889644052306e-02,  8.765594638353049e-03, -7.382738084524268e-02,  4.012083177874729e-02,  2.148986001060209e-01
  1.421000000000000e+01,  8.943919959025480e-02,  2.140444723669566e-02,  9.644580706773273e-03, -7.373723415337435e-02,  4.077550897857628e-02,  2.153981753814295e-01
  1.422000000000000e+01,  9.210402466650898e-02,  2.101998188565890e-02,  1.049028687160840e-02, -7.365401169093991e-02,  4.142877269096006e-02,  2.158778146899298e-01
  1.423000000000000e+01,  9.475258721482641e-02,  2.063569601554471e-02,  1.130262153212287e-02, -7.357771416092833e-02,  4.207870968177860e-02,  2.163360179255871e-01
  1.424000000000000e+01,  9.737478636285367e-02,  2.025113901009790e-02,  1.208700093519162e-02, -7.350551768203320e-02,  4.272214512159572e-02,  2.167544996411289e-01
  1.425000000000000e+01,  9.996467626907253e-02,  1.986675910755809e-02,  1.283971560185338e-02, -7.343846387636666e-02,  4.335771597004505e-02,  2.171420178051978e-01
  1.426000000000000e+01,  1.025156367484394e-01,  1.948274096308911e-02,  1.356010088489634e-02, -7.337614976629392e-02,  4.398345303711743e-02,  2.174984478345894e-01
  1.427000000000000e+01,  1.050220516172234e-01,  1.909939593207510e-02,  1.424728440761013e-02, -7.331804700949322e-02,  4.459738606281392e-02,  2.178246224584668e-01
  1.428000000000000e+01,  1.074774711828328e-01,  1.871680674363474e-02,  1.490121474184978e-02, -7.326369300896865e-02,  4.519766470739586e-02,  2.181189124296089e-01
  1.429000000000000e+01,  1.098774106647502e-01,  1.833539807217988e-02,  1.552114518668431e-02, -7.321242954499180e-02,  4.578241643755947e-02,  2.183823936103435e-01
  1.430000000000000e+01,  1.122175058807629e-01,  1.795556481528382e-02,  1.610667092521902e-02, -7.316358870799791e-02,  4.634987254815050e-02,  2.186153747576581e-01
  1.431000000000000e+01,  1.144939835519221e-01,  1.757775665024663e-02,  1.665746572566179e-02, -7.311645631571592e-02,  4.689835680154958e-02,  2.188183015508883e-01
  1.432000000000000e+01,  1.167036148502572e-01,  1.720249938140817e-02,  1.717329378504685e-02, -7.307028788808899e-02,  4.742628953766349e-02,  2.189917242372822e-01
  1.433000000000000e+01,  1.188436418867338e-01,  1.683042977043647e-02,  1.765402145534696e-02, -7.302432643267887e-02,  4.793218479494792e-02,  2.191362444694757e-01
  1.434000000000000e+01,  1.209117202878767e-01,  1.646231476501359e-02,  1.809959749787429e-02, -7.297780888945170e-02,  4.841464839622911e-02,  2.192525009659709e-01
  1.435000000000000e+01,  1.229058822282087e-01,  1.609905196956452e-02,  1.851001111456345e-02, -7.292996822779678e-02,  4.887238777209453e-02,  2.193411913973616e-01
  1.436000000000000e+01,  1.248245114047986e-01,  1.574165188771692e-02,  1.888526238057860e-02, -7.288004139998151e-02,  4.930423204632481e-02,  2.194031010508697e-01
  1.437000000000000e+01,  1.266663378170567e-01,  1.539119267896871e-02,  1.922534829622678e-02, -7.282727475292537e-02,  4.970914844533871e-02,  2.194391367470629e-01
  1.438000000000000e+01,  1.284304424806562e-01,  1.504876267802380e-02,  1.953025844417040e-02, -7.277092179396084e-02,  5.008624478341498e-02,  2.194503466376389e-01
  1.439000000000000e+01,  1.301162464022498e-01,  1.471542091176525e-02,  1.979997733611979e-02, -7.271024109674425e-02,  5.043476030314503e-02,  2.194379059509024e-01
  1.440000000000000e+01,  1.317234847739817e-01,  1.439217796452508e-02,  2.003448548842723e-02, -7.264449984475968e-02,  5.075405525600657e-02,  2.194030904750890e-01
  1.441000000000000e+01,  1.332521808662214e-01,  1.407998526305665e-02,  2.023377261235037e-02, -7.257298415853880e-02,  5.104360377803174e-02,  2.193472411468607e-01
  1.442000000000000e+01,  1.347026233659274e-01,  1.377972862104215e-02,  2.039787496917119e-02, -7.249501291661974e-02,  5.130298787490468e-02,  2.192717063016654e-01
  1.443000000000000e+01,  1.360753435899822e-01,  1.349222163553754e-02,  2.052690892720161e-02, -7.240994592710343e-02,  5.153189083639872e-02,  2.191777832977517e-01
  1.444000000000000e+01,  1.373710841246547e-01,  1.321819784254896e-02,  2.062106734117092e-02, -7.231718197495642e-02,  5.173009069442588e-02,  2.190666848147392e-01
  1.445000000000000e+01,  1.385907608322155e-01,  1.295830441277301e-02,  2.068058595816568e-02, -7.221615195929250e-02,  5.189745880133785e-02,  2.189395283711359e-01
  1.446000000000000e+01,  1.397354331891731e-01,  1.271309355843520e-02,  2.070570725282418e-02, -7.210631388494419e-02,  5.203396774776994e-02,  2.187973387836299e-01
  1.447000000000000e+01,  1.408062865192737e-01,  1.248300822785686e-02,  2.069664976946296e-02, -7.198715364476319e-02,  5.213970739390342e-02,  2.186410584961244e-01
  1.448000000000000e+01,  1.418046132893987e-01,  1.226837049598051e-02,  2.065359087261701e-02, -7.185819350970547e-02,  5.221490077659654e-02,  2.184715511267273e-01
  1.449000000000000e+01,  1.427317857034013e-01,  1.206938342058250e-02,  2.057667893941516e-02, -7.171900548604369e-02,  5.225990586428592e-02,  2.182895762477622e-01
  1.450000000000000e+01,  1.435892282882392e-01,  1.188614500583385e-02,  2.046606444631545e-02, -7.156922306687402e-02,  5.227520021664277e-02,  2.180957423028937e-01
  1.451000000000000e+01,  1.443783981609082e-01,  1.171866426150658e-02,  2.032192682296643e-02, -7.140855053432131e-02,  5.226136202624326e-02,  2.178904679934296e-01
  1.452000000000000e+01,  1.451007660462489e-01,  1.156687484930652e-02,  2.014449160100102e-02, -7.123677416957279e-02,  5.221905598247809e-02,  2.176739687203071e-01
  1.453000000000000e+01,  1.457577906970381e-01,  1.143065028046064e-02,  1.993404055694406e-02, -7.105377604474201e-02,  5.214902178687483e-02,  2.174462632159039e-01
  1.454000000000000e+01,  1.463508906151450e-01,  1.130981993853597e-02,  1.969091911515026e-02, -7.085954789317030e-02,  5.205206686845862e-02,  2.172071857597456e-01
  1.455000000000000e+01,  1.468814205622959e-01,  1.120417784012129e-02,  1.941554538956535e-02, -7.065420415035208e-02,  5.192906543352318e-02,  2.169563955514102e-01
  1.456000000000000e+01,  1.473506540792471e-01,  1.111348628898190e-02,  1.910841809874815e-02, -7.043799602358905e-02,  5.178095920124131e-02,  2.166933868953529e-01
  1.457000000000000e+01,  1.477597677838266e-01,  1.103748621658918e-02,  1.877011853678135e-02, -7.021132757381103e-02,  5.160875489050992e-02,  2.164175049707341e-01
  1.458000000000000e+01,  1.481098254910403e-01,  1.097591186966884e-02,  1.840130646840991e-02, -6.997476949892892e-02,  5.141351885610884e-02,  2.161279672506682e-01
  1.459000000000000e+01,  1.484017657161227e-01,  1.092849693350417e-02,  1.800271042002155e-02, -6.972906524231033e-02,  5.119637342885060e-02,  2.158238883231859e-01
  1.460000000000000e+01,  1.486363996719945e-01,  1.089497219639779e-02,  1.757510643451426e-02, -6.947512600145585e-02,  5.095849705743237e-02,  2.155043094282014e-01
  1.461000000000000e+01,  1.488144260793183e-01,  1.087506295863983e-02,  1.711927728121810e-02, -6.921400804345308e-02,  5.070112401817965e-02,  2.151682393857356e-01
  1.462000000000000e+01,  1.489364584677542e-01,  1.086849032568882e-02,  1.663596303037628e-02, -6.894687159177253e-02,  5.042553816750229e-02,  2.148146998101349e-01
  1.463000000000000e+01,  1.490030773098125e-01,  1.087491624161085e-02,  1.612569147858512e-02, -6.867482729110060e-02,  5.013301104816265e-02,  2.144429562859824e-01
  1.464000000000000e+01,  1.490147160393221e-01,  1.089422102260329e-02,  1.558931731791853e-02, -6.839938462331864e-02,  4.982499384997974e-02,  2.140517320501986e-01
  1.465000000000000e+01,  1.489718282204003e-01,  1.092609979785975e-02,  1.502723110645834e-02, -6.812176123960564e-02,  4.950283001839000e-02,  2.136403718200684e-01
  1.466000000000000e+01,  1.488747843896720e-01,  1.097034914864881e-02,  1.443987666471281e-02, -6.784332841102395e-02,  4.916792884601502e-02,  2.132081105870858e-01
  1.467000000000000e+01,  1.487239212371838e-01,  1.102679165968490e-02,  1.382762385694899e-02, -6.756545872267047e-02,  4.882170003985626e-02,  2.127542630033216e-01
  1.468000000000000e+01,  1.485195630650318e-01,  1.109527709396985e-02,  1.319077508888095e-02, -6.728949056138776e-02,  4.846553351735997e-02,  2.122782156706431e-01
  1.469000000000000e+01,  1.482620392164628e-01,  1.117568944206204e-02,  1.252957788499924e-02, -6.701670279938333e-02,  4.810078203371343e-02,  2.117794094782177e-01
  1.470000000000000e+01,  1.479517002518023e-01,  1.126795628103450e-02,  1.184423458393333e-02, -6.674829387056498e-02,  4.772874177499595e-02,  2.112573270662120e-01
  1.471000000000000e+01,  1.475889340300288e-01,  1.137205630168681e-02,  1.113490788242880e-02, -6.648536434961566e-02,  4.735063588971185e-02,  2.107114959333389e-01
  1.472000000000000e+01,  1.471741795607538e-01,  1.148802245032865e-02,  1.040172363532719e-02, -6.622890521980837e-02,  4.696760806422877e-02,  2.101415086508932e-01
  1.473000000000000e+01,  1.467079370857901e-01,  1.161594106777830e-02,  9.644768235648435e-03, -6.597978955533661e-02,  4.658072100624120e-02,  2.095470521066912e-01
  1.474000000000000e+01,  1.461907766065326e-01,  1.175594959761916e-02,  8.864082091415574e-03, -6.573876389374846e-02,  4.619095203552698e-02,  2.089279323963275e-01
  1.475000000000000e+01,  1.456233477337676e-01,  1.190823151599685e-02,  8.059659954539842e-03, -6.550644180134836e-02,  4.579919073977648e-02,  2.082840865570851e-01
  1.476000000000000e+01,  1.450063872494148e-01,  1.207300526160338e-02,  7.231473876293167e-03, -6.528330747656653e-02,  4.540624494522421e-02,  2.076155761645401e-01
  1.477000000000000e+01,  1.443407174406220e-01,  1.225051120416376e-02,  6.379521619129196e-03, -6.506972945151973e-02,  4.501284711374122e-02,  2.069225619883537e-01
  1.478000000000000e+01,  1.436272371686227e-01,  1.244100392768788e-02,  5.503875610942042e-03, -6.486597374472571e-02,  4.461965334949188e-02,  2.062052767136153e-01
  1.479000000000000e+01,  1.428669171345156e-01,  1.264474942420146e-02,  4.604704174194136e-03, -6.467220912766786e-02,  4.422724300992804e-02,  2.054640182286343e-01
  1.480000000000000e+01,  1.420608054775874e-01,  1.286202212702570e-02,  3.682258914452373e-03, -6.448850559305086e-02,  4.383612739708404e-02,  2.046991690967425e-01
  1.481000000000000e+01,  1.412099828011468e-01,  1.309290861501045e-02,  2.737241820814560e-03, -6.431489253077634e-02,  4.344695618777676e-02,  2.039105317834500e-01
  1.482000000000000e+01,  1.403157726895491e-01,  1.333805913542796e-02,  1.769190609084155e-03, -6.415111036522358e-02,  4.305975616880352e-02,  2.031001518430198e-01
  1.483000000000000e+01,  1.393794106602289e-01,  1.359758740190742e-02,  7.788361260469921e-04, -6.399700118618117e-02,  4.267506416010541e-02,  2.022681952456125e-01
  1.484000000000000e+01,  1.384022479080477e-01,  1.387178952530554e-02, -2.334380771621164e-04, -6.385225777855373e-02,  4.229317158869703e-02,  2.014156553207586e-01
  1.485000000000000e+01,  1.373856831058967e-01,  1.416097406656913e-02, -1.267199290873037e-03, -6.371649848540084e-02,  4.191430092941457e-02,  2.005436524011532e-01
  1.486000000000000e+01,  1.363311500073169e-01,  1.446546810546967e-02, -2.321947619535400e-03, -6.358927965796801e-02,  4.153860435165465e-02,  1.996534061039048e-01
  1.487000000000000e+01,  1.352401083945891e-01,  1.478562928647986e-02, -3.397105994535775e-03, -6.347010498847937e-02,  4.116615826321215e-02,  1.987462210544148e-01
  1.488000000000000e+01,  1.341140430105713e-01,  1.512185777437680e-02, -4.492028195727121e-03, -6.335842647956658e-02,  4.079695745166592e-02,  1.978234864511054e-01
  1.489000000000000e+01,  1.329544655531029e-01,  1.547460112383536e-02, -5.606010457266261e-03, -6.325364529707854e-02,  4.043091752499850e-02,  1.968866729698968e-01
  1.490000000000000e+01,  1.317629165550658e-01,  1.584434704456550e-02, -6.738288589272847e-03, -6.315511739705952e-02,  4.006788615577024e-02,  1.959373112407644e-01
  1.491000000000000e+01,  1.305409691250671e-01,  1.623160481594099e-02, -7.888021365252891e-03, -6.306215885878474e-02,  3.970765503262261e-02,  1.949769530238485e-01
  1.492000000000000e+01,  1.292902372832469e-01,  1.663688249094908e-02, -9.054276088695265e-03, -6.297404752958216e-02,  3.934996692223810e-02,  1.940071344947298e-01
  1.493000000000000e+01,  1.280123934492128e-01,  1.706066798250827e-02, -1.023603825677670e-02, -6.289002147796596e-02,  3.899452410989985e-02,  1.930293644516604e-01
  1.494000000000000e+01,  1.267091954131317e-01,  1.750341535196487e-02, -1.143225146647920e-02, -6.280927622653024e-02,  3.864100438827354e-02,  1.920451386117033e-01
  1.495000000000000e+01,  1.253825110293688e-01,  1.796553242598864e-02, -1.264186271766262e-02, -6.273096771157805e-02,  3.828907795118681e-02,  1.910559573207899e-01
  1.496000000000000e+01,  1.240343289486100e-01,  1.844736616818743e-02, -1.386384711904140e-02, -6.265422784257051e-02,  3.793842075417520e-02,  1.900633246885133e-01
  1.497000000000000e+01,  1.226667591459464e-01,  1.894918370400589e-02, -1.509721900196125e-02, -6.257818648437670e-02,  3.758872859389886e-02,  1.890687251396036e-01
  1.498000000000000e+01,  1.212820303019574e-01,  1.947115158202339e-02, -1.634104116563370e-02, -6.250198892308194e-02,  3.723972757510396e-02,  1.880735812305418e-01
  1.499000000000000e+01,  1.198824833305219e-01,  2.001331839749199e-02, -1.759442778099428e-02, -6.242480916020417e-02,  3.689117427626865e-02,  1.870792016042721e-01
  1.500000000000000e+01,  1.184708108391147e-01,  2.057546153622103e-02, -1.885648007937913e-02, -6.234581661370924e-02,  3.654287450164059e-02,  1.860865939601271e-01
  1.501000000000000e+01,  1.170491477218847e-01,  2.115761813518646e-02, -2.012661177450654e-02, -6.226436741434148e-02,  3.619457039939288e-02,  1.850970598944089e-01
  1.502000000000000e+01,  1.156203226618739e-01,  2.175924567050891e-02, -2.140407274575379e-02, -6.217975693250281e-02,  3.584615416967685e-02,  1.841112195551065e-01
  1.503000000000000e+01,  1.141869137658836e-01,  2.237971754364199e-02, -2.268821947993805e-02, -6.209141178596522e-02,  3.549761296955769e-02,  1.831295445226604e-01
  1.504000000000000e+01,  1.127518670354688e-01,  2.301837596712430e-02, -2.397879359366030e-02, -6.199882703324809e-02,  3.514874163911766e-02,  1.821525031093561e-01
  1.505000000000000e+01,  1.113178493507413e-01,  2.367425712080840e-02, -2.527541666081215e-02, -6.190162700957876e-02,  3.479961923970806e-02,  1.811800800678764e-01
  1.506000000000000e+01,  1.098877391781126e-01,  2.434625997814566e-02, -2.657795848254707e-02, -6.179952709941764e-02,  3.445027383844804e-02,  1.802121252403593e-01
  1.507000000000000e+01,  1.084639946716180e-01,  2.503312758791187e-02, -2.788631627594283e-02, -6.169237821460110e-02,  3.410088872589778e-02,  1.792481650260876e-01
  1.508000000000000e+01,  1.070493690776214e-01,  2.573338599949238e-02, -2.920058685299608e-02, -6.158010101186186e-02,  3.375163680001415e-02,  1.782875785172361e-01
  1.509000000000000e+01,  1.056463241315642e-01,  2.644537935770597e-02, -3.052089579212245e-02, -6.146272724757148e-02,  3.340283033785470e-02,  1.773294543181899e-01
  1.510000000000000e+01,  1.042574650737222e-01,  2.716733478753297e-02, -3.184755273956378e-02, -6.134037075678150e-02,  3.305475257591509e-02,  1.763727631078781e-01
  1.511000000000000e+01,  1.028850158120359e-01,  2.789730570733040e-02, -3.318078009936482e-02, -6.121325602771991e-02,  3.270789605721337e-02,  1.754161638586449e-01
  1.512000000000000e+01,  1.015311247883117e-01,  2.863325209466527e-02, -3.452081236648522e-02, -6.108170658676230e-02,  3.236284583114876e-02,  1.744581577025117e-01
  1.513000000000000e+01,  1.001977703021325e-01,  2.937305988689265e-02, -3.586781715391404e-02, -6.094616180394855e-02,  3.202034855330694e-02,  1.734970848971746e-01
  1.514000000000000e+01,  9.888675051800817e-02,  3.011457489303249e-02, -3.722185968885967e-02, -6.080718610168743e-02,  3.168134005528549e-02,  1.725311635552060e-01
  1.515000000000000e+01,  9.759968804274975e-02,  3.085563537822456e-02, -3.858287533680324e-02, -6.066547041035238e-02,  3.134695371553054e-02,  1.715585367669733e-01
  1.516000000000000e+01,  9.633804732561123e-02,  3.159409421446413e-02, -3.995064814195353e-02, -6.052182470790630e-02,  3.101850976413986e-02,  1.705773268694643e-01
  1.517000000000000e+01,  9.510317967296161e-02,  3.232785196734445e-02, -4.132482293929632e-02, -6.037715648090441e-02,  3.069745863977205e-02,  1.695857258000484e-01
  1.518000000000000e+01,  9.389626002806674e-02,  3.305478654682892e-02, -4.270482181429269e-02, -6.023243126512472e-02,  3.038540952185528e-02,  1.685819670264299e-01
  1.519000000000000e+01,  9.271846163682597e-02,  3.377291941204130e-02, -4.409000229963234e-02, -6.008863427021285e-02,  3.008391835945096e-02,  1.675645498277188e-01
  1.520000000000000e+01,  9.157084578671343e-02,  3.448034741315142e-02, -4.547955435997985e-02, -5.994673152315452e-02,  2.979454539685028e-02,  1.665321485589138e-01
  1.521000000000000e+01,  9.045443754326730e-02,  3.517533814831664e-02, -4.687256683250556e-02, -5.980764373926323e-02,  2.951876629740193e-02,  1.654837365625879e-01
  1.522000000000000e+01,  8.937018049879195e-02,  3.585625985096685e-02, -4.826798159400422e-02, -5.967221949454603e-02,  2.925798541231661e-02,  1.644185170821914e-01
  1.523000000000000e+01,  8.831894088698045e-02,  3.652168793860566e-02, -4.966467527154669e-02, -5.954123045109636e-02,  2.901344944014443e-02,  1.633360626942507e-01
  1.524000000000000e+01,  8.730165151241014e-02,  3.717016812562113e-02, -5.106135706887325e-02, -5.941533276832568e-02,  2.878633049120633e-02,  1.622361453617548e-01
  1.525000000000000e+01,  8.631903699462976e-02,  3.780056929771014e-02, -5.245673215604101e-02, -5.929510458046736e-02,  2.857756334108458e-02,  1.611189809570582e-01
  1.526000000000000e+01,  8.537178436956602e-02,  3.841184662640762e-02, -5.384939326644783e-02, -5.918101260638199e-02,  2.838794231561404e-02,  1.599850690667501e-01
  1.527000000000000e+01,  8.446053721081077e-02,  3.900317226786787e-02, -5.523794362502691e-02, -5.907341842166113e-02,  2.821803458461962e-02,  1.588353840074799e-01
  1.528000000000000e+01,  8.358572472722987e-02,  3.957369219096019e-02, -5.662075181700941e-02, -5.897255297554947e-02,  2.806839974314129e-02,  1.576709002438181e-01
  1.529000000000000e+01,  8.274782337787964e-02,  4.012288545808174e-02, -5.799643440972513e-02, -5.887854075666345e-02,  2.793926263388266e-02,  1.564933372718136e-01
  1.530000000000000e+01,  8.194714437424562e-02,  4.065032773867494e-02, -5.936355696822491e-02, -5.879139588908200e-02,  2.783073609298909e-02,  1.553046208595583e-01
  1.531000000000000e+01,  8.118386851686327e-02,  4.115574733834615e-02, -6.072067510246523e-02, -5.871104693834046e-02,  2.774276217268897e-02,  1.541069291363414e-01
  1.532000000000000e+01,  8.045803753678210e-02,  4.163902552250298e-02, -6.206631290204269e-02, -5.863735522949459e-02,  2.767511588496093e-02,  1.529026194242735e-01
  1.533000000000000e+01,  7.976955570389757e-02,  4.210019115725916e-02, -6.339897108489018e-02, -5.857012331127969e-02,  2.762741996539180e-02,  1.516941850014302e-01
  1.534000000000000e+01,  7.911819873790481e-02,  4.253941120256677e-02, -6.471715665286770e-02, -5.850909365930768e-02,  2.759916077582772e-02,  1.504842357435573e-01
  1.535000000000000e+01,  7.850362751101132e-02,  4.295697951310884e-02, -6.601941400089888e-02, -5.845394159026231e-02,  2.758969499090238e-02,  1.492754780852834e-01
  1.536000000000000e+01,  7.792540493478611e-02,  4.335330377234792e-02, -6.730434565948167e-02, -5.840426545788681e-02,  2.759824842678398e-02,  1.480706860350620e-01
  1.537000000000000e+01,  7.738301674760126e-02,  4.372889033457317e-02, -6.857062908736787e-02, -5.835957466957388e-02,  2.762391547959025e-02,  1.468726735967225e-01
  1.538000000000000e+01,  7.687589072041055e-02,  4.408432806873019e-02, -6.981703626367679e-02, -5.831927787152789e-02,  2.766566286891587e-02,  1.456842707589377e-01
  1.539000000000000e+01,  7.640340707567655e-02,  4.442027252187120e-02, -7.104245262982270e-02, -5.828267449989735e-02,  2.772233801549787e-02,  1.445082951084747e-01
  1.540000000000000e+01,  7.596490761803215e-02,  4.473743046971146e-02, -7.224589403935165e-02, -5.824894842433360e-02,  2.779268219444401e-02,  1.433475200322433e-01
  1.541000000000000e+01,  7.555971450027871e-02,  4.503654261081125e-02, -7.342652135411880e-02, -5.821716001898438e-02,  2.787534423853925e-02,  1.422046435540063e-01
  1.542000000000000e+01,  7.518715142101758e-02,  4.531836120759536e-02, -7.458365113380204e-02, -5.818623606351132e-02,  2.796888800768740e-02,  1.410822615308198e-01
  1.543000000000000e+01,  7.484655394444591e-02,  4.558362261419013e-02, -7.571676858550869e-02, -5.815495796198068e-02,  2.807179210265038e-02,  1.399828595365611e-01
  1.544000000000000e+01,  7.453727045867536e-02,  4.583302015346646e-02, -7.682554025120505e-02, -5.812195002968400e-02,  2.818244777933824e-02,  1.389088214240196e-01
  1.545000000000000e+01,  7.425866372302597e-02,  4.606718299794466e-02, -7.790980560545277e-02, -5.808567559333833e-02,  2.829916227794408e-02,  1.378624204992110e-01
  1.546000000000000e+01,  7.401026828928087e-02,  4.628677526781089e-02, -7.896961542143272e-02, -5.804447584817598e-02,  2.842018470579528e-02,  1.368461362077519e-01
  1.547000000000000e+01,  7.379120926413102e-02,  4.649203928168544e-02, -8.000487943240485e-02, -5.799647889711345e-02,  2.854368087296983e-02,  1.358611168294879e-01
  1.548000000000000e+01,  7.360111232928329e-02,  4.668348086547747e-02, -8.101579879929557e-02, -5.793979788251529e-02,  2.866783582172983e-02,  1.349093615008914e-01
  1.549000000000000e+01,  7.343955490861306e-02,  4.686141094046947e-02, -8.200253586777874e-02, -5.787242909695858e-02,  2.879083475361797e-02,  1.339921988780985e-01
  1.550000000000000e+01,  7.330625337885942e-02,  4.702604935099663e-02, -8.296531664559782e-02, -5.779228845194084e-02,  2.891089922964431e-02,  1.331106975888403e-01
  1.551000000000000e+01,  7.320108182544847e-02,  4.717752237321826e-02, -8.390446039875023e-02, -5.769722828117702e-02,  2.902631075372671e-02,  1.322656985498952e-01
  1.552000000000000e+01,  7.312405641198948e-02,  4.731587254602587e-02, -8.482038435435617e-02, -5.758507719250124e-02,  2.913543510432173e-02,  1.314578104041252e-01
  1.553000000000000e+01,  7.307530770889259e-02,  4.744107350363169e-02, -8.571358803134560e-02, -5.745368766087849e-02,  2.923674256272926e-02,  1.306873902060411e-01
  1.554000000000000e+01,  7.305505763480777e-02,  4.755303940412614e-02, -8.658463811786020e-02, -5.730097464313300e-02,  2.932882163125755e-02,  1.299545456730337e-01
  1.555000000000000e+01,  7.306359601117217e-02,  4.765163029566755e-02, -8.743416217745496e-02, -5.712494537513105e-02,  2.941038581232320e-02,  1.292591595814168e-01
  1.556000000000000e+01,  7.310125145590406e-02,  4.773665842588337e-02, -8.826284734671218e-02, -5.692372524838624e-02,  2.948027634359352e-02,  1.286009174600355e-01
  1.557000000000000e+01,  7.316836032989953e-02,  4.780789358707560e-02, -8.907143988377794e-02, -5.669558017805584e-02,  2.953746418973993e-02,  1.279793311744641e-01
  1.558000000000000e+01,  7.326524122399859e-02,  4.786506266394608e-02, -8.986074425476509e-02, -5.643892950278331e-02,  2.958104842825335e-02,  1.273937659452224e-01
  1.559000000000000e+01,  7.339217540847420e-02,  4.790784718166030e-02, -9.063161699201296e-02, -5.615234636182024e-02,  2.961024752014407e-02,  1.268434722353569e-01
  1.560000000000000e+01,  7.354938500088648e-02,  4.793589036860690e-02, -9.138495046439973e-02, -5.583455373576120e-02,  2.962438692367781e-02,  1.263276063927332e-01
  1.561000000000000e+01,  7.373700455819400e-02,  4.794881611877710e-02, -9.212165161272869e-02, -5.548442600928716e-02,  2.962289029149193e-02,  1.258452291986438e-01
  1.562000000000000e+01,  7.395505107503259e-02,  4.794624839381978e-02, -9.284262681004063e-02, -5.510099820157326e-02,  2.960527853964523e-02,  1.253952977797314e-01
  1.563000000000000e+01,  7.420340279730350e-02,  4.792782181042199e-02, -9.354877834794953e-02, -5.468347619742143e-02,  2.957117340897462e-02,  1.249766778531638e-01
  1.564000000000000e+01,  7.448179597730115e-02,  4.789318652940833e-02, -9.424100815815781e-02, -5.423123883628608e-02,  2.952029655757376e-02,  1.245881863288091e-01
  1.565000000000000e+01,  7.478983325261289e-02,  4.784201529557919e-02, -9.492021709995220e-02, -5.374383587163936e-02,  2.945246169798234e-02,  1.242286432357803e-01
  1.566000000000000e+01,  7.512698515416989e-02,  4.777401472101217e-02, -9.558729052244752e-02, -5.322099465940559e-02,  2.936756762736795e-02,  1.238969026557776e-01
  1.567000000000000e+01,  7.549257595663278e-02,  4.768893975432098e-02, -9.624307100739761e-02, -5.266264133789340e-02,  2.926559997790959e-02,  1.235918518558213e-01
  1.568000000000000e+01,  7.588575487156815e-02,  4.758661370863071e-02, -9.688832082546392e-02, -5.206893829215751e-02,  2.914664112488767e-02,  1.233123808422742e-01
  1.569000000000000e+01,  7.630605352888904e-02,  4.746726464200246e-02, -9.752322672313078e-02, -5.144015681732897e-02,  2.901075761769044e-02,  1.230565975992948e-01
  1.570000000000000e+01,  7.675094271153450e-02,  4.733032161920403e-02, -9.814913475894844e-02, -5.077741921432542e-02,  2.885847214757610e-02,  1.228246357636776e-01
  1.571000000000000e+01,  7.721951621863238e-02,  4.717623528369219e-02, -9.876588603305064e-02, -5.008166711967194e-02,  2.869008607317480e-02,  1.226145039490882e-01
  1.572000000000000e+01,  7.771001731396618e-02,  4.700531626673810e-02, -9.937357825630708e-02, -4.935435559296757e-02,  2.850611272926794e-02,  1.224248007131259e-01
  1.573000000000000e+01,  7.822048189385489e-02,  4.681800790700930e-02, -9.997214049316837e-02, -4.859727959683598e-02,  2.830718873738168e-02,  1.222541070646786e-01
  1.574000000000000e+01,  7.874875917114754e-02,  4.661489047445122e-02, -1.005613515439034e-01, -4.781256803493400e-02,  2.809408101680368e-02,  1.221010316193026e-01
  1.575000000000000e+01,  7.929253482290834e-02,  4.639667879320553e-02, -1.011408584206772e-01, -4.700266986910110e-02,  2.786769125419601e-02,  1.219642445851645e-01
  1.576000000000000e+01,  7.984935242097757e-02,  4.616422395968689e-02, -1.017101919763862e-01, -4.617033598930284e-02,  2.762904946728182e-02,  1.218424972826360e-01
  1.577000000000000e+01,  8.041631349661618e-02,  4.591816653329350e-02, -1.022692923612115e-01, -4.531880091105893e-02,  2.737951070673124e-02,  1.217358423341115e-01
  1.578000000000000e+01,  8.099140631968507e-02,  4.566031919996583e-02, -1.028164912571633e-01, -4.445095769749155e-02,  2.711993061220636e-02,  1.216408379745939e-01
  1.579000000000000e+01,  8.157152747310210e-02,  4.539159665470005e-02, -1.033515790871856e-01, -4.357054515531651e-02,  2.685187733438622e-02,  1.215576922018285e-01
  1.580000000000000e+01,  8.215389872512843e-02,  4.511338900692219e-02, -1.038737818204549e-01, -4.268132065843681e-02,  2.657683144526899e-02,  1.214855077063300e-01
  1.581000000000000e+01,  8.273576057916930e-02,  4.482721294265013e-02, -1.043822993456061e-01, -4.178722614651548e-02,  2.629636696547045e-02,  1.214234441422239e-01
  1.582000000000000e+01,  8.331440468113711e-02,  4.453468473065891e-02, -1.048763339880282e-01, -4.089235610515767e-02,  2.601214318282476e-02,  1.213707220413547e-01
  1.583000000000000e+01,  8.388717348009539e-02,  4.423750543917637e-02, -1.053550913035827e-01, -4.000093516360535e-02,  2.572589012912156e-02,  1.213266097883194e-01
  1.584000000000000e+01,  8.445144109897793e-02,  4.393745834060558e-02, -1.058177628348865e-01, -3.911729988951293e-02,  2.543938839556646e-02,  1.212903919415171e-01
  1.585000000000000e+01,  8.500459303693346e-02,  4.363640380476497e-02, -1.062635206500092e-01, -3.824587538760019e-02,  2.515444678336973e-02,  1.212613458601876e-01
  1.586000000000000e+01,  8.554400892979280e-02,  4.333626650123690e-02, -1.066915170054514e-01, -3.739114725890499e-02,  2.487287665829975e-02,  1.212387326362460e-01
  1.587000000000000e+01,  8.606705432919257e-02,  4.303901896633122e-02, -1.071008768951937e-01, -3.655763045402851e-02,  2.459646568252769e-02,  1.212217974872040e-01
  1.588000000000000e+01,  8.657109287994967e-02,  4.274666384924242e-02, -1.074906972239807e-01, -3.574982890969369e-02,  2.432695881480849e-02,  1.212097829447492e-01
  1.589000000000000e+01,  8.705351826150053e-02,  4.246121415765303e-02, -1.078600599788626e-01, -3.497218357408947e-02,  2.406604646681828e-02,  1.212019490020839e-01
  1.590000000000000e+01,  8.751179917756029e-02,  4.218467175726803e-02, -1.082080528239448e-01, -3.422901345783134e-02,  2.381535303400103e-02,  1.211975899553042e-01
  1.591000000000000e+01,  8.794353730901472e-02,  4.191900595082476e-02, -1.085337930360740e-01, -3.352445320690885e-02,  2.357642367521308e-02,  1.211960469014598e-01
  1.592000000000000e+01,  8.834657107892208e-02,  4.166633418335275e-02, -1.088361475513011e-01, -3.286224094341181e-02,  2.335052227671202e-02,  1.211958447011252e-01
  1.593000000000000e+01,  8.871889072144704e-02,  4.142805643842018e-02, -1.091150078641781e-01, -3.224622985901423e-02,  2.313937226396431e-02,  1.211982646283280e-01
  1.594000000000000e+01,  8.905897270391597e-02,  4.120607151612177e-02, -1.093694138755068e-01, -3.167939480480789e-02,  2.294399146818604e-02,  1.212019111954539e-01
  1.595000000000000e+01,  8.936563211067375e-02,  4.100189685068600e-02, -1.095989036261879e-01, -3.116433713188618e-02,  2.276541550133125e-02,  1.212063876013815e-01
  1.596000000000000e+01,  8.963813832713396e-02,  4.081682232750339e-02, -1.098032223242418e-01, -3.070302406320176e-02,  2.260448925473726e-02,  1.212113626919983e-01
  1.597000000000000e+01,  8.987624291220407e-02,  4.065186812951382e-02, -1.099823589307857e-01, -3.029668546095742e-02,  2.246182765029885e-02,  1.212165614614296e-01
  1.598000000000000e+01,  9.008020763838576e-02,  4.050773361386573e-02, -1.101365711775794e-01, -2.994572358070089e-02,  2.233778140482443e-02,  1.212217542794555e-01
  1.599000000000000e+01,  9.024967960116029e-02,  4.038550629933058e-02, -1.102655627175118e-01, -2.965156719254619e-02,  2.223306586193782e-02,  1.212267351324938e-01
  1.600000000000000e+01,  9.038786696055040e-02,  4.028391510520035e-02, -1.103715386721794e-01, -2.940969555902379e-02,  2.214636320968095e-02,  1.212313289799467e-01
  1.601000000000000e+01,  9.050273739433920e-02,  4.019812286322755e-02, -1.104602414112886e-01, -2.920721029473561e-02,  2.207335459839250e-02,  1.212355113626880e-01
