Main.Studies.MarkerTracking.t,Main.Studies.MarkerTracking.JointAngleOutputs.OutputFile_LeftArm.ThoraxClavicula[0],Main.Studies.MarkerTracking.JointAngleOutputs.OutputFile_LeftArm.ThoraxClavicula[1],Main.Studies.MarkerTracking.JointAngleOutputs.OutputFile_LeftArm.ThoraxClavicula[2],Main.Studies.MarkerTracking.JointAngleOutputs.OutputFile_LeftArm.ClaviculaScapula[0],Main.Studies.MarkerTracking.JointAngleOutputs.OutputFile_LeftArm.ClaviculaScapula[1],Main.Studies.MarkerTracking.JointAngleOutputs.OutputFile_LeftArm.ClaviculaScapula[2],Main.Studies.MarkerTracking.JointAngleOutputs.OutputFile_LeftArm.ScapulaHumerus[0],Main.Studies.MarkerTracking.JointAngleOutputs.OutputFile_LeftArm.ScapulaHumerus[1],Main.Studies.MarkerTracking.JointAngleOutputs.OutputFile_LeftArm.ScapulaHumerus[2],Main.Studies.MarkerTracking.JointAngleOutputs.OutputFile_LeftArm.HumerusUlna,Main.Studies.MarkerTracking.JointAngleOutputs.OutputFile_LeftArm.UlnaRadius,Main.Studies.MarkerTracking.JointAngleOutputs.OutputFile_LeftArm.RadiusWrist,Main.Studies.MarkerTracking.JointAngleOutputs.OutputFile_LeftArm.WristHand
  5.500000000000000e-01, -2.408322006165733e-02, -2.874835771658902e-01,  7.666669354525649e-02, -1.034741404167512e-02,  7.245086022239855e-01,  9.701008924037526e-03,  3.466469789451831e-02,  1.042852033633749e+00,  1.208595967342750e-03, -2.399725708926858e-02,  1.231548535681728e+00, -2.309833008369584e+00,  2.282028615113951e+00
  5.600000000000001e-01, -2.405109177321492e-02, -2.875028201048262e-01,  7.668598186548507e-02, -1.030115321449631e-02,  7.245523714333670e-01,  9.721086860150359e-03,  3.483783446982928e-02,  1.043613591625588e+00,  1.441531578893951e-03, -2.406560440339065e-02,  1.233174213490811e+00, -2.309743831887048e+00,  2.281949201872944e+00
  5.700000000000001e-01, -2.401928548119914e-02, -2.875188055385510e-01,  7.670387059355334e-02, -1.025603534564498e-02,  7.245961479798050e-01,  9.740012672991887e-03,  3.500855552610269e-02,  1.044528553547239e+00,  1.700480227953614e-03, -2.422760568160419e-02,  1.234868146214017e+00, -2.309587527258787e+00,  2.281800942755496e+00
  5.800000000000001e-01, -2.399009926783265e-02, -2.875310902159278e-01,  7.671934729545768e-02, -1.021516260445431e-02,  7.246366654961498e-01,  9.756639420358135e-03,  3.516453164187746e-02,  1.045460002707763e+00,  1.959616023004930e-03, -2.437271732123223e-02,  1.236570093389525e+00, -2.309469680917187e+00,  2.281658191728816e+00
  5.900000000000001e-01, -2.396327907348578e-02, -2.875401475324237e-01,  7.673269076157538e-02, -1.017809813245941e-02,  7.246742232337582e-01,  9.771225890951528e-03,  3.530721736644632e-02,  1.046414416311773e+00,  2.218122446484661e-03, -2.450267962041240e-02,  1.238286923048902e+00, -2.309389128551113e+00,  2.281519859312398e+00
  6.000000000000001e-01, -2.393689559111778e-02, -2.875471130694475e-01,  7.674505135438374e-02, -1.014206841711700e-02,  7.247114525443028e-01,  9.784971394370229e-03,  3.544704806245234e-02,  1.047488482497047e+00,  2.491100162101245e-03, -2.469061531161819e-02,  1.240067257307772e+00, -2.309276078095838e+00,  2.281337090168390e+00
  6.100000000000001e-01, -2.391161899861541e-02, -2.875520737764574e-01,  7.675621893558000e-02, -1.010793018729362e-02,  7.247473694052936e-01,  9.797608561877195e-03,  3.558047929775876e-02,  1.048641901188152e+00,  2.769221748822906e-03, -2.490174478686933e-02,  1.241893427250742e+00, -2.309164091849332e+00,  2.281133016648985e+00
  6.200000000000000e-01, -2.388727725420978e-02, -2.875554752865722e-01,  7.676643167656522e-02, -1.007535973804481e-02,  7.247821584318652e-01,  9.809350993499763e-03,  3.570850158740275e-02,  1.049877143637651e+00,  3.050888517122941e-03, -2.513512892044199e-02,  1.243768925893729e+00, -2.309054145329253e+00,  2.280908295831967e+00
  6.300000000000000e-01, -2.386365672763478e-02, -2.875577878639979e-01,  7.677595265131515e-02, -1.004397350346018e-02,  7.248160609697020e-01,  9.820438091292788e-03,  3.583233027967090e-02,  1.051198106555334e+00,  3.334816514113474e-03, -2.539110424412880e-02,  1.245698014189356e+00, -2.308945860678745e+00,  2.280662786806860e+00
  6.400000000000000e-01, -2.383956720110440e-02, -2.875599122659103e-01,  7.678557057128529e-02, -1.001201585406710e-02,  7.248506715476343e-01,  9.831670958350512e-03,  3.595838359078583e-02,  1.052657401445219e+00,  3.628596835391667e-03, -2.570916263753007e-02,  1.247708113628032e+00, -2.308800404903088e+00,  2.280370424635182e+00
  6.500000000000000e-01, -2.381762893751085e-02, -2.875610951836775e-01,  7.679403347488570e-02, -9.983078878833788e-03,  7.248823011994068e-01,  9.841666564875021e-03,  3.607278906255176e-02,  1.054114315644624e+00,  3.904933821490310e-03, -2.597425577874899e-02,  1.249734938972599e+00, -2.308730086870281e+00,  2.280107719919556e+00
  6.600000000000000e-01, -2.379478821258024e-02, -2.875630544410035e-01,  7.680313135064003e-02, -9.952789782093956e-03,  7.249151272109563e-01,  9.852296480710874e-03,  3.619189421877748e-02,  1.055714514367434e+00,  4.188393451290397e-03, -2.630071896017936e-02,  1.251850086181767e+00, -2.308622557890393e+00,  2.279799060296136e+00
  6.700000000000000e-01, -2.377079565589646e-02, -2.875663015845545e-01,  7.681315672607954e-02, -9.920708973109484e-03,  7.249494369384230e-01,  9.863828011303427e-03,  3.631708626696606e-02,  1.057460692771144e+00,  4.477790353208094e-03, -2.668897912181566e-02,  1.254056824697738e+00, -2.308476465249677e+00,  2.279444539833075e+00
  6.800000000000000e-01, -2.374734639123115e-02, -2.875704661523034e-01,  7.682334575993446e-02, -9.889134307924126e-03,  7.249828268121162e-01,  9.875402755669895e-03,  3.643947982063144e-02,  1.059258553266909e+00,  4.754412280111759e-03, -2.706116422057735e-02,  1.256313640232545e+00, -2.308368029840483e+00,  2.279096015412608e+00
  6.900000000000001e-01, -2.372407936088011e-02, -2.875760804500465e-01,  7.683403988127831e-02, -9.857475609318274e-03,  7.250157429442378e-01,  9.887343729131852e-03,  3.656111877178663e-02,  1.061116913469609e+00,  5.018294002497315e-03, -2.742238918392735e-02,  1.258627505163279e+00, -2.308291812514260e+00,  2.278750391933066e+00
  7.000000000000001e-01, -2.369904515835109e-02, -2.875844152741115e-01,  7.684645062913797e-02, -9.822902514722643e-03,  7.250508270769450e-01,  9.900898581833444e-03,  3.669240823013171e-02,  1.063122177074699e+00,  5.283654952577667e-03, -2.784121786284731e-02,  1.261040453188260e+00, -2.308178803785856e+00,  2.278362867681355e+00
  7.100000000000000e-01, -2.367190691495752e-02, -2.875960172876958e-01,  7.686091644294560e-02, -9.784853104647504e-03,  7.250884884355481e-01,  9.916383487645671e-03,  3.683521708906981e-02,  1.065279941102335e+00,  5.550135141534939e-03, -2.832124872598739e-02,  1.263556814315417e+00, -2.308024093226448e+00,  2.277931666469976e+00
  7.200000000000000e-01, -2.364434281240253e-02, -2.876104679866032e-01,  7.687666080481635e-02, -9.745613697121885e-03,  7.251263548314327e-01,  9.932932920809172e-03,  3.698085057354893e-02,  1.067497810044510e+00,  5.799600487555623e-03, -2.878594736000649e-02,  1.266137083022510e+00, -2.307903354618865e+00,  2.277507635358875e+00
  7.300000000000000e-01, -2.361601754102324e-02, -2.876282700592951e-01,  7.689400428486445e-02, -9.704634151556568e-03,  7.251648394880307e-01,  9.950849057678093e-03,  3.713123570484762e-02,  1.069782650727812e+00,  6.032016004249442e-03, -2.923958818999227e-02,  1.268787019314799e+00, -2.307811692792610e+00,  2.277088399678934e+00
  7.400000000000000e-01, -2.358501514064066e-02, -2.876506987643863e-01,  7.691414836705922e-02, -9.659126448522855e-03,  7.252065354186759e-01,  9.971365209991759e-03,  3.729655932994267e-02,  1.072216883743593e+00,  6.261196449048942e-03, -2.974909443979355e-02,  1.271545215907659e+00, -2.307680516145237e+00,  2.276630711267068e+00
  7.500000000000000e-01, -2.355183707205363e-02, -2.876778610996175e-01,  7.693695284306429e-02, -9.609721858906907e-03,  7.252507002911042e-01,  9.994293926473757e-03,  3.747434398737996e-02,  1.074765985673455e+00,  6.479717720992489e-03, -3.028553979159819e-02,  1.274398171809999e+00, -2.307537851623438e+00,  2.276154187187104e+00
  7.600000000000000e-01, -2.351557603902650e-02, -2.877105479855794e-01,  7.696306085227596e-02, -9.555058110629068e-03,  7.252985352007647e-01,  1.002027615670418e-02,  3.766948100503335e-02,  1.077462980102690e+00,  6.692541987422088e-03, -3.087599238053150e-02,  1.277361733908767e+00, -2.307354851071755e+00,  2.275641897113497e+00
  7.700000000000000e-01, -2.347861230725944e-02, -2.877478679210454e-01,  7.699125357338664e-02, -9.498444200437399e-03,  7.253467183533494e-01,  1.004799327320491e-02,  3.786975925568750e-02,  1.080186365112460e+00,  6.876438549519248e-03, -3.141878414097474e-02,  1.280385807370544e+00, -2.307234666241397e+00,  2.275160637697304e+00
  7.800000000000000e-01, -2.343708873802101e-02, -2.877920957589595e-01,  7.702383514748691e-02, -9.434331702070899e-03,  7.254005130963151e-01,  1.007983592158685e-02,  3.809542575955634e-02,  1.083108230413318e+00,  7.061933073707326e-03, -3.205747001639468e-02,  1.283544838133820e+00, -2.307028836211907e+00,  2.274617847979108e+00
  7.900000000000000e-01, -2.339366901775645e-02, -2.878421461497550e-01,  7.705940715338294e-02, -9.366442986462364e-03,  7.254562148011995e-01,  1.011430148441014e-02,  3.833283153119079e-02,  1.086095522271563e+00,  7.223783582359145e-03, -3.268054918968398e-02,  1.286784146737084e+00, -2.306851163460972e+00,  2.274086598445791e+00
  8.000000000000000e-01, -2.334805561559098e-02, -2.878984208048907e-01,  7.709823736972705e-02, -9.294298889796722e-03,  7.255141969981151e-01,  1.015164334618735e-02,  3.858374249189663e-02,  1.089155177267626e+00,  7.362410022811283e-03, -3.329338939176017e-02,  1.290108503697588e+00, -2.306695711089219e+00,  2.273563986917315e+00
  8.100000000000001e-01, -2.329745980402388e-02, -2.879626701290178e-01,  7.714203453632026e-02, -9.213863185771621e-03,  7.255782506386904e-01,  1.019362036301861e-02,  3.886278991557883e-02,  1.092407190018173e+00,  7.499115992084480e-03, -3.399815870085909e-02,  1.293567219239969e+00, -2.306454873012770e+00,  2.272984907286844e+00
  8.200000000000001e-01, -2.324533344614364e-02, -2.880332414223712e-01,  7.718888892815334e-02, -9.130014800178632e-03,  7.256436100170011e-01,  1.023821096914604e-02,  3.915234423888006e-02,  1.095688316183653e+00,  7.603216355040334e-03, -3.465609005687219e-02,  1.297095714375491e+00, -2.306273253339278e+00,  2.272439449753723e+00
  8.300000000000001e-01, -2.318781307099841e-02, -2.881124686703886e-01,  7.724113226303236e-02, -9.037181887531498e-03,  7.257155406180323e-01,  1.028782286523416e-02,  3.947256094511475e-02,  1.099166548856106e+00,  7.705087669677854e-03, -3.541168149443051e-02,  1.300760401775349e+00, -2.305997928196432e+00,  2.271835585109027e+00
  8.400000000000000e-01, -2.312771776893545e-02, -2.881989559189482e-01,  7.729718699529463e-02, -8.939358894541479e-03,  7.257901570733031e-01,  1.034079085403198e-02,  3.980911622615030e-02,  1.102710633149354e+00,  7.780062683488591e-03, -3.615280554200150e-02,  1.304510340424844e+00, -2.305746764734100e+00,  2.271246034938984e+00
  8.500000000000001e-01, -2.306485642230642e-02, -2.882929311613648e-01,  7.735721446394597e-02, -8.836243430127835e-03,  7.258677042240206e-01,  1.039726714989683e-02,  4.016322805948215e-02,  1.106326018216724e+00,  7.828752536814514e-03, -3.688437654119790e-02,  1.308348472267038e+00, -2.305514744041048e+00,  2.270668310308476e+00
  8.600000000000000e-01, -2.299636402545310e-02, -2.883961802321195e-01,  7.742296733572414e-02, -8.723689480478164e-03,  7.259520799852246e-01,  1.045905105257720e-02,  4.054983539678367e-02,  1.110133738159794e+00,  7.873398926824140e-03, -3.771358456754113e-02,  1.312318516658354e+00, -2.305186164632132e+00,  2.270034949164523e+00
  8.700000000000000e-01, -2.292507307240692e-02, -2.885071325264063e-01,  7.749279409820750e-02, -8.605747975572772e-03,  7.260394044928692e-01,  1.052441878774560e-02,  4.095458934524150e-02,  1.114008010394169e+00,  7.890601388109701e-03, -3.853160098421515e-02,  1.316373713027398e+00, -2.304877800513554e+00,  2.269416138208721e+00
  8.800000000000000e-01, -2.285087902415863e-02, -2.886258728624247e-01,  7.756676853471169e-02, -8.482261001680147e-03,  7.261298180245341e-01,  1.059344000159243e-02,  4.137824171558385e-02,  1.117952624072488e+00,  7.881114147561104e-03, -3.934267894465382e-02,  1.320515362665192e+00, -2.304585589100682e+00,  2.268809904666366e+00
  8.900000000000000e-01, -2.277101343694760e-02, -2.887541071565987e-01,  7.764657801600051e-02, -8.349225077427202e-03,  7.262270910120489e-01,  1.066784453196826e-02,  4.183517383443451e-02,  1.122082637228545e+00,  7.866751906684363e-03, -4.025200816476814e-02,  1.324780464351680e+00, -2.304193884906050e+00,  2.268150539905528e+00
  9.000000000000000e-01, -2.268836116795767e-02, -2.888900479638807e-01,  7.773046584562934e-02, -8.210808302002950e-03,  7.263272985204035e-01,  1.074582049532540e-02,  4.231077791469032e-02,  1.126276124154807e+00,  7.825208235051645e-03, -4.115271808497932e-02,  1.329125979511256e+00, -2.303819916448377e+00,  2.267506598289514e+00
  9.099999999999999e-01, -2.260293814878785e-02, -2.890335968422379e-01,  7.781838982909063e-02, -8.067050722949731e-03,  7.264304327838637e-01,  1.082732812678725e-02,  4.280514408716665e-02,  1.130533790306910e+00,  7.757256994722597e-03, -4.204735657234514e-02,  1.333550909291294e+00, -2.303461695820182e+00,  2.266877239750228e+00
  9.200000000000000e-01, -2.251196954964161e-02, -2.891864331976841e-01,  7.791203073594621e-02, -7.913944870728868e-03,  7.265402783719928e-01,  1.091408906423013e-02,  4.333261136536384e-02,  1.134968395278892e+00,  7.685159609527726e-03, -4.304308342574181e-02,  1.338085946160861e+00, -2.302998817166341e+00,  2.266195887154346e+00
  9.299999999999999e-01, -2.241849128571426e-02, -2.893464771542508e-01,  7.800946023519914e-02, -7.755922506708465e-03,  7.266527327649915e-01,  1.100413772353371e-02,  4.387776969632645e-02,  1.139457416114629e+00,  7.587012690643367e-03, -4.403102527810442e-02,  1.342690707039710e+00, -2.302553360155700e+00,  2.265532047235175e+00
  9.399999999999999e-01, -2.232173676649296e-02, -2.895140403451517e-01,  7.811108467296515e-02, -7.591908123688005e-03,  7.267688645954119e-01,  1.109790035606243e-02,  4.444463611138083e-02,  1.144033222456533e+00,  7.470392126527325e-03, -4.504526057217273e-02,  1.347370751139453e+00, -2.302087038587288e+00,  2.264865112232450e+00
  9.500000000000000e-01, -2.222234399366727e-02, -2.896884774273219e-01,  7.821641853557103e-02, -7.422877327757283e-03,  7.268878427383321e-01,  1.119489774996983e-02,  4.503001531356250e-02,  1.148671994462056e+00,  7.332561911064329e-03, -4.606813511766462e-02,  1.352115482242778e+00, -2.301620015616252e+00,  2.264207087280012e+00
  9.600000000000000e-01, -2.211927828863255e-02, -2.898702386173321e-01,  7.832602152554491e-02, -7.247372440513253e-03,  7.270111052190574e-01,  1.129571418774318e-02,  4.563922518208411e-02,  1.153415634722448e+00,  7.183490160443356e-03, -4.714525468544827e-02,  1.356929197336262e+00, -2.301099503880541e+00,  2.263530044766608e+00
  9.700000000000000e-01, -2.201328744862940e-02, -2.900585393930101e-01,  7.843931290584590e-02, -7.066543864126919e-03,  7.271376817344296e-01,  1.139977976438335e-02,  4.626843759749737e-02,  1.158235272410961e+00,  7.020156326181688e-03, -4.825604240877102e-02,  1.361798061021398e+00, -2.300548175538311e+00,  2.262847819966903e+00
  9.800000000000000e-01, -2.190507117533241e-02, -2.902525727080191e-01,  7.855572006885658e-02, -6.881484684062204e-03,  7.272666747083496e-01,  1.150653941249824e-02,  4.691403309363706e-02,  1.163106651818263e+00,  6.840353689397811e-03, -4.938365357658725e-02,  1.366709341045276e+00, -2.299985667115604e+00,  2.262171455035773e+00
  9.900000000000000e-01, -2.179474447618317e-02, -2.904518954422902e-01,  7.867502811562159e-02, -6.692441823198219e-03,  7.273979824812107e-01,  1.161580397729542e-02,  4.757533029117557e-02,  1.168025873655268e+00,  6.646411849293318e-03, -5.053229657049840e-02,  1.371654628276527e+00, -2.299405987760748e+00,  2.261499062125944e+00
  1.000000000000000e+00, -2.168240763776088e-02, -2.906560540437078e-01,  7.879702322947163e-02, -6.499645485887728e-03,  7.275315262135192e-01,  1.172738755390622e-02,  4.825168237376969e-02,  1.172990551528454e+00,  6.440957087236401e-03, -5.170812493121523e-02,  1.376624152595768e+00, -2.298801052592830e+00,  2.260827116383473e+00
  1.010000000000000e+00, -2.156848935021801e-02, -2.908643183861514e-01,  7.892126142710902e-02, -6.303818035570834e-03,  7.276667901129855e-01,  1.184087734833922e-02,  4.894070421437216e-02,  1.177984704985335e+00,  6.224555185749707e-03, -5.290499148856309e-02,  1.381605277046524e+00, -2.298176541086769e+00,  2.260159945521920e+00
  1.020000000000000e+00, -2.145342744643788e-02, -2.910759293743227e-01,  7.904728338095769e-02, -6.105700854201458e-03,  7.278032490397728e-01,  1.195584833208212e-02,  4.963992243841449e-02,  1.182993327881028e+00,  5.997883017385506e-03, -5.411762183526481e-02,  1.386584740445653e+00, -2.297537691277538e+00,  2.259500859914056e+00
  1.030000000000000e+00, -2.133757462016016e-02, -2.912901452818846e-01,  7.917466734011995e-02, -5.905920545956751e-03,  7.279404987318120e-01,  1.207191815103202e-02,  5.034722701174642e-02,  1.188002949859512e+00,  5.762513054975008e-03, -5.534359961860691e-02,  1.391549030903966e+00, -2.296885278782346e+00,  2.258851496481148e+00
  1.040000000000000e+00, -2.122131680867845e-02, -2.915061919331309e-01,  7.930296597053624e-02, -5.705155095665629e-03,  7.280780910915795e-01,  1.218868070135689e-02,  5.106029845156240e-02,  1.192999737654790e+00,  5.519833637164885e-03, -5.658015310947829e-02,  1.396483603622275e+00, -2.296220903851804e+00,  2.258213212360046e+00
  1.050000000000000e+00, -2.110509722781700e-02, -2.917232062946667e-01,  7.943167510857561e-02, -5.504178085428313e-03,  7.282155074066894e-01,  1.230567845070896e-02,  5.177644393187359e-02,  1.197966610355577e+00,  5.271143411017182e-03, -5.782229008988170e-02,  1.401373090990732e+00, -2.295547971830942e+00,  2.257588810246371e+00
  1.060000000000000e+00, -2.098936628646572e-02, -2.919403233390722e-01,  7.956028651604900e-02, -5.303773657419308e-03,  7.283522184997365e-01,  1.242245088936611e-02,  5.249290011019326e-02,  1.202886888482852e+00,  5.017632441559907e-03, -5.906525445037669e-02,  1.406201481564983e+00, -2.294870018035704e+00,  2.256980428789015e+00
  1.070000000000000e+00, -2.087458497341735e-02, -2.921566246408392e-01,  7.968826623564805e-02, -5.104752534118014e-03,  7.284876872454906e-01,  1.253851719765776e-02,  5.320676354156009e-02,  1.207742465824698e+00,  4.760719325359694e-03, -6.030383624187774e-02,  1.410952214848608e+00, -2.294190233663325e+00,  2.256390512743022e+00
  1.080000000000000e+00, -2.076121719617387e-02, -2.923712082443390e-01,  7.981508510028749e-02, -4.907926276909582e-03,  7.286213695840836e-01,  1.265340113516283e-02,  5.391509364060525e-02,  1.212515554353957e+00,  4.501609463747518e-03, -6.153279695274261e-02,  1.415608336366486e+00, -2.293512262092697e+00,  2.255821011550434e+00
  1.090000000000000e+00, -2.064974816054494e-02, -2.925831119560772e-01,  7.994018154422677e-02, -4.714148636518701e-03,  7.287526989180151e-01,  1.276659945294155e-02,  5.461475364895659e-02,  1.217186864308932e+00,  4.241657824475938e-03, -6.274613414716512e-02,  1.420152524403369e+00, -2.292839894882111e+00,  2.255274355670036e+00
  1.100000000000000e+00, -2.054064632342139e-02, -2.927914221535426e-01,  8.006301877722241e-02, -4.524241191298381e-03,  7.288811256613982e-01,  1.287763180210746e-02,  5.530268762809814e-02,  1.221737871885835e+00,  3.981994800682033e-03, -6.393805368618466e-02,  1.424567454241486e+00, -2.292177100653193e+00,  2.254752368573678e+00
  1.110000000000000e+00, -2.043439645564499e-02, -2.929951722174888e-01,  8.018303234161141e-02, -4.339059523525562e-03,  7.290060839040311e-01,  1.298599515180423e-02,  5.597567324086034e-02,  1.226149007357763e+00,  3.723916068916381e-03, -6.510223012514604e-02,  1.428835676305347e+00, -2.291527821379346e+00,  2.254257215650144e+00
  1.120000000000000e+00, -2.033144989279724e-02, -2.931934752436532e-01,  8.029970114764036e-02, -4.159398063676325e-03,  7.291270445384106e-01,  1.309122602320351e-02,  5.663067716444720e-02,  1.230401810833435e+00,  3.468455791335560e-03, -6.623263766677034e-02,  1.432940189617600e+00, -2.290896094179036e+00,  2.253790473925400e+00
  1.130000000000000e+00, -2.023226108719142e-02, -2.933854213352375e-01,  8.041249330245270e-02, -3.986061086413443e-03,  7.292434770226625e-01,  1.319285304852323e-02,  5.726459284628162e-02,  1.234477456789600e+00,  3.216753131150467e-03, -6.732299402158226e-02,  1.436864233023352e+00, -2.290285850979881e+00,  2.253353878265319e+00
  1.140000000000000e+00, -2.013726939093527e-02, -2.935701255792954e-01,  8.052089192444985e-02, -3.819827954172776e-03,  7.293548689478777e-01,  1.329041950977183e-02,  5.787437295218959e-02,  1.238357610141418e+00,  2.969907054620415e-03, -6.836709551906495e-02,  1.440591564999318e+00, -2.289700941303836e+00,  2.252948994918879e+00
  1.150000000000000e+00, -2.004685806371816e-02, -2.937468192906784e-01,  8.062444659996024e-02, -3.661378672584041e-03,  7.294607724832320e-01,  1.338352890178811e-02,  5.845730804813237e-02,  1.242025499091437e+00,  2.728763261245307e-03, -6.935921642782716e-02,  1.444107071536815e+00, -2.289145066712851e+00,  2.252576900756802e+00
  1.160000000000000e+00, -1.996140879186035e-02, -2.939147197818786e-01,  8.072270163948259e-02, -3.511394670682603e-03,  7.295607439924049e-01,  1.347178133649615e-02,  5.901065866842581e-02,  1.245464512409706e+00,  2.494288912405399e-03, -7.029360413253639e-02,  1.447396268759835e+00, -2.288621712391921e+00,  2.252238801667669e+00
  1.170000000000000e+00, -1.988126117403047e-02, -2.940731246243730e-01,  8.081524855894785e-02, -3.370484298419776e-03,  7.296543893481529e-01,  1.355481983322292e-02,  5.953193598929114e-02,  1.248659387399627e+00,  2.267332377267107e-03, -7.116492798217690e-02,  1.450445863648869e+00, -2.288134120377647e+00,  2.251935634944047e+00
  1.180000000000000e+00, -1.980671905704358e-02, -2.942213958487163e-01,  8.090171756990235e-02, -3.239194590003427e-03,  7.297413570533259e-01,  1.363232261899712e-02,  6.001886407527030e-02,  1.251596099625497e+00,  2.048681106367457e-03, -7.196824820196390e-02,  1.453243770757222e+00, -2.287685250583104e+00,  2.251668174719338e+00
  1.190000000000000e+00, -1.973804969126049e-02, -2.943589621991202e-01,  8.098177888571124e-02, -3.118009540488889e-03,  7.298213391878575e-01,  1.370400407551648e-02,  6.046939233335400e-02,  1.254261956056318e+00,  1.839063938751890e-03, -7.269906015198037e-02,  1.455779183588683e+00, -2.287277755014821e+00,  2.251437044650085e+00
  1.200000000000000e+00, -1.967548388612054e-02, -2.944853197191987e-01,  8.105514299001595e-02, -3.007350076930317e-03,  7.298940711394823e-01,  1.376961475236851e-02,  6.088170179427231e-02,  1.256645660160342e+00,  1.639153693038929e-03, -7.335332779284176e-02,  1.458042615859925e+00, -2.286913960197031e+00,  2.251242732721140e+00
  1.210000000000000e+00, -1.961920033641037e-02, -2.946000661943547e-01,  8.112158021535276e-02, -2.907545606328653e-03,  7.299593494615729e-01,  1.382895856823753e-02,  6.125431632218269e-02,  1.258737679759978e+00,  1.449494023780817e-03, -7.392761568793738e-02,  1.460026163947423e+00, -2.286595831570466e+00,  2.251085526445550e+00
  1.220000000000000e+00, -1.956939442046758e-02, -2.947027561471599e-01,  8.118083771862443e-02, -2.818957008399863e-03,  7.300169527976522e-01,  1.388181872772682e-02,  6.158565371058150e-02,  1.260528941095670e+00,  1.270815239698064e-03, -7.441866990578028e-02,  1.461722512298497e+00, -2.286325076417231e+00,  2.250965860887188e+00
  1.230000000000000e+00, -1.952616088526314e-02, -2.947931509914033e-01,  8.123278240432233e-02, -2.741766036790422e-03,  7.300667763896065e-01,  1.392808473303515e-02,  6.187480918838406e-02,  1.262013181258708e+00,  1.103491717348201e-03, -7.482421289917339e-02,  1.463126651373387e+00, -2.286102945336787e+00,  2.250883738555615e+00
  1.240000000000000e+00, -1.948963733999705e-02, -2.948709182548307e-01,  8.127722829799822e-02, -2.676231602350042e-03,  7.301086668544579e-01,  1.396759851221698e-02,  6.212061319818250e-02,  1.263184155265789e+00,  9.481753993138941e-04, -7.514199338192462e-02,  1.464233772080196e+00, -2.285930552404301e+00,  2.250839442735356e+00
  1.250000000000000e+00, -1.945986124707791e-02, -2.949359321581703e-01,  8.131410903927488e-02, -2.622434034222097e-03,  7.301425867838747e-01,  1.400030790017742e-02,  6.232258053432176e-02,  1.264038428775681e+00,  8.051672976236092e-04, -7.537074939825317e-02,  1.465041368956284e+00, -2.285808545152135e+00,  2.250832857965375e+00
  1.260000000000000e+00, -1.943688020117794e-02, -2.949880431526546e-01,  8.134334546028997e-02, -2.580471915517896e-03,  7.301684876516004e-01,  1.402614862973187e-02,  6.248018584284733e-02,  1.264573248114994e+00,  6.748973769828401e-04, -7.550950865887796e-02,  1.465547549641368e+00, -2.285737328216564e+00,  2.250863965209804e+00
  1.270000000000000e+00, -1.942074371325205e-02, -2.950270996889510e-01,  8.136485729695861e-02, -2.550446358460375e-03,  7.301863186228488e-01,  1.404505453360785e-02,  6.259292524028827e-02,  1.264786684742807e+00,  5.578517142107767e-04, -7.555757452826839e-02,  1.465751177899533e+00, -2.285717185070888e+00,  2.250932831647497e+00
  1.280000000000000e+00, -1.941147020090993e-02, -2.950530507926183e-01,  8.137861624111270e-02, -2.532394414563597e-03,  7.301960597604031e-01,  1.405700321935994e-02,  6.266057677155942e-02,  1.264678040805995e+00,  4.541444902737033e-04, -7.551391561401299e-02,  1.465653025872799e+00, -2.285749584805481e+00,  2.251039939382842e+00
  1.290000000000000e+00, -1.940892808095204e-02, -2.950657395584443e-01,  8.138460767582353e-02, -2.526180021680841e-03,  7.301979248293481e-01,  1.406200251139272e-02,  6.268343673525598e-02,  1.264252159256569e+00,  3.668582441149632e-04, -7.538917059714477e-02,  1.465246086561977e+00, -2.285819301828369e+00,  2.251176704334591e+00
  1.300000000000000e+00, -1.941338105257841e-02, -2.950654648444884e-01,  8.138285282823886e-02, -2.532081480911774e-03,  7.301914869640911e-01,  1.406003341922775e-02,  6.266078217064248e-02,  1.263502312800483e+00,  2.900212721720309e-04, -7.515995528280239e-02,  1.464553169201001e+00, -2.285960016140705e+00,  2.251364577835211e+00
  1.310000000000000e+00, -1.942435123586738e-02, -2.950523558209251e-01,  8.137357982956282e-02, -2.549442734314678e-03,  7.301774227502572e-01,  1.405133777748655e-02,  6.259473612312093e-02,  1.262442864593429e+00,  2.290332921725398e-04, -7.485073007832455e-02,  1.463560554029900e+00, -2.286139589640251e+00,  2.251582334381368e+00
  1.320000000000000e+00, -1.944194263122611e-02, -2.950264094097168e-01,  8.135674956129602e-02, -2.578400300893729e-03,  7.301555816304615e-01,  1.403586985720778e-02,  6.248492867369914e-02,  1.261074192568999e+00,  1.827277823179705e-04, -7.445558563042187e-02,  1.462277374924964e+00, -2.286367036049596e+00,  2.251836750740091e+00
  1.330000000000000e+00, -1.946603602293024e-02, -2.949878284997057e-01,  8.133248779945504e-02, -2.618750798247629e-03,  7.301261081814400e-01,  1.401374162679278e-02,  6.233218241126232e-02,  1.259402612457060e+00,  1.512302309409256e-04, -7.397681091702157e-02,  1.460709362859095e+00, -2.286641127305004e+00,  2.252127490860063e+00
  1.340000000000000e+00, -1.949650915014975e-02, -2.949368088968978e-01,  8.130091900662614e-02, -2.670288046586442e-03,  7.300891526028978e-01,  1.398506374198056e-02,  6.213735603760231e-02,  1.257435318741379e+00,  1.348216479869730e-04, -7.341728190341090e-02,  1.458862735297464e+00, -2.286959952965737e+00,  2.252454082509861e+00
  1.350000000000000e+00, -1.953316533626440e-02, -2.948737089646805e-01,  8.126226019740754e-02, -2.732671017474997e-03,  7.300449500111186e-01,  1.395002826149053e-02,  6.190183792569364e-02,  1.255181719144763e+00,  1.334536124929903e-04, -7.278046687714124e-02,  1.456745714390126e+00, -2.287321563207319e+00,  2.252815850950773e+00
  1.360000000000000e+00, -1.957585051717164e-02, -2.947987944287295e-01,  8.121667607264743e-02, -2.805635249158559e-03,  7.299936870578424e-01,  1.390878023239758e-02,  6.162675740774960e-02,  1.252651033531041e+00,  1.473350212653316e-04, -7.206974690132384e-02,  1.454366605900431e+00, -2.287723968079447e+00,  2.253212419906403e+00
  1.370000000000000e+00, -1.962432677396656e-02, -2.947125002109023e-01,  8.116442991648506e-02, -2.888767653995372e-03,  7.299356480366472e-01,  1.386155226762988e-02,  6.131381341300437e-02,  1.249854891291898e+00,  1.764037727466732e-04, -7.128941024029613e-02,  1.451735590307392e+00, -2.288164644200003e+00,  2.253642964106469e+00
  1.380000000000000e+00, -1.967834351561469e-02, -2.946152838623061e-01,  8.110579889582857e-02, -2.981633180644751e-03,  7.298711324893258e-01,  1.380858915040737e-02,  6.096480276985877e-02,  1.246805792233473e+00,  2.206062059499903e-04, -7.044400924717387e-02,  1.448863721096682e+00, -2.288640895057982e+00,  2.254106640566391e+00
  1.390000000000000e+00, -1.973762075357783e-02, -2.945076595003168e-01,  8.104109368288175e-02, -3.083745252345446e-03,  7.298004746012952e-01,  1.375016548531541e-02,  6.058172480370503e-02,  1.243517398273941e+00,  2.798258456702501e-04, -6.953847329660867e-02,  1.445763113029314e+00, -2.289149776261854e+00,  2.254602471342035e+00
  1.400000000000000e+00, -1.980184966766592e-02, -2.943901966649560e-01,  8.097065771981726e-02, -3.194566844304982e-03,  7.297240425115682e-01,  1.368658518584032e-02,  6.016677264187992e-02,  1.240004461107432e+00,  3.538770996957532e-04, -6.857807000917937e-02,  1.442446884418392e+00, -2.289688115622917e+00,  2.255129331438885e+00
  1.410000000000000e+00, -1.987069424235274e-02, -2.942635172592889e-01,  8.089486532230405e-02, -3.313513403561662e-03,  7.296422363405974e-01,  1.361817991872613e-02,  5.972231760810458e-02,  1.236282723167625e+00,  4.425006660166520e-04, -6.756835675702266e-02,  1.438929072730007e+00, -2.290252540957203e+00,  2.255685940543366e+00
  1.420000000000000e+00, -1.994379369964961e-02, -2.941282911598025e-01,  8.081411895887951e-02, -3.439957115122467e-03,  7.295554852518177e-01,  1.354530680004785e-02,  5.925088865391801e-02,  1.232368795724922e+00,  5.453595323123899e-04, -6.651512406523796e-02,  1.435224527794008e+00, -2.290839514008776e+00,  2.256270857775073e+00
  1.430000000000000e+00, -2.002077678124300e-02, -2.939852071888951e-01,  8.072883236597075e-02, -3.573252274658834e-03,  7.294642308459692e-01,  1.346833343166592e-02,  5.875507429638290e-02,  1.228279669884045e+00,  6.620828530664563e-04, -6.542415090710918e-02,  1.431348679665475e+00, -2.291445474908960e+00,  2.256882637434047e+00
  1.440000000000000e+00, -2.010121914507621e-02, -2.938350642912907e-01,  8.063948243835160e-02, -3.712658888731113e-03,  7.293689758943722e-01,  1.338768429186412e-02,  5.823779910819107e-02,  1.224033980530751e+00,  7.920657716453837e-04, -6.430186568501917e-02,  1.427317861453247e+00, -2.292066470064970e+00,  2.257519198865072e+00
  1.450000000000000e+00, -2.018471897572423e-02, -2.936786133231796e-01,  8.054651836812206e-02, -3.857477666879240e-03,  7.292701972365878e-01,  1.330375974069138e-02,  5.770182288194217e-02,  1.219649682154748e+00,  9.347759807262614e-04, -6.315417830442716e-02,  1.423148436050720e+00, -2.292698814756960e+00,  2.258178781800412e+00
  1.460000000000000e+00, -2.027085387032146e-02, -2.935166402599383e-01,  8.045041058023672e-02, -4.006974729618870e-03,  7.291683964185600e-01,  1.321698013726180e-02,  5.715001177454097e-02,  1.215145194006780e+00,  1.089624894264305e-03, -6.198720081219200e-02,  1.418857051840154e+00, -2.293338499122691e+00,  2.258859336700067e+00
  1.470000000000000e+00, -2.035918887110398e-02, -2.933499882866344e-01,  8.035165648509064e-02, -4.160387210903796e-03,  7.290640847921620e-01,  1.312778931678545e-02,  5.658532310236842e-02,  1.210539447601723e+00,  1.255681425217456e-03, -6.080676699762399e-02,  1.414460767385514e+00, -2.293982259031341e+00,  2.259558638927915e+00
  1.480000000000000e+00, -2.044930937828436e-02, -2.931794400499137e-01,  8.025072152784464e-02, -4.316993046155707e-03,  7.289577526779021e-01,  1.303660419001814e-02,  5.601053430219620e-02,  1.205850236130991e+00,  1.432196185525710e-03, -5.961827616465243e-02,  1.409976210543138e+00, -2.294626622905523e+00,  2.260274739435198e+00
  1.490000000000000e+00, -2.054075903151727e-02, -2.930058621936830e-01,  8.014811945737925e-02, -4.475996952818175e-03,  7.288499387455893e-01,  1.294388596546955e-02,  5.542866291222011e-02,  1.201096940789548e+00,  1.618239582640146e-03, -5.842805976297427e-02,  1.405420131368447e+00, -2.295267410026591e+00,  2.261004635324026e+00
  1.500000000000000e+00, -2.063312883413640e-02, -2.928300456570925e-01,  8.004431604339274e-02, -4.636683307808215e-03,  7.287411235514254e-01,  1.285005276145182e-02,  5.484240939181014e-02,  1.196296831728020e+00,  1.812827490408143e-03, -5.724093580258937e-02,  1.400808774811318e+00, -2.295901700431275e+00,  2.261746239702939e+00
  1.510000000000000e+00, -2.072599476952747e-02, -2.926527942774581e-01,  7.993978723824066e-02, -4.798314402523907e-03,  7.286318073989941e-01,  1.275553363050314e-02,  5.425452041348301e-02,  1.191467321105264e+00,  2.015016012247657e-03, -5.606210709943049e-02,  1.396158009507880e+00, -2.296525876984380e+00,  2.262496993348826e+00
  1.520000000000000e+00, -2.081897189622035e-02, -2.924749005192471e-01,  7.983498962463478e-02, -4.960206796549241e-03,  7.285224352300260e-01,  1.266073792849144e-02,  5.366752591924213e-02,  1.186624794779234e+00,  2.223407459453201e-03, -5.489540030532858e-02,  1.391483260854017e+00, -2.297138369964666e+00,  2.263254802239162e+00
  1.530000000000000e+00, -2.091167475332268e-02, -2.922971134037816e-01,  7.973036227422028e-02, -5.121686663550890e-03,  7.284134588151759e-01,  1.256606230442178e-02,  5.308387952767052e-02,  1.181784454438405e+00,  2.436901320107493e-03, -5.374466776626986e-02,  1.386799157290673e+00, -2.297736594179431e+00,  2.264017621101613e+00
  1.540000000000000e+00, -2.100369447422548e-02, -2.921202197509636e-01,  7.962636740041504e-02, -5.282041503414294e-03,  7.283053582505964e-01,  1.247192563294104e-02,  5.250614483007379e-02,  1.176962919519341e+00,  2.654369056253480e-03, -5.261491618838487e-02,  1.382119868617940e+00, -2.298317022937155e+00,  2.264782198706877e+00
  1.550000000000000e+00, -2.109469121150532e-02, -2.919449153839205e-01,  7.952340530057597e-02, -5.440670189160769e-03,  7.281985263112929e-01,  1.237868956104451e-02,  5.193645650213414e-02,  1.172173265762902e+00,  2.874463995374946e-03, -5.150862609993023e-02,  1.377458563337400e+00, -2.298878443360399e+00,  2.265546942097562e+00
  1.560000000000000e+00, -2.118434303459344e-02, -2.917718712140970e-01,  7.942185941569814e-02, -5.597001092744501e-03,  7.280933331678437e-01,  1.228670076435794e-02,  5.137681457929844e-02,  1.167427462563167e+00,  3.095768477632842e-03, -5.042774721953247e-02,  1.372827531417280e+00, -2.299420024326162e+00,  2.266310439685612e+00
  1.570000000000000e+00, -2.127231246767079e-02, -2.916017659948683e-01,  7.932212163344605e-02, -5.750440873351875e-03,  7.279901702675317e-01,  1.219631541247993e-02,  5.082926981965860e-02,  1.162738542180945e+00,  3.316988426284439e-03, -4.937543530547384e-02,  1.368238344004013e+00, -2.299939732899707e+00,  2.267070170688072e+00
  1.580000000000000e+00, -2.135830235371265e-02, -2.914352114207768e-01,  7.922454210271704e-02, -5.900464443701632e-03,  7.278893800353767e-01,  1.210785199246381e-02,  5.029560174894802e-02,  1.158116746270942e+00,  3.536797190888334e-03, -4.835328013757233e-02,  1.363701531038247e+00, -2.300436604673192e+00,  2.267824738315535e+00
  1.590000000000000e+00, -2.144188301727794e-02, -2.912728908065237e-01,  7.912954767691864e-02, -6.046357473070019e-03,  7.277914868587615e-01,  1.202170848984726e-02,  4.977823662137176e-02,  1.153576945590348e+00,  3.754976685094255e-03, -4.736806948234751e-02,  1.359227872585628e+00, -2.300903262108200e+00,  2.268569361438827e+00
  1.600000000000000e+00, -2.152304426745892e-02, -2.911151807527159e-01,  7.903728944577917e-02, -6.188024023909226e-03,  7.276964501256877e-01,  1.193800785165326e-02,  4.927739558668053e-02,  1.149119006909626e+00,  3.968361518646852e-03, -4.641203020781238e-02,  1.354824216038017e+00, -2.301350016206929e+00,  2.269308207767912e+00
  1.610000000000000e+00, -2.160144029343872e-02, -2.909626545669243e-01,  7.894811943615206e-02, -6.324884780182402e-03,  7.276046881353322e-01,  1.185707842519769e-02,  4.879498806974313e-02,  1.144753940356933e+00,  4.176499665337554e-03, -4.548967132381065e-02,  1.350499053169495e+00, -2.301771668398825e+00,  2.270037859334697e+00
  1.620000000000000e+00, -2.167735202416330e-02, -2.908154412937171e-01,  7.886198368912786e-02, -6.457280711526804e-03,  7.275157732768243e-01,  1.177884124350084e-02,  4.832964015775626e-02,  1.140468153394055e+00,  4.374418458054589e-03, -4.458264167783898e-02,  1.346254273618718e+00, -2.302189540848226e+00,  2.270769399513287e+00
  1.630000000000000e+00, -2.174977139035955e-02, -2.906745008683172e-01,  7.877962988184083e-02, -6.583679244118002e-03,  7.274310294341990e-01,  1.170403004069939e-02,  4.788663044372768e-02,  1.136299451445611e+00,  4.567110267755811e-03, -4.372186235636909e-02,  1.342103359276444e+00, -2.302567875371131e+00,  2.271482350034577e+00
  1.640000000000000e+00, -2.181885988211606e-02, -2.905399757991834e-01,  7.870105291695616e-02, -6.704262281320005e-03,  7.273502003631699e-01,  1.163262181892105e-02,  4.746513711259558e-02,  1.132238856725902e+00,  4.751027905498859e-03, -4.289462525527908e-02,  1.338048272385996e+00, -2.302921181608980e+00,  2.272184214600828e+00
  1.650000000000000e+00, -2.188345958532005e-02, -2.904128264278260e-01,  7.862705496257019e-02, -6.817301640806726e-03,  7.272748271205492e-01,  1.156541609026502e-02,  4.707115580292651e-02,  1.128331247413244e+00,  4.933063753538010e-03, -4.213876906442059e-02,  1.334105178518966e+00, -2.303206307398597e+00,  2.272850166446291e+00
  1.660000000000000e+00, -2.194538455364007e-02, -2.902920813736356e-01,  7.855658451561948e-02, -6.925391575264226e-03,  7.272024154152245e-01,  1.150133158454053e-02,  4.669523595806816e-02,  1.124500299927939e+00,  5.097371488670783e-03, -4.138082152692933e-02,  1.330255087695503e+00, -2.303506417839149e+00,  2.273526512399574e+00
  1.670000000000000e+00, -2.200455489161066e-02, -2.901779689042096e-01,  7.848975934252271e-02, -7.028378421939619e-03,  7.271330473669398e-01,  1.144047514868628e-02,  4.633772382286607e-02,  1.120746118928443e+00,  5.242898561323459e-03, -4.061940917769479e-02,  1.326498602182539e+00, -2.303821906230354e+00,  2.274213550312262e+00
  1.680000000000000e+00, -2.205828871604801e-02, -2.900722735506951e-01,  7.842826574039294e-02, -7.122355350433076e-03,  7.270703570156433e-01,  1.138456039071163e-02,  4.601246062558833e-02,  1.117178474675928e+00,  5.389544009403503e-03, -3.995237894677216e-02,  1.322871630406909e+00, -2.304042669861543e+00,  2.274848134907868e+00
  1.690000000000000e+00, -2.210904192604010e-02, -2.899735579341495e-01,  7.837063347846805e-02, -7.210860142763236e-03,  7.270109862021102e-01,  1.133208316148518e-02,  4.570658915527694e-02,  1.113693556854751e+00,  5.517055111008468e-03, -3.928434408681624e-02,  1.319342554762719e+00, -2.304275020237136e+00,  2.275490721143254e+00
  1.700000000000000e+00, -2.215597508694197e-02, -2.898823911837070e-01,  7.831739332459746e-02, -7.292668921493443e-03,  7.269560702805402e-01,  1.128358443036554e-02,  4.542434775914882e-02,  1.110325491881936e+00,  5.631461304318593e-03, -3.864541352980842e-02,  1.315922614902622e+00, -2.304484784876718e+00,  2.276121508532404e+00
  1.710000000000000e+00, -2.220019586447107e-02, -2.897981352529295e-01,  7.826788579332421e-02, -7.369375532424632e-03,  7.269040930340552e-01,  1.123838908554861e-02,  4.515983831696391e-02,  1.107025896147218e+00,  5.723504794393264e-03, -3.799252830441623e-02,  1.312594967234351e+00, -2.304718587523934e+00,  2.276767678717964e+00
  1.720000000000000e+00, -2.223879870389685e-02, -2.897224829075234e-01,  7.822384225759933e-02, -7.436801463604992e-03,  7.268590260842120e-01,  1.119828055803553e-02,  4.492803101928094e-02,  1.103921138114733e+00,  5.816768994252362e-03, -3.743696070064661e-02,  1.309403638646643e+00, -2.304854440710261e+00,  2.277357163626125e+00
  1.730000000000000e+00, -2.227460499048256e-02, -2.896537198059767e-01,  7.818355063853662e-02, -7.499023174496976e-03,  7.268170217250310e-01,  1.116150843468628e-02,  4.471409003228556e-02,  1.100889878206960e+00,  5.888706994805134e-03, -3.687200904827302e-02,  1.306305502602176e+00, -2.305008634827836e+00,  2.277958115351738e+00
  1.740000000000000e+00, -2.230776514663292e-02, -2.895916945935960e-01,  7.814689495924776e-02, -7.556272512796524e-03,  7.267778830830494e-01,  1.112796176397405e-02,  4.451705896749089e-02,  1.097926317748037e+00,  5.938557254940142e-03, -3.629367094549440e-02,  1.303296723483035e+00, -2.305184705495974e+00,  2.278572738615981e+00
  1.750000000000000e+00, -2.233568560166412e-02, -2.895377655633430e-01,  7.811536008949138e-02, -7.604853950424558e-03,  7.267451772631017e-01,  1.109918597084826e-02,  4.435028949119861e-02,  1.095148692165087e+00,  5.988664265912402e-03, -3.580484900296453e-02,  1.300420354837865e+00, -2.305271893929310e+00,  2.279134076298492e+00
  1.760000000000000e+00, -2.236105435327830e-02, -2.894902662268582e-01,  7.808730270807278e-02, -7.648657687613084e-03,  7.267152438233925e-01,  1.107350166530614e-02,  4.419959671281731e-02,  1.092440754012492e+00,  6.017942556605116e-03, -3.530572346263749e-02,  1.297631751511874e+00, -2.305377560340713e+00,  2.279706139320605e+00
  1.770000000000000e+00, -2.238317120432066e-02, -2.894494286795589e-01,  7.806306997945546e-02, -7.686716657109305e-03,  7.266890650752413e-01,  1.105128500831520e-02,  4.406845687061792e-02,  1.089837967581338e+00,  6.033560041683721e-03, -3.482782478612466e-02,  1.294942740852014e+00, -2.305467930238717e+00,  2.280268063385011e+00
  1.780000000000000e+00, -2.240322398020091e-02, -2.894144194855545e-01,  7.804189731750376e-02, -7.720771700134414e-03,  7.266650375547364e-01,  1.103176377860262e-02,  4.395048530460340e-02,  1.087290931155741e+00,  6.027061643560201e-03, -3.433018742949122e-02,  1.292332158133667e+00, -2.305586489656345e+00,  2.280845960752375e+00
  1.790000000000000e+00, -2.241854198147538e-02, -2.893864765468115e-01,  7.802525035331467e-02, -7.747053084964847e-03,  7.266468577314127e-01,  1.101647993955528e-02,  4.385947852142846e-02,  1.084928112180320e+00,  6.022855587479186e-03, -3.392270218776704e-02,  1.289849444296507e+00, -2.305617512389261e+00,  2.281367900653350e+00
  1.800000000000000e+00, -2.243199170276566e-02, -2.893638221552834e-01,  7.801137750796054e-02, -7.769708340565638e-03,  7.266306227841655e-01,  1.100364080067679e-02,  4.378027531918120e-02,  1.082624227068476e+00,  5.998605370846646e-03, -3.350017850777752e-02,  1.287443070599593e+00, -2.305672459995075e+00,  2.281901690413800e+00
  1.810000000000000e+00, -2.244288030369245e-02, -2.893465922428207e-01,  7.800058561977478e-02, -7.787801083310792e-03,  7.266173184360051e-01,  1.099358934086331e-02,  4.371633377671095e-02,  1.080418005027998e+00,  5.962262269743879e-03, -3.309646941744136e-02,  1.285126704078630e+00, -2.305716061384523e+00,  2.282424759432612e+00
  1.820000000000000e+00, -2.245243726290498e-02, -2.893338947668115e-01,  7.799207224667216e-02, -7.803139154704580e-03,  7.266052895478531e-01,  1.098551647316831e-02,  4.366104008318945e-02,  1.078258967983272e+00,  5.905412154991485e-03, -3.267053690681986e-02,  1.282877516252443e+00, -2.305791491582916e+00,  2.282963321099238e+00
  1.830000000000000e+00, -2.245799940683154e-02, -2.893268485899670e-01,  7.798725340064482e-02, -7.811989033559406e-03,  7.265982389431482e-01,  1.098092417572025e-02,  4.362822458410656e-02,  1.076280481082450e+00,  5.853400667873062e-03, -3.233458784597242e-02,  1.280749410261265e+00, -2.305782658344721e+00,  2.283443464716529e+00
  1.840000000000000e+00, -2.246249746597375e-02, -2.893236640631127e-01,  7.798434985077496e-02, -7.818584360267526e-03,  7.265921726338037e-01,  1.097798734056636e-02,  4.360235036162698e-02,  1.074352302416491e+00,  5.783247608705995e-03, -3.198114795123529e-02,  1.278686243752558e+00, -2.305801857681597e+00,  2.283934765758979e+00
  1.850000000000000e+00, -2.246523863731854e-02, -2.893244262146574e-01,  7.798364852851714e-02, -7.821999915992115e-03,  7.265880837547243e-01,  1.097703303946836e-02,  4.358691332539189e-02,  1.072515174905567e+00,  5.703370193667502e-03, -3.164524814249068e-02,  1.276703311905787e+00, -2.305813283892211e+00,  2.284413696229568e+00
  1.860000000000000e+00, -2.246744070327207e-02, -2.893282463430883e-01,  7.798435283783098e-02, -7.824027224900680e-03,  7.265843337910297e-01,  1.097725798838405e-02,  4.357535867981844e-02,  1.070718606073126e+00,  5.605523691856695e-03, -3.128651056689867e-02,  1.274777026306945e+00, -2.305858940653001e+00,  2.284906099698423e+00
  1.870000000000000e+00, -2.246648028977124e-02, -2.893361524148677e-01,  7.798782846645846e-02, -7.821004961489157e-03,  7.265845810118972e-01,  1.098011875072051e-02,  4.358139692349593e-02,  1.069097202593430e+00,  5.515307671413218e-03, -3.101665060206037e-02,  1.272964159569318e+00, -2.305824835297430e+00,  2.285338028602695e+00
  1.880000000000000e+00, -2.246526202604664e-02, -2.893464124190993e-01,  7.799232867411056e-02, -7.817119567486612e-03,  7.265848610761521e-01,  1.098381907035543e-02,  4.358958777851017e-02,  1.067518761532441e+00,  5.409632478146274e-03, -3.072826287098705e-02,  1.271205736192338e+00, -2.305821638404383e+00,  2.285779306431355e+00
  1.890000000000000e+00, -2.246308519203864e-02, -2.893590953711535e-01,  7.799813704502540e-02, -7.811438950431958e-03,  7.265861809583645e-01,  1.098868444740223e-02,  4.360351347164537e-02,  1.066024669185650e+00,  5.297153203360835e-03, -3.045657361777997e-02,  1.269518198416576e+00, -2.305813712797919e+00,  2.286206182500535e+00
  1.900000000000000e+00, -2.246112023353484e-02, -2.893733548628382e-01,  7.800449103330083e-02, -7.805683233376057e-03,  7.265869647373652e-01,  1.099394517458908e-02,  4.361686770002587e-02,  1.064564768438256e+00,  5.169885025428804e-03, -3.016217843528500e-02,  1.267877637244910e+00, -2.305841392049189e+00,  2.286643975111081e+00
  1.910000000000000e+00, -2.245772283200843e-02, -2.893897127247548e-01,  7.801219831483308e-02, -7.797584798411404e-03,  7.265895231808611e-01,  1.100047629681883e-02,  4.363826019303618e-02,  1.063226543070160e+00,  5.044931681923655e-03, -2.991751366005422e-02,  1.266321728150095e+00, -2.305831493019920e+00,  2.287044420615132e+00
  1.920000000000000e+00, -2.245290382961495e-02, -2.894078834319798e-01,  7.802114215775845e-02, -7.787221530567383e-03,  7.265938819848724e-01,  1.100818479592050e-02,  4.366755932402167e-02,  1.062016400292183e+00,  4.924654276173147e-03, -2.972886575771037e-02,  1.264852526225895e+00, -2.305778218217081e+00,  2.287402766456011e+00
  1.930000000000000e+00, -2.244880911882565e-02, -2.894265766107709e-01,  7.803002772607323e-02, -7.777688814525947e-03,  7.265971139134145e-01,  1.101574036992158e-02,  4.369328756694617e-02,  1.060834038964472e+00,  4.792094146315653e-03, -2.951669733628035e-02,  1.263423461653001e+00, -2.305761991350167e+00,  2.287770886463122e+00
  1.940000000000000e+00, -2.244460409869080e-02, -2.894459377973829e-01,  7.803921781999647e-02, -7.767862331957123e-03,  7.266004091418112e-01,  1.102355026430707e-02,  4.371979343280070e-02,  1.059725789606486e+00,  4.656960035359087e-03, -2.932002588249814e-02,  1.262054397810473e+00, -2.305743493365733e+00,  2.288122592892503e+00
  1.950000000000000e+00, -2.244144340238030e-02, -2.894651801408475e-01,  7.804797909164986e-02, -7.759428341960397e-03,  7.266022060280565e-01,  1.103087014434305e-02,  4.374085064742489e-02,  1.058638376994711e+00,  4.510924200370688e-03, -2.909780123349746e-02,  1.260719765629282e+00, -2.305763793303991e+00,  2.288484528677107e+00
  1.960000000000000e+00, -2.243659984564014e-02, -2.894853476181634e-01,  7.805772178545117e-02, -7.748585919837732e-03,  7.266063112232232e-01,  1.103920630538551e-02,  4.377093082455819e-02,  1.057712148514528e+00,  4.380720374586224e-03, -2.896401256853041e-02,  1.259483719224347e+00, -2.305708861442461e+00,  2.288781082437073e+00
  1.970000000000000e+00, -2.243296146540165e-02, -2.895048671739315e-01,  7.806676769632777e-02, -7.739464634774083e-03,  7.266087613464141e-01,  1.104681911408803e-02,  4.379457727798398e-02,  1.056805524111347e+00,  4.242066691307006e-03, -2.880704119790243e-02,  1.258280038254247e+00, -2.305690166002310e+00,  2.289085546149007e+00
  1.980000000000000e+00, -2.242969381023277e-02, -2.895239245345393e-01,  7.807549545875631e-02, -7.730931395253373e-03,  7.266107405209471e-01,  1.105412814141615e-02,  4.381618308106471e-02,  1.055962553981680e+00,  4.104275729796933e-03, -2.866387174643224e-02,  1.257128558715573e+00, -2.305670537541090e+00,  2.289373203690040e+00
  1.990000000000000e+00, -2.242691036468642e-02, -2.895422782431313e-01,  7.808376809595832e-02, -7.723188645046462e-03,  7.266121190472632e-01,  1.106100951517735e-02,  4.383509250607073e-02,  1.055179004981738e+00,  3.967912096170210e-03, -2.853288555925457e-02,  1.256026864856997e+00, -2.305651319940849e+00,  2.289644852376537e+00
  2.000000000000000e+00, -2.242568220992787e-02, -2.895592659322873e-01,  7.809093189950579e-02, -7.717785657808621e-03,  7.266114384658200e-01,  1.106679372145898e-02,  4.384552189718937e-02,  1.054401183638039e+00,  3.824614152774347e-03, -2.837335159072561e-02,  1.254949125676326e+00, -2.305672425641709e+00,  2.289927149825405e+00
  2.010000000000000e+00, -2.242315221720947e-02, -2.895760467215794e-01,  7.809849032124476e-02, -7.710725657846891e-03,  7.266126773331131e-01,  1.107307887969951e-02,  4.386274554826682e-02,  1.053774086091778e+00,  3.701760890406046e-03, -2.830178536832937e-02,  1.253964057771353e+00, -2.305618321081946e+00,  2.290142974522399e+00
  2.020000000000000e+00, -2.242222312090970e-02, -2.895911581761413e-01,  7.810480326947154e-02, -7.706132945834779e-03,  7.266118348625176e-01,  1.107815334210832e-02,  4.387117347503084e-02,  1.053149401229992e+00,  3.573873809674723e-03, -2.820257528773238e-02,  1.253001063242239e+00, -2.305602788606303e+00,  2.290368491374826e+00
  2.030000000000000e+00, -2.242194051010645e-02, -2.896049288312841e-01,  7.811034975748453e-02, -7.702685553883470e-03,  7.266102485720479e-01,  1.108253281955584e-02,  4.387589380085412e-02,  1.052573954961454e+00,  3.450548644477982e-03, -2.811450363022414e-02,  1.252082416538262e+00, -2.305587010773076e+00,  2.290577970743143e+00
  2.040000000000000e+00, -2.242235134080586e-02, -2.896172506150373e-01,  7.811506985861964e-02, -7.700469101750638e-03,  7.266078659742841e-01,  1.108616352935752e-02,  4.387663246720290e-02,  1.052042968221582e+00,  3.332019729161156e-03, -2.803548959270772e-02,  1.251205942404146e+00, -2.305572490438222e+00,  2.290772698270167e+00
  2.050000000000000e+00, -2.242443824673444e-02, -2.896276146446831e-01,  7.811840284626920e-02, -7.700882897389168e-03,  7.266033347321923e-01,  1.108846177126817e-02,  4.386808310636128e-02,  1.051502953842347e+00,  3.209715227796293e-03, -2.792522433438459e-02,  1.250345883326701e+00, -2.305598068220356e+00,  2.290979216595858e+00
  2.060000000000000e+00, -2.242528752322728e-02, -2.896373003882702e-01,  7.812192058976369e-02, -7.699829126108349e-03,  7.266006980404485e-01,  1.109108737300528e-02,  4.386591855532482e-02,  1.051099704697741e+00,  3.110668339133882e-03, -2.789957015106202e-02,  1.249573341274046e+00, -2.305549810663539e+00,  2.291121077852134e+00
  2.070000000000000e+00, -2.242869611849594e-02, -2.896445706950016e-01,  7.812354708025113e-02, -7.702663463520353e-03,  7.265946971985596e-01,  1.109185572896557e-02,  4.384968581406336e-02,  1.050634008409319e+00,  3.000028652892390e-03, -2.780394936152406e-02,  1.248791746520381e+00, -2.305578119934657e+00,  2.291300272571374e+00
  2.080000000000000e+00, -2.243169655846699e-02, -2.896507715776750e-01,  7.812490019352057e-02, -7.705202851136156e-03,  7.265894437804054e-01,  1.109247057926484e-02,  4.383536944173736e-02,  1.050253641485718e+00,  2.904950312327020e-03, -2.775540826928589e-02,  1.248073563224448e+00, -2.305568089891525e+00,  2.291439670687632e+00
  2.090000000000000e+00, -2.243529597746078e-02, -2.896554719211540e-01,  7.812544099311138e-02, -7.708861249882117e-03,  7.265835386276793e-01,  1.109236161155716e-02,  4.381754669771645e-02,  1.049901714380281e+00,  2.815855058912036e-03, -2.771071871488305e-02,  1.247391489657830e+00, -2.305561250297332e+00,  2.291567886341311e+00
  2.100000000000000e+00, -2.243938587962252e-02, -2.896587643801908e-01,  7.812524580505918e-02, -7.713476013196380e-03,  7.265771257696588e-01,  1.109160452774106e-02,  4.379680985971549e-02,  1.049578381458278e+00,  2.733259255295925e-03, -2.767118747878781e-02,  1.246746063070256e+00, -2.305555672169759e+00,  2.291684202743345e+00
  2.110000000000000e+00, -2.244389593021370e-02, -2.896607416097468e-01,  7.812437699540477e-02, -7.718934414393430e-03,  7.265702938527049e-01,  1.109025847209731e-02,  4.377354968274699e-02,  1.049281626445409e+00,  2.657180792287110e-03, -2.763632165291073e-02,  1.246136756878026e+00, -2.305551192728414e+00,  2.291789131889675e+00
  2.120000000000000e+00, -2.244875223052972e-02, -2.896615128813471e-01,  7.812290480487818e-02, -7.725115346725400e-03,  7.265631342865301e-01,  1.108838927493297e-02,  4.374817980289560e-02,  1.049009500642290e+00,  2.587543548142467e-03, -2.760558158952973e-02,  1.245563058674468e+00, -2.305547715708410e+00,  2.291883260948021e+00
  2.130000000000000e+00, -2.245387714597822e-02, -2.896612015657122e-01,  7.812090641549355e-02, -7.731889662612194e-03,  7.265557418580663e-01,  1.108606875024289e-02,  4.372113711505718e-02,  1.048760222491180e+00,  2.524202472210025e-03, -2.757846493019664e-02,  1.245024501018492e+00, -2.305545137998636e+00,  2.291967197661291e+00
  2.140000000000000e+00, -2.245919105235335e-02, -2.896599415034019e-01,  7.811846387581067e-02, -7.739123270227579e-03,  7.265482127231556e-01,  1.108337281713802e-02,  4.369287173531509e-02,  1.048532177146789e+00,  2.466953025067789e-03, -2.755451371931270e-02,  1.244520643003363e+00, -2.305543349990155e+00,  2.292041565433582e+00
  2.149999999999999e+00, -2.246461407736981e-02, -2.896578733291035e-01,  7.811566200965595e-02, -7.746680235240835e-03,  7.265406424112193e-01,  1.108037960822851e-02,  4.366383696157200e-02,  1.048323910432058e+00,  2.415540925333101e-03, -2.753331762911058e-02,  1.244051051648643e+00, -2.305542238650597e+00,  2.292106999514604e+00
  2.160000000000000e+00, -2.247006771380787e-02, -2.896551409566638e-01,  7.811258643569870e-02, -7.754425677085688e-03,  7.265331239939853e-01,  1.107716768349318e-02,  4.363447993894016e-02,  1.048134119152580e+00,  2.369672006316307e-03, -2.751451545179948e-02,  1.243615284005621e+00, -2.305541690757515e+00,  2.292164142090937e+00
  2.170000000000000e+00, -2.247547634654690e-02, -2.896518882375159e-01,  7.810932168720541e-02, -7.762228515150521e-03,  7.265257463531527e-01,  1.107381433418668e-02,  4.360523280344179e-02,  1.047961636289767e+00,  2.329021531120019e-03, -2.749779438676557e-02,  1.243212867174486e+00, -2.305541595681648e+00,  2.292213637219326e+00
  2.180000000000000e+00, -2.247982300890059e-02, -2.896486796528337e-01,  7.810646299950752e-02, -7.768632140825398e-03,  7.265199034979338e-01,  1.107093554370527e-02,  4.358162631826134e-02,  1.047854602073105e+00,  2.301965213781283e-03, -2.752087177308746e-02,  1.242867999886069e+00, -2.305505369534506e+00,  2.292231155712011e+00
  2.190000000000000e+00, -2.248494828173625e-02, -2.896447949078442e-01,  7.810305218475846e-02, -7.776205475092430e-03,  7.265130287543504e-01,  1.106750964449064e-02,  4.355371483759985e-02,  1.047712955916128e+00,  2.270564666350209e-03, -2.750696947236884e-02,  1.242530291292227e+00, -2.305506463901856e+00,  2.292267666604635e+00
  2.200000000000000e+00, -2.249083453526584e-02, -2.896403411767365e-01,  7.809913806737119e-02, -7.784901487817685e-03,  7.265051321879399e-01,  1.106357737893503e-02,  4.352161174101959e-02,  1.047533629855243e+00,  2.234077120071000e-03, -2.745428383766766e-02,  1.242197812806414e+00, -2.305546251937393e+00,  2.292324845589842e+00
  2.210000000000000e+00, -2.249446840321284e-02, -2.896367594207262e-01,  7.809639278069022e-02, -7.790455929994083e-03,  7.265003779140579e-01,  1.106089246455356e-02,  4.350166401713622e-02,  1.047470083354817e+00,  2.219468190397514e-03, -2.748164771525906e-02,  1.241947488585451e+00, -2.305510571798396e+00,  2.292325108775483e+00
  2.220000000000000e+00, -2.249874418535261e-02, -2.896328347543130e-01,  7.809327710731215e-02, -7.796926762312431e-03,  7.264947418257224e-01,  1.105782279236060e-02,  4.347820759505544e-02,  1.047368710213021e+00,  2.199301652057115e-03, -2.747105862525776e-02,  1.241701324003325e+00, -2.305512390856456e+00,  2.292346513359936e+00
  2.230000000000000e+00, -2.250266381759468e-02, -2.896290857800764e-01,  7.809036121239189e-02, -7.802892378914188e-03,  7.264895971327876e-01,  1.105496200605759e-02,  4.345666627973253e-02,  1.047279056575509e+00,  2.182138598047550e-03, -2.746119759207753e-02,  1.241483579737142e+00, -2.305514476843421e+00,  2.292364140103814e+00
  2.240000000000000e+00, -2.250620949112682e-02, -2.896255810031937e-01,  7.808767868242000e-02, -7.808314177024777e-03,  7.264849597437015e-01,  1.105233903036665e-02,  4.343715041271613e-02,  1.047200135357230e+00,  2.167600357169365e-03, -2.745177752496273e-02,  1.241292910868123e+00, -2.305516993082445e+00,  2.292378663890267e+00
  2.250000000000000e+00, -2.251031133286935e-02, -2.896219533951646e-01,  7.808474412676948e-02, -7.814491001652190e-03,  7.264795330811915e-01,  1.104943653900501e-02,  4.341462889862567e-02,  1.047082017751714e+00,  2.146668068827882e-03, -2.740484944000696e-02,  1.241103062352082e+00, -2.305556146619841e+00,  2.292415474627137e+00
  2.260000000000000e+00, -2.251304179980660e-02, -2.896191034550213e-01,  7.808261871673740e-02, -7.818699950087174e-03,  7.264759838100732e-01,  1.104736988814234e-02,  4.339956075008480e-02,  1.047024250642914e+00,  2.136788671936607e-03, -2.739754613891330e-02,  1.240963318404476e+00, -2.305558100217476e+00,  2.292424346612171e+00
  2.270000000000000e+00, -2.251537360378324e-02, -2.896166225141469e-01,  7.808078501980968e-02, -7.822304886841370e-03,  7.264729595876744e-01,  1.104559039612887e-02,  4.338667984407611e-02,  1.046975609004685e+00,  2.128756864383052e-03, -2.739093993326234e-02,  1.240846535041482e+00, -2.305560050461812e+00,  2.292431254610762e+00
  2.280000000000000e+00, -2.251729335558105e-02, -2.896145411230137e-01,  7.807926000474293e-02, -7.825281473039255e-03,  7.264704754120062e-01,  1.104411333115684e-02,  4.337606490507868e-02,  1.046936235584189e+00,  2.122480681354226e-03, -2.738548375598169e-02,  1.240752007821417e+00, -2.305561550425246e+00,  2.292436240910285e+00
  2.290000000000000e+00, -2.251884633796255e-02, -2.896128319084568e-01,  7.807801628120919e-02, -7.827695069164904e-03,  7.264684695352073e-01,  1.104291057563637e-02,  4.336747112939536e-02,  1.046904773926366e+00,  2.117622925178031e-03, -2.738098979165302e-02,  1.240676658603801e+00, -2.305562731758609e+00,  2.292439807051965e+00
  2.300000000000000e+00, -2.252014203071109e-02, -2.896113975429169e-01,  7.807697532421969e-02, -7.829710650952358e-03,  7.264667971901084e-01,  1.104190450627961e-02,  4.336029812757903e-02,  1.046878384375618e+00,  2.113635904990749e-03, -2.737672048004301e-02,  1.240614805136779e+00, -2.305564164035852e+00,  2.292442769552734e+00
