Main.Studies.MarkerTracking.t,Main.Studies.MarkerTracking.JointAngleOutputs.OutputFile_LeftArm.ThoraxClavicula[0],Main.Studies.MarkerTracking.JointAngleOutputs.OutputFile_LeftArm.ThoraxClavicula[1],Main.Studies.MarkerTracking.JointAngleOutputs.OutputFile_LeftArm.ThoraxClavicula[2],Main.Studies.MarkerTracking.JointAngleOutputs.OutputFile_LeftArm.ClaviculaScapula[0],Main.Studies.MarkerTracking.JointAngleOutputs.OutputFile_LeftArm.ClaviculaScapula[1],Main.Studies.MarkerTracking.JointAngleOutputs.OutputFile_LeftArm.ClaviculaScapula[2],Main.Studies.MarkerTracking.JointAngleOutputs.OutputFile_LeftArm.ScapulaHumerus[0],Main.Studies.MarkerTracking.JointAngleOutputs.OutputFile_LeftArm.ScapulaHumerus[1],Main.Studies.MarkerTracking.JointAngleOutputs.OutputFile_LeftArm.ScapulaHumerus[2],Main.Studies.MarkerTracking.JointAngleOutputs.OutputFile_LeftArm.HumerusUlna,Main.Studies.MarkerTracking.JointAngleOutputs.OutputFile_LeftArm.UlnaRadius,Main.Studies.MarkerTracking.JointAngleOutputs.OutputFile_LeftArm.RadiusWrist,Main.Studies.MarkerTracking.JointAngleOutputs.OutputFile_LeftArm.WristHand
  5.000000000000000e-01, -2.552265441332168e-02, -2.845574446118299e-01,  7.499306324810710e-02, -1.287425352882326e-02,  7.228486953864892e-01,  8.159774352013698e-03,  2.639753835977985e-02,  1.039374175893943e+00,  8.407632211589661e-03, -4.271079274010869e-02,  1.207332332512200e+00,  1.990733807230491e-01,  3.319825458858235e-01
  5.100000000000000e-01, -2.545335360059172e-02, -2.846542830351596e-01,  7.505619592450158e-02, -1.276247018347591e-02,  7.229349380906325e-01,  8.220534036307361e-03,  2.678314211688914e-02,  1.039441909463891e+00,  8.423708123477851e-03, -4.266659998928012e-02,  1.208363807563566e+00,  1.994053493106129e-01,  3.318867866394606e-01
  5.200000000000000e-01, -2.538925592444872e-02, -2.847412546112565e-01,  7.511357861212396e-02, -1.265964183969467e-02,  7.230150890954520e-01,  8.275914416719824e-03,  2.713922878004757e-02,  1.039442422068585e+00,  8.459205079090345e-03, -4.259925758963411e-02,  1.209326225424846e+00,  1.997085316392335e-01,  3.317776493188180e-01
  5.300000000000000e-01, -2.532980053612688e-02, -2.848197511772472e-01,  7.516595864219486e-02, -1.256473235545458e-02,  7.230897566321485e-01,  8.326598365343989e-03,  2.746908232561946e-02,  1.039373252353430e+00,  8.509134762816999e-03, -4.250022459586321e-02,  1.210230064853583e+00,  1.999794308748163e-01,  3.316492010578733e-01
  5.400000000000000e-01, -2.527276461434888e-02, -2.848913740499100e-01,  7.521476911456200e-02, -1.247448893050728e-02,  7.231619252035779e-01,  8.374071010947729e-03,  2.778448065109060e-02,  1.039344349538272e+00,  8.588027864687028e-03, -4.244475920186018e-02,  1.211138229385583e+00,  2.002622915204814e-01,  3.315492317142448e-01
  5.500000000000000e-01, -2.521820968606943e-02, -2.849563738485245e-01,  7.526008478701988e-02, -1.238893808325096e-02,  7.232314686776362e-01,  8.418383941361015e-03,  2.808516515259291e-02,  1.039359256798949e+00,  8.693152972176182e-03, -4.243074312951654e-02,  1.212052602970340e+00,  2.005539977614403e-01,  3.314771912159609e-01
  5.600000000000001e-01, -2.516778802025242e-02, -2.850143496433477e-01,  7.530114744591727e-02, -1.231032679008039e-02,  7.232960521580305e-01,  8.458681403987828e-03,  2.836259706170863e-02,  1.039333908310007e+00,  8.807106400284710e-03, -4.239130038533999e-02,  1.212930412353829e+00,  2.008127552019304e-01,  3.313912189807109e-01
  5.700000000000001e-01, -2.512059359697037e-02, -2.850661217928757e-01,  7.533860672796550e-02, -1.223729259809555e-02,  7.233568675536122e-01,  8.495621077998608e-03,  2.862161493023697e-02,  1.039316338231846e+00,  8.934487592030036e-03, -4.235685301796011e-02,  1.213798935094866e+00,  2.010553825866182e-01,  3.313110941414603e-01
  5.800000000000000e-01, -2.507630002571443e-02, -2.851122654047363e-01,  7.537280593959035e-02, -1.216928359852096e-02,  7.234143033008212e-01,  8.529527056554798e-03,  2.886403411921045e-02,  1.039323387092864e+00,  9.074642727918905e-03, -4.233478435930493e-02,  1.214669301571282e+00,  2.012850419285599e-01,  3.312419329925254e-01
  5.900000000000000e-01, -2.503476868513132e-02, -2.851532655285287e-01,  7.540398506592089e-02, -1.210601270706251e-02,  7.234684891135313e-01,  8.560612054695532e-03,  2.909068616333967e-02,  1.039361705669445e+00,  9.225301489773416e-03, -4.232510931859412e-02,  1.215547171204719e+00,  2.015005149462761e-01,  3.311841821046934e-01
  6.000000000000000e-01, -2.499581926101697e-02, -2.851896361819284e-01,  7.543241075763008e-02, -1.204713184807560e-02,  7.235196109449936e-01,  8.589116052183212e-03,  2.930262130826350e-02,  1.039439343899431e+00,  9.384469209127243e-03, -4.232895503347311e-02,  1.216439030261029e+00,  2.017013730318686e-01,  3.311389639832819e-01
  6.100000000000000e-01, -2.495926414695146e-02, -2.852219026058910e-01,  7.545835686366349e-02, -1.199228080019136e-02,  7.235678637466838e-01,  8.615285553516212e-03,  2.950092835171291e-02,  1.039563946497116e+00,  9.550140438109988e-03, -4.234725214943413e-02,  1.217351230011824e+00,  2.018871940669714e-01,  3.311072417960744e-01
  6.200000000000000e-01, -2.492490413389220e-02, -2.852506016356736e-01,  7.548210612691129e-02, -1.194108150257265e-02,  7.236134576517079e-01,  8.639375623049740e-03,  2.968675691716692e-02,  1.039742961710327e+00,  9.720349349866946e-03, -4.238091302960178e-02,  1.218290085116596e+00,  2.020576805763824e-01,  3.310899283688081e-01
  6.300000000000000e-01, -2.489252996291006e-02, -2.852762789227214e-01,  7.550394851552959e-02, -1.189314071049754e-02,  7.236566161251602e-01,  8.661648347270418e-03,  2.986130917929663e-02,  1.039983561975624e+00,  9.893172792556304e-03, -4.243079746629785e-02,  1.219261818719013e+00,  2.022126460651527e-01,  3.310878595419746e-01
  6.400000000000000e-01, -2.486192324416970e-02, -2.852994862763419e-01,  7.552417983205024e-02, -1.184805179608363e-02,  7.236975750149501e-01,  8.682371615617648e-03,  3.002583500908942e-02,  1.040292610794979e+00,  1.006674062777614e-02, -4.249771069336728e-02,  1.220272532307026e+00,  2.023520182177134e-01,  3.311017874423019e-01
  6.500000000000000e-01, -2.483285751889081e-02, -2.853207788934455e-01,  7.554310022766322e-02, -1.180539675896072e-02,  7.237365814121515e-01,  8.701817803513664e-03,  3.018162649679810e-02,  1.040676633910273e+00,  1.023924548370102e-02, -4.258240116395572e-02,  1.221328180346364e+00,  2.024758396014973e-01,  3.311323731998733e-01
  6.600000000000000e-01, -2.480509937835323e-02, -2.853407126010074e-01,  7.556101270211338e-02, -1.176474830685640e-02,  7.237738924273366e-01,  8.720262433940265e-03,  3.033001229999964e-02,  1.041141796438335e+00,  1.040895193487287e-02, -4.268556002124411e-02,  1.222434549520200e+00,  2.025842684711606e-01,  3.311801816817672e-01
  6.700000000000000e-01, -2.477840968256650e-02, -2.853598411085513e-01,  7.557822157287421e-02, -1.172567206241606e-02,  7.238097738215015e-01,  8.737982797447832e-03,  3.047235157234855e-02,  1.041693882147068e+00,  1.057420456728432e-02, -4.280782036025420e-02,  1.223597237602122e+00,  2.026775786080619e-01,  3.312456779682215e-01
  6.799999999999999e-01, -2.475254480110445e-02, -2.853787133681386e-01,  7.559503098022438e-02, -1.168772877326199e-02,  7.238444985898095e-01,  8.755256594818173e-03,  3.061002786618701e-02,  1.042338276790304e+00,  1.073343506287306e-02, -4.294975706255232e-02,  1.224821632753586e+00,  2.027561575244915e-01,  3.313292256776773e-01
  6.899999999999999e-01, -2.472725781112499e-02, -2.853978711804518e-01,  7.561174350643546e-02, -1.165047640957184e-02,  7.238783455722811e-01,  8.772360673700673e-03,  3.074444334651048e-02,  1.043079957645579e+00,  1.088516795171194e-02, -4.311188726164782e-02,  1.226112896159858e+00,  2.028205037305643e-01,  3.314310876439671e-01
  7.000000000000000e-01, -2.470229963946166e-02, -2.854178471161971e-01,  7.562865894111530e-02, -1.161347211672367e-02,  7.239115981004590e-01,  8.789569886227859e-03,  3.087701336672310e-02,  1.043923491428777e+00,  1.102802464309875e-02, -4.329467166389377e-02,  1.227475950325624e+00,  2.028712241478825e-01,  3.315514295045380e-01
  7.100000000000000e-01, -2.467742011730006e-02, -2.854391627863696e-01,  7.564607321730571e-02, -1.157627397514982e-02,  7.239445427203594e-01,  8.807156091422361e-03,  3.100916154407758e-02,  1.044873042506360e+00,  1.116072584977826e-02, -4.349851783787438e-02,  1.228915475258308e+00,  2.029090307579444e-01,  3.316903253653636e-01
  7.200000000000000e-01, -2.465236892174456e-02, -2.854623274982562e-01,  7.566427754228111e-02, -1.153844252430001e-02,  7.239774680245179e-01,  8.825387325521596e-03,  3.114231546218594e-02,  1.045932389901097e+00,  1.128209237880380e-02, -4.372378528342311e-02,  1.230435912823749e+00,  2.029347352520033e-01,  3.318477647586657e-01
  7.300000000000000e-01, -2.462602442923303e-02, -2.854882438294540e-01,  7.568403424828517e-02, -1.149831346979294e-02,  7.240118678281652e-01,  8.845038072781388e-03,  3.128239620711835e-02,  1.047149247211100e+00,  1.139871442949917e-02, -4.400464372597578e-02,  1.232062893006222e+00,  2.029708615201127e-01,  3.320454211289429e-01
  7.400000000000000e-01, -2.459982501705018e-02, -2.855166114756075e-01,  7.570470306491466e-02, -1.145783144347383e-02,  7.240457019026261e-01,  8.865379716926003e-03,  3.142213398719202e-02,  1.048440810679910e+00,  1.149474460360100e-02, -4.427582933718898e-02,  1.233758773082280e+00,  2.029766385330763e-01,  3.322409933377754e-01
  7.500000000000000e-01, -2.457275551404700e-02, -2.855482520996772e-01,  7.572697595794242e-02, -1.141548893078273e-02,  7.240803216427294e-01,  8.887114594239059e-03,  3.156691391594877e-02,  1.049849139924520e+00,  1.157609354381534e-02, -4.456753707610338e-02,  1.235546465284441e+00,  2.029721499236747e-01,  3.324535244469772e-01
  7.600000000000000e-01, -2.454453401730843e-02, -2.855836368634009e-01,  7.575114087567056e-02, -1.137081336696681e-02,  7.241160670968534e-01,  8.910512534341596e-03,  3.171834501823716e-02,  1.051378681688720e+00,  1.164229925803090e-02, -4.488147681122177e-02,  1.237430569155535e+00,  2.029594661390560e-01,  3.326836922991148e-01
  7.700000000000000e-01, -2.451491772262102e-02, -2.856232043134417e-01,  7.577745883007971e-02, -1.132339035882910e-02,  7.241532264558639e-01,  8.935815902871324e-03,  3.187784022293292e-02,  1.053031857377968e+00,  1.169268051553448e-02, -4.521798049708003e-02,  1.239414658019845e+00,  2.029398326989963e-01,  3.329312558864039e-01
  7.800000000000000e-01, -2.448366891330611e-02, -2.856673771561856e-01,  7.580618285486723e-02, -1.127281554973103e-02,  7.241920828946906e-01,  8.963259806209158e-03,  3.204679236739288e-02,  1.054810840297537e+00,  1.172662993441949e-02, -4.557733370529426e-02,  1.241502154974294e+00,  2.029145060952566e-01,  3.331959145488720e-01
  7.900000000000000e-01, -2.445055375327697e-02, -2.857165633012894e-01,  7.583755886576102e-02, -1.121869279979036e-02,  7.242329161743507e-01,  8.993072936712459e-03,  3.222658081632611e-02,  1.056717688040611e+00,  1.174362262364483e-02, -4.595985215095676e-02,  1.243696401382374e+00,  2.028847831252840e-01,  3.334773622920826e-01
  8.000000000000000e-01, -2.441534267364176e-02, -2.857711561821625e-01,  7.587182565873518e-02, -1.116063460569675e-02,  7.242760020410094e-01,  9.025477489245167e-03,  3.241856982559475e-02,  1.058754397661287e+00,  1.174321072371277e-02, -4.636589924022427e-02,  1.246000686928818e+00,  2.028519920385198e-01,  3.337753032219605e-01
  8.100000000000001e-01, -2.437781095187819e-02, -2.858315348388477e-01,  7.590921474552856e-02, -1.109826282457450e-02,  7.243216113803852e-01,  9.060688917831163e-03,  3.262410583355819e-02,  1.060922953137568e+00,  1.172501752115940e-02, -4.679590004351653e-02,  1.248418274495144e+00,  2.028174823068997e-01,  3.340894630663729e-01
  8.200000000000001e-01, -2.433773942796836e-02, -2.858980636457113e-01,  7.594995000028330e-02, -1.103120965372318e-02,  7.243700092262921e-01,  9.098915521660970e-03,  3.284451393704681e-02,  1.063225366800021e+00,  1.168873279719384e-02, -4.725035450817038e-02,  1.250952419625739e+00,  2.027826152898324e-01,  3.344195990371012e-01
  8.300000000000001e-01, -2.429491537131775e-02, -2.859710916905112e-01,  7.599424711435074e-02, -1.095911888541451e-02,  7.244214536006940e-01,  9.140357855997100e-03,  3.308109348746416e-02,  1.065663712919624e+00,  1.163410913662022e-02, -4.772984909885557e-02,  1.253606381963932e+00,  2.027487563968514e-01,  3.347655088680718e-01
  8.400000000000001e-01, -2.424996535228011e-02, -2.860505193139273e-01,  7.604184024190799e-02, -1.088282979348148e-02,  7.244750514485425e-01,  9.184707866758148e-03,  3.333085798777249e-02,  1.068200295231616e+00,  1.155395503633233e-02, -4.820343193182006e-02,  1.256365938099467e+00,  2.026958958589589e-01,  3.351069070670359e-01
  8.500000000000000e-01, -2.420095786768515e-02, -2.861375594951574e-01,  7.609391021950733e-02, -1.079954940244086e-02,  7.245334263735946e-01,  9.233189947589629e-03,  3.360391392078210e-02,  1.070920737465266e+00,  1.146277674517115e-02, -4.873791386272240e-02,  1.259271148355810e+00,  2.026698789532396e-01,  3.354857286327325e-01
  8.600000000000000e-01, -2.414864435498960e-02, -2.862320243999701e-01,  7.615011157848722e-02, -1.071029910490643e-02,  7.245955174161476e-01,  9.285413203365974e-03,  3.389664712232188e-02,  1.073782239561891e+00,  1.135257832468884e-02, -4.929848022215742e-02,  1.262305204356842e+00,  2.026480387302392e-01,  3.358791788372635e-01
  8.700000000000000e-01, -2.409281040689532e-02, -2.863342103802356e-01,  7.621064068423523e-02, -1.061473127826402e-02,  7.246615930941209e-01,  9.341561733128098e-03,  3.421039280958454e-02,  1.076789097388172e+00,  1.122366281483453e-02, -4.988758397487823e-02,  1.265472123870178e+00,  2.026326824097975e-01,  3.362881743619754e-01
  8.800000000000000e-01, -2.403329443075576e-02, -2.864443694820596e-01,  7.627565749689573e-02, -1.051257684378400e-02,  7.247318519330784e-01,  9.401782426037326e-03,  3.454622177100493e-02,  1.079943792481311e+00,  1.107605602816432e-02, -5.050627864857925e-02,  1.268775015478444e+00,  2.026250602869404e-01,  3.367127195126226e-01
  8.900000000000000e-01, -2.396994685689596e-02, -2.865627301046824e-01,  7.634530853825076e-02, -1.040358740136593e-02,  7.248064785858016e-01,  9.466209306068257e-03,  3.490514883316911e-02,  1.083248943506076e+00,  1.090985517698665e-02, -5.115578930946806e-02,  1.272216917490055e+00,  2.026264353858186e-01,  3.371528972221901e-01
  9.000000000000000e-01, -2.390263314520912e-02, -2.866894936844364e-01,  7.641972449709079e-02, -1.028753988731346e-02,  7.248856399579852e-01,  9.534961179249584e-03,  3.528811674949160e-02,  1.086707185931523e+00,  1.072521886625956e-02, -5.183744529758361e-02,  1.275800712610613e+00,  2.026380392964578e-01,  3.376088192983533e-01
  9.099999999999999e-01, -2.383123519633739e-02, -2.868248319465364e-01,  7.649901863430132e-02, -1.016423902663534e-02,  7.249694835617670e-01,  9.608140162989240e-03,  3.569598798442315e-02,  1.090321116848936e+00,  1.052237232789652e-02, -5.255267126605023e-02,  1.279529062886466e+00,  2.026610716846146e-01,  3.380806109539934e-01
  9.199999999999999e-01, -2.375483552236982e-02, -2.869693697051825e-01,  7.658377408663603e-02, -1.003234408574554e-02,  7.250592502162241e-01,  9.686338836432332e-03,  3.613371724304226e-02,  1.094128903488562e+00,  1.030803996003739e-02, -5.333273477737685e-02,  1.283418177989890e+00,  2.027184304693055e-01,  3.385869990348579e-01
  9.299999999999999e-01, -2.367501527674674e-02, -2.871222282314990e-01,  7.667307208785314e-02, -9.894112777354433e-03,  7.251527766778034e-01,  9.768588342147317e-03,  3.659347664371693e-02,  1.098059990813317e+00,  1.006949267669541e-02, -5.411865420565129e-02,  1.287441393311692e+00,  2.027672044788205e-01,  3.390902224527246e-01
  9.399999999999999e-01, -2.359090331697209e-02, -2.872839508086789e-01,  7.676744714452299e-02, -9.748282606119990e-03,  7.252512485639215e-01,  9.855435427135378e-03,  3.707998612344281e-02,  1.102152127941033e+00,  9.813584969892958e-03, -5.494157634657879e-02,  1.291614559952738e+00,  2.028298973712907e-01,  3.396088193836345e-01
  9.500000000000000e-01, -2.350242585442730e-02, -2.874545864603972e-01,  7.686694901781842e-02, -9.594742364196319e-03,  7.253547674309913e-01,  9.946923759838352e-03,  3.759388374298746e-02,  1.106408450673033e+00,  9.541108872202895e-03, -5.580435733503019e-02,  1.295939297992483e+00,  2.029085022676359e-01,  3.401435741354257e-01
  9.600000000000000e-01, -2.340956459790845e-02, -2.876341237038997e-01,  7.697158361956420e-02, -9.433466577915533e-03,  7.254633632544313e-01,  1.004305373625237e-02,  3.813551985903527e-02,  1.110830148624643e+00,  9.252672747831385e-03, -5.670861740190158e-02,  1.300416050495963e+00,  2.030041129200921e-01,  3.406944357546050e-01
  9.700000000000000e-01, -2.331232634388063e-02, -2.878225073212242e-01,  7.708133066191719e-02, -9.264472081740331e-03,  7.255770360659316e-01,  1.014380104141652e-02,  3.870511036739291e-02,  1.115417719727770e+00,  8.948947972762395e-03, -5.765584630436215e-02,  1.305044521818589e+00,  2.031177528536923e-01,  3.412612124440192e-01
  9.800000000000000e-01, -2.321074275350430e-02, -2.880196372442220e-01,  7.719614326185374e-02, -9.087818015449309e-03,  7.256957564198765e-01,  1.024911644387060e-02,  3.930273502967222e-02,  1.120170895177812e+00,  8.630677198940187e-03, -5.864740138626966e-02,  1.309823599876411e+00,  2.032504016122086e-01,  3.418435732932358e-01
  9.900000000000000e-01, -2.310532658242430e-02, -2.882250822026895e-01,  7.731566838562411e-02, -8.904266144915617e-03,  7.258188451333303e-01,  1.035863824192248e-02,  3.992600731980612e-02,  1.125069386607834e+00,  8.295146759349517e-03, -5.966746612709172e-02,  1.314745998529383e+00,  2.033901025181026e-01,  3.424302807630844e-01
  1.000000000000000e+00, -2.299519638479629e-02, -2.884392515422192e-01,  7.744039357769873e-02, -8.712568149579580e-03,  7.259475234062969e-01,  1.047287302677851e-02,  4.057963761954697e-02,  1.130151480379226e+00,  7.950693811689866e-03, -6.075279195120586e-02,  1.319820262849733e+00,  2.035648868238731e-01,  3.430432238219811e-01
  1.010000000000000e+00, -2.288077616626986e-02, -2.886617255637708e-01,  7.757000307085878e-02, -8.513366871461042e-03,  7.260812392841542e-01,  1.059150090717155e-02,  4.126166371180331e-02,  1.135399402030727e+00,  7.595669507745396e-03, -6.189165477798220e-02,  1.325038021863060e+00,  2.037667510692125e-01,  3.436735485960266e-01
  1.020000000000000e+00, -2.276262963100633e-02, -2.888919105873027e-01,  7.770406108973606e-02, -8.307526908560594e-03,  7.262192631806746e-01,  1.071408790736222e-02,  4.196935935947829e-02,  1.140793280936660e+00,  7.228100306459696e-03, -6.307025000152855e-02,  1.330389408095334e+00,  2.039845963434101e-01,  3.443115404725523e-01
  1.030000000000000e+00, -2.264077045825574e-02, -2.891295763042562e-01,  7.784247603093804e-02, -8.095112779946140e-03,  7.263616106574980e-01,  1.084055225841114e-02,  4.270280530527179e-02,  1.146332313204621e+00,  6.850035900730516e-03, -6.429313342868159e-02,  1.335870012214009e+00,  2.042230907617712e-01,  3.449585105838590e-01
  1.040000000000000e+00, -2.251523878361852e-02, -2.893744236890846e-01,  7.798511948405343e-02, -7.876238953439758e-03,  7.265082688727676e-01,  1.097077933233866e-02,  4.346189782712263e-02,  1.152016240465117e+00,  6.463798684392416e-03, -6.556619276187270e-02,  1.341473355052156e+00,  2.044873336237089e-01,  3.456170255465320e-01
  1.050000000000000e+00, -2.238630638818650e-02, -2.896259865264458e-01,  7.813171215041531e-02, -7.651360382150019e-03,  7.266589130215607e-01,  1.110450225329974e-02,  4.424532255900206e-02,  1.157833513748315e+00,  6.070035579122010e-03, -6.688604582071545e-02,  1.347190029667883e+00,  2.047761872214237e-01,  3.462835619531335e-01
  1.060000000000000e+00, -2.225431091716709e-02, -2.898836990155879e-01,  7.828191094801035e-02, -7.421040787251378e-03,  7.268131369754184e-01,  1.124139518390125e-02,  4.505137080550185e-02,  1.163771878081815e+00,  5.669379359707110e-03, -6.824907007600078e-02,  1.353009016901678e+00,  2.050874747855101e-01,  3.469548921696587e-01
  1.070000000000000e+00, -2.211949535333843e-02, -2.901470459318741e-01,  7.843542705266829e-02, -7.185709146021477e-03,  7.269706644752744e-01,  1.138118941422079e-02,  4.587877941435355e-02,  1.169820757215397e+00,  5.263205527631418e-03, -6.965440033195769e-02,  1.358919066772056e+00,  2.054222457699058e-01,  3.476293947719766e-01
  1.080000000000000e+00, -2.198217592709500e-02, -2.904154297435584e-01,  7.859191187783367e-02, -6.945909123262397e-03,  7.271311246763221e-01,  1.152355949056304e-02,  4.672585517007086e-02,  1.175966405813828e+00,  4.852579251961186e-03, -7.109898408194759e-02,  1.364907418566127e+00,  2.057800237241505e-01,  3.483042217081096e-01
  1.090000000000000e+00, -2.184269230837998e-02, -2.906881950302480e-01,  7.875098485540948e-02, -6.702228555749565e-03,  7.272941208529232e-01,  1.166815247783987e-02,  4.759071891246528e-02,  1.182195257022684e+00,  4.438728616826695e-03, -7.258055734599456e-02,  1.370959719107036e+00,  2.061604286375339e-01,  3.489775382715358e-01
  1.100000000000000e+00, -2.170141036558099e-02, -2.909646524905555e-01,  7.891224184417342e-02, -6.455297772026335e-03,  7.274592228779128e-01,  1.181459427556104e-02,  4.847130097492509e-02,  1.188490653691753e+00,  4.022726601559986e-03, -7.409489555873171e-02,  1.377060940634936e+00,  2.065626437812749e-01,  3.496461466843517e-01
  1.110000000000000e+00, -2.155875175451417e-02, -2.912440311559349e-01,  7.907522527236499e-02, -6.205839132342827e-03,  7.276259311371146e-01,  1.196246218749964e-02,  4.936517109434602e-02,  1.194835364168135e+00,  3.605577876871389e-03, -7.563758903703466e-02,  1.383194413886229e+00,  2.069848765131455e-01,  3.503074036364666e-01
  1.120000000000000e+00, -2.141512657697293e-02, -2.915255513371706e-01,  7.923947763827335e-02, -5.954562603203134e-03,  7.277937637131441e-01,  1.211133661346637e-02,  5.026989024209361e-02,  1.201210723042268e+00,  3.188409939509836e-03, -7.720371622909905e-02,  1.389343137150400e+00,  2.074260249907434e-01,  3.509582951415838e-01
  1.130000000000000e+00, -2.127099502356651e-02, -2.918083625695161e-01,  7.940449425543444e-02, -5.702260448703671e-03,  7.279621758283868e-01,  1.226075535856704e-02,  5.118268527509660e-02,  1.207597572069459e+00,  2.772251054727907e-03, -7.878813890940073e-02,  1.395488641405971e+00,  2.078839948715268e-01,  3.515963958212006e-01
  1.140000000000000e+00, -2.112681847615451e-02, -2.920915938538216e-01,  7.956976103741659e-02, -5.449732000489774e-03,  7.281306235564412e-01,  1.241025029530245e-02,  5.210069924204917e-02,  1.213975257179386e+00,  2.358182070141777e-03, -8.038486819371560e-02,  1.401612381677508e+00,  2.083569517962529e-01,  3.522187459648300e-01
  1.150000000000000e+00, -2.098309867309904e-02, -2.923743188327218e-01,  7.973472626014901e-02, -5.197842824667135e-03,  7.282985119537941e-01,  1.255931981240606e-02,  5.302079267844217e-02,  1.220322910281005e+00,  1.947172450645653e-03, -8.198779508386433e-02,  1.407694626074954e+00,  2.088421162428456e-01,  3.528230670200447e-01
  1.160000000000000e+00, -2.084033236967059e-02, -2.926555939236568e-01,  7.989883229790808e-02, -4.947456814326912e-03,  7.284652553873258e-01,  1.270746012004132e-02,  5.393976766226662e-02,  1.226618729792827e+00,  1.540300002940468e-03, -8.359026841579187e-02,  1.413715876328731e+00,  2.093371394817878e-01,  3.534067515654570e-01
  1.170000000000000e+00, -2.069904255040748e-02, -2.929344395048956e-01,  8.006149666653029e-02, -4.699481326775157e-03,  7.286302349059020e-01,  1.285414605743599e-02,  5.485422048544879e-02,  1.232840930337454e+00,  1.138545529069222e-03, -8.518557364032819e-02,  1.419655901474496e+00,  2.098389346013282e-01,  3.539678181152123e-01
  1.180000000000000e+00, -2.055975608999461e-02, -2.932098624925485e-01,  8.022212918243539e-02, -4.454832850664114e-03,  7.287928274276736e-01,  1.299884766148217e-02,  5.576065773503508e-02,  1.238967564431144e+00,  7.428757878970204e-04, -8.676678775173841e-02,  1.425494457711949e+00,  2.103442504575136e-01,  3.545044891282423e-01
  1.190000000000000e+00, -2.042299723678906e-02, -2.934808525116898e-01,  8.038013285503015e-02, -4.214429319418230e-03,  7.289524157750816e-01,  1.314103174116081e-02,  5.665551840854038e-02,  1.244976535125676e+00,  3.543577845643034e-04, -8.832676887849455e-02,  1.431211791351654e+00,  2.108500937943160e-01,  3.550149399623980e-01
  1.200000000000000e+00, -2.028929203565433e-02, -2.937464091505117e-01,  8.053491311097097e-02, -3.979189720070529e-03,  7.291083783249206e-01,  1.328016837144319e-02,  5.753519281269048e-02,  1.250846397707290e+00, -2.609793849862785e-05, -8.985856865995689e-02,  1.436787941673063e+00,  2.113528205818536e-01,  3.554980873749189e-01
  1.210000000000000e+00, -2.015915642454606e-02, -2.940055214625520e-01,  8.068587408435701e-02, -3.750023077007245e-03,  7.292601092976835e-01,  1.341572957645495e-02,  5.839604673627279e-02,  1.256555844326175e+00, -3.974288725231109e-04, -9.135512651924849e-02,  1.442203887463365e+00,  2.118492641127004e-01,  3.559527043491567e-01
  1.220000000000000e+00, -2.003308992465251e-02, -2.942572167536293e-01,  8.083244039692196e-02, -3.527809078776231e-03,  7.294070209146788e-01,  1.354720701520136e-02,  5.923451242920319e-02,  1.262084549099240e+00, -7.587182602065233e-04, -9.280970077685868e-02,  1.447440920037796e+00,  2.123358573142502e-01,  3.563782063171337e-01
  1.230000000000000e+00, -1.991156465708022e-02, -2.945005635112811e-01,  8.097406247411439e-02, -3.313382910633321e-03,  7.295485589899859e-01,  1.367411744993249e-02,  6.004714146604062e-02,  1.267413091586418e+00, -1.109076838082498e-03, -9.421579729418639e-02,  1.452481259313037e+00,  2.128091465997292e-01,  3.567742723874384e-01
  1.240000000000000e+00, -1.979502964162848e-02, -2.947346558353242e-01,  8.111020887464891e-02, -3.107544301539112e-03,  7.296841989819002e-01,  1.379599597467097e-02,  6.083057393832082e-02,  1.272522932541307e+00, -1.447558948752052e-03, -9.556715697380634e-02,  1.457308247568392e+00,  2.132659872826850e-01,  3.571406808358791e-01
  1.250000000000000e+00, -1.968390542360977e-02, -2.949586321574859e-01,  8.124037582706457e-02, -2.911046123513857e-03,  7.298134511535999e-01,  1.391240395788072e-02,  6.158159033717001e-02,  1.277396683511741e+00, -1.773234285145042e-03, -9.685788780465911e-02,  1.461906306323303e+00,  2.137033936590325e-01,  3.574774521059396e-01
  1.260000000000000e+00, -1.957854876910829e-02, -2.951717583383917e-01,  8.136413347411234e-02, -2.724529105008263e-03,  7.299358999772728e-01,  1.402296956253516e-02,  6.229736735373591e-02,  1.282018791219187e+00, -2.085406430238898e-03, -9.808274454536114e-02,  1.466261188219609e+00,  2.141183487773756e-01,  3.577851187384212e-01
  1.270000000000000e+00, -1.947929273363066e-02, -2.953733238154581e-01,  8.148106989075468e-02, -2.548597768891333e-03,  7.300511609279826e-01,  1.412733847333833e-02,  6.297519283408849e-02,  1.286374769074238e+00, -2.383262033202915e-03, -9.923680231405374e-02,  1.470360088141970e+00,  2.145083774228650e-01,  3.580641119562329e-01
  1.280000000000000e+00, -1.938641751507358e-02, -2.955627170998374e-01,  8.159083202678606e-02, -2.383764946323785e-03,  7.301589120282048e-01,  1.422520945955438e-02,  6.361268767494473e-02,  1.290451831185894e+00, -2.666104728677857e-03, -1.003157264781516e-01,  1.474191699964368e+00,  2.148712362370550e-01,  3.583150971487690e-01
  1.290000000000000e+00, -1.930015612847219e-02, -2.957394121178109e-01,  8.169311831074352e-02, -2.230462169399517e-03,  7.302588876274824e-01,  1.431632759852163e-02,  6.420777419235865e-02,  1.294238802094232e+00, -2.933304713644890e-03, -1.013157341187139e-01,  1.477746260647514e+00,  2.152050177108345e-01,  3.585388447529942e-01
  1.300000000000000e+00, -1.922069609892657e-02, -2.959029666175755e-01,  8.178767751121532e-02, -2.089042121786715e-03,  7.303508762228320e-01,  1.440048293722448e-02,  6.475867537619506e-02,  1.297726105995587e+00, -3.184297495976319e-03, -1.022335926079396e-01,  1.481015528371275e+00,  2.155081510692700e-01,  3.587361895333772e-01
  1.310000000000000e+00, -1.914818275368952e-02, -2.960530176078222e-01,  8.187430580933164e-02, -1.959783876600906e-03,  7.304347163745623e-01,  1.447750757869472e-02,  6.526390317692439e-02,  1.300905712952369e+00, -3.418580446305389e-03, -1.030666025851694e-01,  1.483992714918966e+00,  2.157793867069487e-01,  3.589079934463439e-01
  1.320000000000000e+00, -1.908272370347524e-02, -2.961892745499502e-01,  8.195284251877372e-02, -1.842900224789200e-03,  7.305102912072389e-01,  1.454727159142317e-02,  6.572223820082933e-02,  1.303771048830186e+00, -3.635708016094418e-03, -1.038125678777106e-01,  1.486672386729760e+00,  2.160177705219677e-01,  3.590551153440296e-01
  1.330000000000000e+00, -1.902437460344060e-02, -2.963115520838757e-01,  8.202318848017887e-02, -1.738511459299510e-03,  7.305775444370503e-01,  1.460969906000454e-02,  6.613283611784489e-02,  1.306317211483429e+00, -3.835371348974839e-03, -1.044698738923380e-01,  1.489050604681955e+00,  2.162226097322084e-01,  3.591784618120702e-01
  1.340000000000000e+00, -1.897322336787762e-02, -2.964195949638405e-01,  8.208520514993423e-02, -1.646795656737879e-03,  7.306363831225832e-01,  1.466467837273608e-02,  6.649466209325405e-02,  1.308539505071635e+00, -4.017045290534421e-03, -1.050369699438658e-01,  1.491123742267535e+00,  2.163934569514339e-01,  3.592786617634261e-01
  1.350000000000000e+00, -1.892925703467343e-02, -2.965133614284801e-01,  8.213887690264944e-02, -1.567749441106459e-03,  7.306868305066314e-01,  1.471220596614997e-02,  6.680740517890317e-02,  1.310435658831695e+00, -4.180592987923467e-03, -1.055131578866710e-01,  1.492890184904560e+00,  2.165300402066413e-01,  3.593565889307628e-01
  1.360000000000000e+00, -1.889250699512222e-02, -2.965927195190625e-01,  8.218413621746383e-02, -1.501447640778846e-03,  7.307288585312448e-01,  1.475223114469499e-02,  6.707049476457942e-02,  1.312003304156100e+00, -4.325648531857618e-03, -1.058977008990132e-01,  1.494348300661773e+00,  2.166322405821033e-01,  3.594128167648202e-01
  1.370000000000000e+00, -1.886297504080293e-02, -2.966576045693513e-01,  8.222095386724543e-02, -1.447910378747654e-03,  7.307624727240689e-01,  1.478473595634859e-02,  6.728360892179920e-02,  1.313241181691767e+00, -4.451954311820753e-03, -1.061902505428271e-01,  1.495497370055649e+00,  2.167000506795829e-01,  3.594479028867575e-01
  1.380000000000000e+00, -1.884065478178885e-02, -2.967079754565037e-01,  8.224931355892155e-02, -1.407141120480701e-03,  7.307876873502841e-01,  1.480971262497666e-02,  6.744653191720268e-02,  1.314148730688499e+00, -4.559279053071821e-03, -1.063907020335320e-01,  1.496337239016796e+00,  2.167335520798725e-01,  3.594623117667548e-01
  1.390000000000000e+00, -1.882551362570792e-02, -2.967438528556892e-01,  8.226923387764451e-02, -1.379094296843138e-03,  7.308045461207310e-01,  1.482718296500059e-02,  6.755927926730385e-02,  1.314726366974363e+00, -4.647498601629845e-03, -1.064992889844119e-01,  1.496868551181009e+00,  2.167329166125850e-01,  3.594564697568923e-01
  1.400000000000000e+00, -1.881752844991429e-02, -2.967652446566046e-01,  8.228072532561262e-02, -1.363739108192700e-03,  7.308130810403642e-01,  1.483716029672059e-02,  6.762185488220314e-02,  1.314974836352635e+00, -4.716446753453473e-03, -1.065163883011762e-01,  1.497092138637788e+00,  2.166984010283169e-01,  3.594306808279754e-01
  1.410000000000000e+00, -1.881678729421327e-02, -2.967718789239848e-01,  8.228364611808819e-02, -1.361253855204930e-03,  7.308132029330543e-01,  1.483952405973601e-02,  6.763347657379119e-02,  1.314893484454940e+00, -4.765034678028548e-03, -1.064432341288883e-01,  1.497005776287553e+00,  2.166318954135610e-01,  3.593858955584025e-01
  1.420000000000000e+00, -1.882321160351126e-02, -2.967640807796058e-01,  8.227815487584786e-02, -1.371461532006506e-03,  7.308049791786980e-01,  1.483440792752409e-02,  6.759490748970150e-02,  1.314484705373893e+00, -4.794894384669727e-03, -1.062764612393456e-01,  1.496617313824907e+00,  2.165283155325993e-01,  3.593188911153876e-01
  1.430000000000000e+00, -1.883660481581955e-02, -2.967420574282105e-01,  8.226440743752565e-02, -1.394056619337922e-03,  7.307886660965508e-01,  1.482195824952250e-02,  6.750722735525992e-02,  1.313753943751145e+00, -4.805040077287830e-03, -1.060223562793610e-01,  1.495925791455383e+00,  2.163936990482847e-01,  3.592336278762996e-01
  1.440000000000000e+00, -1.885701448173189e-02, -2.967057671853398e-01,  8.224237040157974e-02, -1.429110112295034e-03,  7.307642008961677e-01,  1.480214112051216e-02,  6.737027159513552e-02,  1.312702483590329e+00, -4.795595389854919e-03, -1.056800014703052e-01,  1.494934198959301e+00,  2.162265331071989e-01,  3.591285986323362e-01
  1.450000000000000e+00, -1.888443648305933e-02, -2.966552198550091e-01,  8.221205055312288e-02, -1.476612923844009e-03,  7.307315887652143e-01,  1.477495978963641e-02,  6.718418782024309e-02,  1.311333076428288e+00, -4.766369717418890e-03, -1.052504168773751e-01,  1.493644876267156e+00,  2.160272707526608e-01,  3.590034922110594e-01
  1.460000000000000e+00, -1.891879524868735e-02, -2.965905797249674e-01,  8.217354325147493e-02, -1.536426466808137e-03,  7.306909167967627e-01,  1.474049486864723e-02,  6.694965937313105e-02,  1.309650233687789e+00, -4.717458603408008e-03, -1.047352244176407e-01,  1.492061650829808e+00,  2.157965118416283e-01,  3.588581184989808e-01
  1.470000000000000e+00, -1.896003888034162e-02, -2.965119659071697e-01,  8.212691753244920e-02, -1.608453007257664e-03,  7.306422443553515e-01,  1.469880254487384e-02,  6.666725292277820e-02,  1.307658557732945e+00, -4.648840271011327e-03, -1.041360670400548e-01,  1.490188449812492e+00,  2.155349573391892e-01,  3.586920945402090e-01
  1.480000000000000e+00, -1.900803575831544e-02, -2.964196684401165e-01,  8.207234055632208e-02, -1.692450791218500e-03,  7.305857223418001e-01,  1.465002500742882e-02,  6.633812079106434e-02,  1.305364596899229e+00, -4.560811877803235e-03, -1.034552504384951e-01,  1.488030827939602e+00,  2.152434522986493e-01,  3.585052205287855e-01
  1.490000000000000e+00, -1.906270948242010e-02, -2.963138616477796e-01,  8.200991329050267e-02, -1.788276442681720e-03,  7.305214381782842e-01,  1.459424496666585e-02,  6.596307222804405e-02,  1.302774451838431e+00, -4.453387516309803e-03, -1.026949114031463e-01,  1.485594074354429e+00,  2.149230089828406e-01,  3.582969703312575e-01
  1.500000000000000e+00, -1.912390025897368e-02, -2.961948959540979e-01,  8.193983815774815e-02, -1.895636669527633e-03,  7.304495753818743e-01,  1.453163437470506e-02,  6.554351658109965e-02,  1.299896267162943e+00, -4.326902046329041e-03, -1.018578786736644e-01,  1.482885208147142e+00,  2.145748116243538e-01,  3.580670309704709e-01
  1.510000000000000e+00, -1.919143717943952e-02, -2.960631433009752e-01,  8.186233056914195e-02, -2.014218377033880e-03,  7.303703306697079e-01,  1.446237621403646e-02,  6.508096177298270e-02,  1.296738950752979e+00, -4.181682912812019e-03, -1.009472247601364e-01,  1.479911983369630e+00,  2.142002425019472e-01,  3.578150308010631e-01
  1.520000000000000e+00, -1.926511764484673e-02, -2.959190391039979e-01,  8.177764320387967e-02, -2.143652189650418e-03,  7.302839378156140e-01,  1.438668621798165e-02,  6.457714784803231e-02,  1.293312543551195e+00, -4.018133746216445e-03, -9.996639032354260e-02,  1.476683200326049e+00,  2.138008931742937e-01,  3.575406287656425e-01
  1.530000000000000e+00, -1.934470532001639e-02, -2.957630851588368e-01,  8.168606784424595e-02, -2.283509193776209e-03,  7.301906701722523e-01,  1.430481471676774e-02,  6.403405320240199e-02,  1.289628248703759e+00, -3.836738512656767e-03, -9.891919154717499e-02,  1.473208737764206e+00,  2.133785694238566e-01,  3.572435374780440e-01
  1.540000000000000e+00, -1.942994122809323e-02, -2.955958226578770e-01,  8.158792043649879e-02, -2.433321717856050e-03,  7.300908283897124e-01,  1.421703369228874e-02,  6.345380836612710e-02,  1.285698186786567e+00, -3.637990990292900e-03, -9.780972860630666e-02,  1.469499435445832e+00,  2.129353446919712e-01,  3.569234546199086e-01
  1.550000000000000e+00, -1.952049503689849e-02, -2.954179434270108e-01,  8.148360331256946e-02, -2.592494266807507e-03,  7.299847951747179e-01,  1.412369189145983e-02,  6.283903061076990e-02,  1.281536359144188e+00, -3.422686976869133e-03, -9.664273089116815e-02,  1.465567560899626e+00,  2.124733228472173e-01,  3.565804572746573e-01
  1.560000000000000e+00, -1.961604312208135e-02, -2.952301109942171e-01,  8.137350494705467e-02, -2.760446688839265e-03,  7.298729475214817e-01,  1.402512657852971e-02,  6.219226900617204e-02,  1.277157057271171e+00, -3.191472561741583e-03, -9.542297834056956e-02,  1.461425969350835e+00,  2.119949440556474e-01,  3.562144663259676e-01
  1.570000000000000e+00, -1.971622660432617e-02, -2.950330542180620e-01,  8.125805268207363e-02, -2.936537951890821e-03,  7.297557041969392e-01,  1.392171033679629e-02,  6.151628933031358e-02,  1.272575616315831e+00, -2.945080252117081e-03, -9.415556376572187e-02,  1.457088530697411e+00,  2.115028294765266e-01,  3.558255381912399e-01
  1.580000000000000e+00, -1.982063345800724e-02, -2.948276168782270e-01,  8.113773895474720e-02, -3.120031559244689e-03,  7.296335445465643e-01,  1.381387412015488e-02,  6.081420289770409e-02,  1.267808899624161e+00, -2.684512003014280e-03, -9.284607698411929e-02,  1.452570113459382e+00,  2.109994771890889e-01,  3.554142023184670e-01
  1.590000000000000e+00, -1.992885759119122e-02, -2.946146128801388e-01,  8.101304173994409e-02, -3.310205985863038e-03,  7.295069434370992e-01,  1.370203752874628e-02,  6.008903530371609e-02,  1.262873852938091e+00, -2.410624622030400e-03, -9.150005592507159e-02,  1.447886093450808e+00,  2.104877124042860e-01,  3.549808493656481e-01
  1.600000000000000e+00, -2.004046889527292e-02, -2.943948996433353e-01,  8.088446475135623e-02, -3.506298830245913e-03,  7.293764041821975e-01,  1.358664428926848e-02,  5.934393647497282e-02,  1.257788118095288e+00, -2.124353084647105e-03, -9.012321119476141e-02,  1.443052509149198e+00,  2.099704252178625e-01,  3.545260649571940e-01
  1.610000000000000e+00, -2.015500875197323e-02, -2.941694018163702e-01,  8.075254843539222e-02, -3.707495656376134e-03,  7.292424616055472e-01,  1.346817160097691e-02,  5.858222350305610e-02,  1.252570350988385e+00, -1.826849401175115e-03, -8.872154470947091e-02,  1.438085874910007e+00,  2.094502220508216e-01,  3.540509305574115e-01
  1.620000000000000e+00, -2.027202857215450e-02, -2.939390013673548e-01,  8.061781197566806e-02, -3.913005480655520e-03,  7.291056418549984e-01,  1.334707983140859e-02,  5.780708053718452e-02,  1.247238818548021e+00, -1.519094277644564e-03, -8.730080439003718e-02,  1.433003018780638e+00,  2.089300742051421e-01,  3.535562981771763e-01
  1.630000000000000e+00, -2.039105833112380e-02, -2.937046396199578e-01,  8.048080542144700e-02, -4.121996478036520e-03,  7.289664933821561e-01,  1.322385751334569e-02,  5.702181212770006e-02,  1.241812700660619e+00, -1.202320242154374e-03, -8.586700977464368e-02,  1.427820914189786e+00,  2.084124851865300e-01,  3.530436577114738e-01
  1.640000000000000e+00, -2.051163959539961e-02, -2.934672116924609e-01,  8.034205550870463e-02, -4.333663199875264e-03,  7.288255541636715e-01,  1.309897468078951e-02,  5.622957309873300e-02,  1.236310474210902e+00, -8.775932221376985e-04, -8.442579679368034e-02,  1.422556672815358e+00,  2.079003083577748e-01,  3.525142201503325e-01
  1.650000000000000e+00, -2.063330914711856e-02, -2.932276444837243e-01,  8.020210266585183e-02, -4.547187498853220e-03,  7.286833642243107e-01,  1.297291398782781e-02,  5.543353139317303e-02,  1.230751165209303e+00, -5.462238895869862e-04, -8.298288312534385e-02,  1.417227225305596e+00,  2.073957390787328e-01,  3.519697834432843e-01
  1.660000000000000e+00, -2.075561680208333e-02, -2.929868158607687e-01,  8.006146233543787e-02, -4.761780152987404e-03,  7.285404514128203e-01,  1.284613812706060e-02,  5.463669313967835e-02,  1.225152757847061e+00, -2.093611597366386e-04, -8.154346543668467e-02,  1.411849453742290e+00,  2.069013160312735e-01,  3.514117799591546e-01
  1.670000000000000e+00, -2.087811246943841e-02, -2.927456201573189e-01,  7.992065575419215e-02, -4.976649114393792e-03,  7.283973407394506e-01,  1.271911561104379e-02,  5.384203788375055e-02,  1.219533752070279e+00,  1.316666487026674e-04, -8.011298444390924e-02,  1.406439735019892e+00,  2.064190567247810e-01,  3.508423651234525e-01
  1.680000000000000e+00, -2.100035959103872e-02, -2.925049006290718e-01,  7.978017820042672e-02, -5.191032349901112e-03,  7.282545446142711e-01,  1.259229413042904e-02,  5.305237973369278e-02,  1.213911277682308e+00,  4.756972157597353e-04, -7.869624915024874e-02,  1.401014209485684e+00,  2.059513452410671e-01,  3.502632433468316e-01
  1.690000000000000e+00, -2.112195366599382e-02, -2.922654813185219e-01,  7.964050486318242e-02, -5.404214878811833e-03,  7.281125313414840e-01,  1.246610242595654e-02,  5.227033172237049e-02,  1.208302119723635e+00,  8.212714045684496e-04, -7.729754408303346e-02,  1.395588215993673e+00,  2.054992955211024e-01,  3.496764127976958e-01
  1.700000000000000e+00, -2.124248957503107e-02, -2.920281503229095e-01,  7.950209626006481e-02, -5.615489705061641e-03,  7.279717750285996e-01,  1.234095907788203e-02,  5.149842303049017e-02,  1.202722051905031e+00,  1.167161513169371e-03, -7.592104161297097e-02,  1.390176578114980e+00,  2.050647777168119e-01,  3.490837807322292e-01
  1.710000000000000e+00, -2.136160627871048e-02, -2.917936423747044e-01,  7.936537494736905e-02, -5.824220224012597e-03,  7.278326931943353e-01,  1.221724788574214e-02,  5.073889377576379e-02,  1.197185086561317e+00,  1.511950505414708e-03, -7.456963975561415e-02,  1.384793258276346e+00,  2.046486414478622e-01,  3.484867494197748e-01
  1.720000000000000e+00, -2.147891206141904e-02, -2.915627042572376e-01,  7.923077896898033e-02, -6.029727559615199e-03,  7.276957459100255e-01,  1.209537016667205e-02,  4.999409447426551e-02,  1.191706722093133e+00,  1.854494807935581e-03, -7.324801286858751e-02,  1.379451357330675e+00,  2.042528166589835e-01,  3.478882386378135e-01
  1.730000000000000e+00, -2.159403032738480e-02, -2.913360302077569e-01,  7.909871945092901e-02, -6.231365032693502e-03,  7.275613786340929e-01,  1.197570509186330e-02,  4.926621757555216e-02,  1.186300497344396e+00,  2.193811513770917e-03, -7.195999942222731e-02,  1.374163420592859e+00,  2.038795599731346e-01,  3.472905066958162e-01
  1.740000000000000e+00, -2.170675853089945e-02, -2.911141640446283e-01,  7.896948360181820e-02, -6.428748100858020e-03,  7.274298056335741e-01,  1.185851081922880e-02,  4.855651145534476e-02,  1.180975037708671e+00,  2.527881183127534e-03, -7.070471440903425e-02,  1.368940012835866e+00,  2.035262502994739e-01,  3.466935618542765e-01
  1.750000000000000e+00, -2.181676144935373e-02, -2.908977160059917e-01,  7.884343327756846e-02, -6.621304002915165e-03,  7.273014240651128e-01,  1.174412358090822e-02,  4.786684510642682e-02,  1.175741992052833e+00,  2.855808546877261e-03, -6.948552668886787e-02,  1.363791579263456e+00,  2.031949592847258e-01,  3.460997737427344e-01
  1.760000000000000e+00, -2.192393905458524e-02, -2.906870881657723e-01,  7.872076133910133e-02, -6.808814883613821e-03,  7.271763195844145e-01,  1.163271406933450e-02,  4.719781804270817e-02,  1.170604413944283e+00,  3.175324436816948e-03, -6.829828026377883e-02,  1.358726038083041e+00,  2.028816048979184e-01,  3.455071967124430e-01
  1.770000000000000e+00, -2.202776987169370e-02, -2.904829751426885e-01,  7.860193070206437e-02, -6.990445970014024e-03,  7.270551472367859e-01,  1.152472575081556e-02,  4.655217597480762e-02,  1.165581329251486e+00,  3.487239174900848e-03, -6.715437535311697e-02,  1.353753484110128e+00,  2.025944873042370e-01,  3.449234650133921e-01
  1.780000000000000e+00, -2.212818761376278e-02, -2.902856860838038e-01,  7.848708458335130e-02, -7.166044940278856e-03,  7.269379569073778e-01,  1.142028655651865e-02,  4.593025015037700e-02,  1.160674136194658e+00,  3.789569935682360e-03, -6.604955881586516e-02,  1.348880013801806e+00,  2.023298114548917e-01,  3.443467241210523e-01
  1.790000000000000e+00, -2.222457255179554e-02, -2.900959068521581e-01,  7.837671781965515e-02, -7.334651048456827e-03,  7.268255472071878e-01,  1.131988059455871e-02,  4.533520475355311e-02,  1.155904637400315e+00,  4.084406218604095e-03, -6.499910291060916e-02,  1.344116244472296e+00,  2.020997350743426e-01,  3.437867159946282e-01
  1.800000000000000e+00, -2.231762657271135e-02, -2.899133165166191e-01,  7.827044290602472e-02, -7.497258379163414e-03,  7.267169442075294e-01,  1.122310846530199e-02,  4.476331643879426e-02,  1.151246434139184e+00,  4.365008097339559e-03, -6.397451925236908e-02,  1.339458599293223e+00,  2.018805561334311e-01,  3.432276867449980e-01
  1.810000000000000e+00, -2.240682245138224e-02, -2.897384644512251e-01,  7.816866678392015e-02, -7.653057827843693e-03,  7.266128320115096e-01,  1.113037199682839e-02,  4.421720141263535e-02,  1.146717489387180e+00,  4.633388929100119e-03, -6.298916503579122e-02,  1.334915055717043e+00,  2.016833321694928e-01,  3.426782818199441e-01
  1.820000000000000e+00, -2.249207756307918e-02, -2.895715356240272e-01,  7.807148941516168e-02, -7.801903641903294e-03,  7.265133021517096e-01,  1.104176786466505e-02,  4.369714331298110e-02,  1.142319808250746e+00,  4.888810475566445e-03, -6.204222620770760e-02,  1.330488597075613e+00,  2.015074553390655e-01,  3.421389095611337e-01
  1.830000000000000e+00, -2.257333202552272e-02, -2.894126625143550e-01,  7.797898175872034e-02, -7.943691483171249e-03,  7.264184207912735e-01,  1.095736657478077e-02,  4.320328380914728e-02,  1.138054680052064e+00,  5.130683870375451e-03, -6.113286073589030e-02,  1.326181394185746e+00,  2.013523740734030e-01,  3.416099689444635e-01
  1.840000000000000e+00, -2.265055371947067e-02, -2.892619220568052e-01,  7.789118277008729e-02, -8.078365630516612e-03,  7.263282219012833e-01,  1.087720929411143e-02,  4.273560030063498e-02,  1.133922560013990e+00,  5.358534150747623e-03, -6.026004473437307e-02,  1.321994817873169e+00,  2.012174481138657e-01,  3.410917499050222e-01
  1.850000000000000e+00, -2.272373744138826e-02, -2.891193372388429e-01,  7.780810038326007e-02, -8.205917469721789e-03,  7.262427082783348e-01,  1.080130866916179e-02,  4.229391387512035e-02,  1.129923173970682e+00,  5.572002083003446e-03, -5.942261542944925e-02,  1.317929514415197e+00,  2.011019589097678e-01,  3.405844527531067e-01
  1.860000000000000e+00, -2.279380142588442e-02, -2.889842721298801e-01,  7.772914496371740e-02, -8.327692973401532e-03,  7.261606385518070e-01,  1.072907157074646e-02,  4.187324388296292e-02,  1.126018808250952e+00,  5.764266373138765e-03, -5.858794130578193e-02,  1.313972099744451e+00,  2.009815917988326e-01,  3.400695386977126e-01
  1.870000000000000e+00, -2.285909203633479e-02, -2.888578051289448e-01,  7.765534419153715e-02, -8.441291612518361e-03,  7.260842543671300e-01,  1.066155377665875e-02,  4.148193484469507e-02,  1.122277281172498e+00,  5.947592790230232e-03, -5.781396076181888e-02,  1.310146803737147e+00,  2.009001774162135e-01,  3.395823142516547e-01
  1.880000000000000e+00, -2.292047170852246e-02, -2.887392685089341e-01,  7.758611654477221e-02, -8.547993160824999e-03,  7.260124000283448e-01,  1.059817640536721e-02,  4.111527796466915e-02,  1.118664599544313e+00,  6.116186164111810e-03, -5.707168305169130e-02,  1.306441202029016e+00,  2.008358728370686e-01,  3.391064110132077e-01
  1.890000000000000e+00, -2.297804106937637e-02, -2.886284877113424e-01,  7.752135402456664e-02, -8.647970659757793e-03,  7.259449537818154e-01,  1.053884416022717e-02,  4.077250952765275e-02,  1.115178187871231e+00,  6.270050944938942e-03, -5.635939756543883e-02,  1.302853676041118e+00,  2.007874429991189e-01,  3.386416424396688e-01
  1.900000000000000e+00, -2.303191008425132e-02, -2.885252559579592e-01,  7.746093272278333e-02, -8.741416303515766e-03,  7.258817851034830e-01,  1.048344747574741e-02,  4.045281487438380e-02,  1.111815671110047e+00,  6.409365328080167e-03, -5.567579182689729e-02,  1.299382420176793e+00,  2.007538779062310e-01,  3.381880423071738e-01
  1.910000000000000e+00, -2.308220685302836e-02, -2.884293308943801e-01,  7.740470828481362e-02, -8.828553688683873e-03,  7.258227424254790e-01,  1.043185764787039e-02,  4.015528487605722e-02,  1.108574515744539e+00,  6.534395516001828e-03, -5.501960054540332e-02,  1.296025348450524e+00,  2.007341204357870e-01,  3.377456573224549e-01
  1.920000000000000e+00, -2.312814602811757e-02, -2.883410310361412e-01,  7.735309135073280e-02, -8.908286914106264e-03,  7.257689178651510e-01,  1.038451778885929e-02,  3.988375598420938e-02,  1.105492323978796e+00,  6.652550974416804e-03, -5.442258848759084e-02,  1.292796722853059e+00,  2.007507243772956e-01,  3.373343928118984e-01
  1.930000000000000e+00, -2.317168979327503e-02, -2.882588996154912e-01,  7.730478914961640e-02, -8.983507762486008e-03,  7.257176758448153e-01,  1.034012302472552e-02,  3.962780043394987e-02,  1.102488722971698e+00,  6.750584673951495e-03, -5.381975039213049e-02,  1.289662337631727e+00,  2.007565638935089e-01,  3.369159519325664e-01
  1.940000000000000e+00, -2.321212409877743e-02, -2.881831813671565e-01,  7.726015766475365e-02, -9.053229466808862e-03,  7.256700160110632e-01,  1.029906195878957e-02,  3.939089060947826e-02,  1.099599021386778e+00,  6.835655778862726e-03, -5.324132241698365e-02,  1.286634978515394e+00,  2.007730728083062e-01,  3.365092468973957e-01
  1.950000000000000e+00, -2.324964212561390e-02, -2.881135249873076e-01,  7.721898660535716e-02, -9.117784093195316e-03,  7.256257085852110e-01,  1.026114292883101e-02,  3.917179452413377e-02,  1.096820043555641e+00,  6.908194372079470e-03, -5.268588058049239e-02,  1.283711735087570e+00,  2.007987394174033e-01,  3.361141494478687e-01
  1.960000000000000e+00, -2.328443295052912e-02, -2.880495719650114e-01,  7.718106451301461e-02, -9.177499751930995e-03,  7.255845308717781e-01,  1.022617364355376e-02,  3.896930833638011e-02,  1.094149192708654e+00,  6.968763818950860e-03, -5.215250679901916e-02,  1.280889864084979e+00,  2.008323387350535e-01,  3.357308075852387e-01
  1.970000000000000e+00, -2.331669151040899e-02, -2.879909527743341e-01,  7.714617360734088e-02, -9.232714489794592e-03,  7.255462533511020e-01,  1.019395567125321e-02,  3.878220539222809e-02,  1.091583944194749e+00,  7.017961746341089e-03, -5.164036078158406e-02,  1.278166604013241e+00,  2.008726374908419e-01,  3.353593846616589e-01
  1.980000000000000e+00, -2.334661643352607e-02, -2.879372905712389e-01,  7.711409202137523e-02, -9.283772647696519e-03,  7.255106422816688e-01,  1.016428654507477e-02,  3.860924811280948e-02,  1.089121861347048e+00,  7.056414955643314e-03, -5.114868398997172e-02,  1.275539204308287e+00,  2.009184107244768e-01,  3.350000583290519e-01
  1.990000000000000e+00, -2.337440815435474e-02, -2.878882045089645e-01,  7.708459578260214e-02, -9.331021674139480e-03,  7.254774619464952e-01,  1.013696162713745e-02,  3.844919825873862e-02,  1.086760597151243e+00,  7.084773762631031e-03, -5.067679521841393e-02,  1.273004946920627e+00,  2.009684526163482e-01,  3.346530146469096e-01
  2.000000000000000e+00, -2.340116875768174e-02, -2.878427808840188e-01,  7.705692204782986e-02, -9.376106074487274e-03,  7.254452464525604e-01,  1.011121703095184e-02,  3.829612484358773e-02,  1.084456546191874e+00,  7.096545011637311e-03, -5.019139596362087e-02,  1.270542448809497e+00,  2.009992364760825e-01,  3.342984471877207e-01
  2.010000000000000e+00, -2.342534445319430e-02, -2.878016783409444e-01,  7.703189684136313e-02, -9.416848634462306e-03,  7.254161533190974e-01,  1.008793645889068e-02,  3.815795250956192e-02,  1.082287632583957e+00,  7.106299800858124e-03, -4.975540514966159e-02,  1.268185178882796e+00,  2.010531336170407e-01,  3.339753253954736e-01
  2.020000000000000e+00, -2.344796778385335e-02, -2.877640229815590e-01,  7.700879853736715e-02, -9.454793923554012e-03,  7.253888117905496e-01,  1.006639861395829e-02,  3.802913433106948e-02,  1.080213585874675e+00,  7.108117626379346e-03, -4.933806342991164e-02,  1.265913485703557e+00,  2.011082537835647e-01,  3.336653516089625e-01
  2.030000000000000e+00, -2.346924189517359e-02, -2.877294385366003e-01,  7.698740437121820e-02, -9.490291490051430e-03,  7.253629817423236e-01,  1.004639865491523e-02,  3.790845504062532e-02,  1.078231757075971e+00,  7.102605327008191e-03, -4.893849112415792e-02,  1.263724616947096e+00,  2.011632748592785e-01,  3.333684301645170e-01
  2.040000000000000e+00, -2.348935243872918e-02, -2.876975642290462e-01,  7.696750413610316e-02, -9.523664494263159e-03,  7.253384462040545e-01,  1.002774410498528e-02,  3.779479993952502e-02,  1.076340048594225e+00,  7.090467210633305e-03, -4.855626830475666e-02,  1.261616116355694e+00,  2.012172337510264e-01,  3.330847054852745e-01
  2.050000000000000e+00, -2.350847794759919e-02, -2.876680497690187e-01,  7.694889441498243e-02, -9.555224396012592e-03,  7.253149970347187e-01,  1.001024877709431e-02,  3.768710071672293e-02,  1.074536365551073e+00,  7.072411192222761e-03, -4.819100793113494e-02,  1.259585580842896e+00,  2.012692470286575e-01,  3.328142997262807e-01
  2.060000000000000e+00, -2.352678892734456e-02, -2.876405569678820e-01,  7.693137953969792e-02, -9.585269417156782e-03,  7.252924360023734e-01,  9.993733680049549e-03,  3.758434009056452e-02,  1.072818587475630e+00,  7.049144986958695e-03, -4.784234170151790e-02,  1.257630651302222e+00,  2.013185122007060e-01,  3.325573032348840e-01
  2.070000000000000e+00, -2.354444687718607e-02, -2.876147613757807e-01,  7.691477258585425e-02, -9.614082906482083e-03,  7.252705759621740e-01,  9.978027961442639e-03,  3.748555681838940e-02,  1.071184548741092e+00,  7.021373144681387e-03, -4.750991218520804e-02,  1.255749007444365e+00,  2.013643112666074e-01,  3.323137688883050e-01
  2.080000000000000e+00, -2.356160337009768e-02, -2.875903538609399e-01,  7.689889632422865e-02, -9.641931793530695e-03,  7.252492419578248e-01,  9.962969805742941e-03,  3.738985039986802e-02,  1.069632021726619e+00,  6.989793952989010e-03, -4.719336549136430e-02,  1.253938365006982e+00,  2.014060132936827e-01,  3.320837069308438e-01
  2.090000000000000e+00, -2.357839917699349e-02, -2.875670421519600e-01,  7.688358414242287e-02, -9.669065107262802e-03,  7.252282722648785e-01,  9.948407300829919e-03,  3.729638555820758e-02,  1.068158702961481e+00,  6.955096217584718e-03, -4.689234466877144e-02,  1.252196475671902e+00,  2.014430758326168e-01,  3.318670803106269e-01
  2.100000000000000e+00, -2.359496349394494e-02, -2.875445522733211e-01,  7.686868088764158e-02, -9.695712652247638e-03,  7.252075193004818e-01,  9.934199225652363e-03,  3.720439617656989e-02,  1.066762203855850e+00,  6.917955831638809e-03, -4.660648437206836e-02,  1.250521129010477e+00,  2.014750444996138e-01,  3.316638004213698e-01
  2.110000000000000e+00, -2.361141333370279e-02, -2.875226297799398e-01,  7.685404357103766e-02, -9.722083943601341e-03,  7.251868503242559e-01,  9.920215703172357e-03,  3.711318834623244e-02,  1.065440047748458e+00,  6.879032222700274e-03, -4.633540694912062e-02,  1.248910155148437e+00,  2.015015519893914e-01,  3.314737238802692e-01
  2.120000000000000e+00, -2.362785303472400e-02, -2.875010408606731e-01,  7.683954197816169e-02, -9.748367323697278e-03,  7.251661479882758e-01,  9.906338760962734e-03,  3.702214279273548e-02,  1.064189671921803e+00,  6.838964632683824e-03, -4.607871951159657e-02,  1.247361427691098e+00,  2.015223178280729e-01,  3.312966510168461e-01
  2.130000000000000e+00, -2.364437383094969e-02, -2.874795733885492e-01,  7.682505923666959e-02, -9.774729170008540e-03,  7.251453108066022e-01,  9.892462848214453e-03,  3.693071699664507e-02,  1.063008432349683e+00,  6.798368213338835e-03, -4.583601194371575e-02,  1.245872866800382e+00,  2.015371482860416e-01,  3.311323266825976e-01
  2.140000000000000e+00, -2.366105349683102e-02, -2.874580378822272e-01,  7.681049232196099e-02, -9.801313220352669e-03,  7.251242535289258e-01,  9.878495292278093e-03,  3.683844692630506e-02,  1.061893611113572e+00,  6.757830062030130e-03, -4.560685618322856e-02,  1.244442442455514e+00,  2.015459358452617e-01,  3.309804439339097e-01
  2.150000000000000e+00, -2.367795607347463e-02, -2.874362683776485e-01,  7.679575249802399e-02, -9.828240024026271e-03,  7.251029074095987e-01,  9.864356691728852e-03,  3.674494835328639e-02,  1.060842427136221e+00,  6.717905144959947e-03, -4.539080645527525e-02,  1.243068179900099e+00,  2.015486573484263e-01,  3.308406490921413e-01
  2.160000000000000e+00, -2.369513166312049e-02, -2.874141232449984e-01,  7.678076571190373e-02, -9.855606494280049e-03,  7.250812203855641e-01,  9.849981262638589e-03,  3.664991782983893e-02,  1.059852050570162e+00,  6.679111974107654e-03, -4.518739985739282e-02,  1.241748169479514e+00,  2.015453694697464e-01,  3.307125456092734e-01
  2.170000000000000e+00, -2.371261632576834e-02, -2.873914858929401e-01,  7.676547290648830e-02, -9.883485619357188e-03,  7.250591571225131e-01,  9.835317105296695e-03,  3.655313313633641e-02,  1.058919620403306e+00,  6.641928106173930e-03, -4.499615705985691e-02,  1.240480578926388e+00,  2.015362024206039e-01,  3.305956968856994e-01
  2.180000000000000e+00, -2.373043212819694e-02, -2.873682652601494e-01,  7.674983019385555e-02, -9.911926419892240e-03,  7.250366988710191e-01,  9.820326338593262e-03,  3.645445290913950e-02,  1.058042264273390e+00,  6.606785675622999e-03, -4.481658338238589e-02,  1.239263664298702e+00,  2.015213544564115e-01,  3.304896303175331e-01
  2.190000000000000e+00, -2.374858733107723e-02, -2.873443960788951e-01,  7.673380888830472e-02, -9.940954137781581e-03,  7.250138431553681e-01,  9.804985103469712e-03,  3.635381551602571e-02,  1.057217121301833e+00,  6.574067268080843e-03, -4.464817157026778e-02,  1.238095779287699e+00,  2.015010878651208e-01,  3.303938434423669e-01
  2.200000000000000e+00, -2.376707665849312e-02, -2.873198389267077e-01,  7.671739542570563e-02, -9.970570579722671e-03,  7.249906033737691e-01,  9.789283464938067e-03,  3.625123746981237e-02,  1.056441370032736e+00,  6.544102697298810e-03, -4.449040799415103e-02,  1.236975385423640e+00,  2.014757249883571e-01,  3.303078107201478e-01
  2.210000000000000e+00, -2.378588165183214e-02, -2.872945800212006e-01,  7.670059115070814e-02, -1.000075462854375e-02,  7.249670083132894e-01,  9.773225197758334e-03,  3.614681135444631e-02,  1.055712259175691e+00,  6.517166982925154e-03, -4.434278111935084e-02,  1.235901064297902e+00,  2.014456429984962e-01,  3.302309889875457e-01
  2.220000000000000e+00, -2.380497119017974e-02, -2.872686306998682e-01,  7.668341191902328e-02, -1.003146304201916e-02,  7.249431014692409e-01,  9.756827401792031e-03,  3.604070282591371e-02,  1.055027134660199e+00,  6.493478915753715e-03, -4.420478820906924e-02,  1.234871529828976e+00,  2.014112675643790e-01,  3.301628214259600e-01
  2.230000000000000e+00, -2.382430224648302e-02, -2.872420265389550e-01,  7.666588747151880e-02, -1.006263163996290e-02,  7.249189400752256e-01,  9.740119902346118e-03,  3.593314631665866e-02,  1.054383460256898e+00,  6.473199718510648e-03, -4.407593864862401e-02,  1.233885636905051e+00,  2.013730662715332e-01,  3.301027415834814e-01
  2.240000000000000e+00, -2.384382087411734e-02, -2.872148260738008e-01,  7.664806056735356e-02, -1.009417688118003e-02,  7.248945938568944e-01,  9.723144425896509e-03,  3.582443945470401e-02,  1.053778833540524e+00,  6.456432208191691e-03, -4.395575573131437e-02,  1.232942383370946e+00,  2.013315415688797e-01,  3.300501781353527e-01
  2.250000000000000e+00, -2.386346337052740e-02, -2.871871091565602e-01,  7.662998590988379e-02, -1.012599775180068e-02,  7.248701435820506e-01,  9.705953585760938e-03,  3.571493648138300e-02,  1.053210998438812e+00,  6.443220820161333e-03, -4.384377844672026e-02,  1.232040904895935e+00,  2.012872211859678e-01,  3.300045596858130e-01
  2.260000000000000e+00, -2.388315756960783e-02, -2.871589750140314e-01,  7.661172890772867e-02, -1.015797788875438e-02,  7.248456794674766e-01,  9.688609717845176e-03,  3.560504093151986e-02,  1.052677854404466e+00,  6.433552540119540e-03, -4.373956349015006e-02,  1.231180464449552e+00,  2.012406449456126e-01,  3.299653194747819e-01
  2.270000000000000e+00, -2.390282425971982e-02, -2.871305400086608e-01,  7.659336427355674e-02, -1.018998793225581e-02,  7.248212994474126e-01,  9.671183569048123e-03,  3.549519759431433e-02,  1.052177461060354e+00,  6.427358740255829e-03, -4.364268678829486e-02,  1.230360437651309e+00,  2.011923505699240e-01,  3.299319004084615e-01
  2.280000000000000e+00, -2.392237872542087e-02, -2.871019351209207e-01,  7.657497446846823e-02, -1.022188810191063e-02,  7.247971073030693e-01,  9.653752844210665e-03,  3.538588376632444e-02,  1.051708036365750e+00,  6.424517748828020e-03, -4.355274343762883e-02,  1.229580294263566e+00,  2.011428621282770e-01,  3.299037599338276e-01
  2.290000000000000e+00, -2.394173235189275e-02, -2.870733032355529e-01,  7.655664804690129e-02, -1.025353089730206e-02,  7.247732107302948e-01,  9.636400664132619e-03,  3.527760013659841e-02,  1.051267951039529e+00,  6.424858247247361e-03, -4.346934679749292e-02,  1.228839578489691e+00,  2.010926823052656e-01,  3.298803740863918e-01
  2.300000000000000e+00, -2.395990654192342e-02, -2.870452514833881e-01,  7.653898051644220e-02, -1.028350284108050e-02,  7.247509400420733e-01,  9.619744762569304e-03,  3.517555593178608e-02,  1.050900261136264e+00,  6.435693081962669e-03, -4.342537443986937e-02,  1.228160959523584e+00,  2.010630011932733e-01,  3.298821216504284e-01
  2.310000000000000e+00, -2.397869173066013e-02, -2.870169724303243e-01,  7.652100175397285e-02, -1.031432280292368e-02,  7.247278171883442e-01,  9.602748892881423e-03,  3.507031883710662e-02,  1.050509246415700e+00,  6.440804186694457e-03, -4.334999498120239e-02,  1.227495234770157e+00,  2.010103230906510e-01,  3.298642577580758e-01
  2.320000000000000e+00, -2.399693441166873e-02, -2.869891730197563e-01,  7.650341026895904e-02, -1.034432660974082e-02,  7.247054115233780e-01,  9.586138490944222e-03,  3.496802498775332e-02,  1.050146984874540e+00,  6.448911988216566e-03, -4.328267449531075e-02,  1.226869627977344e+00,  2.009598952461657e-01,  3.298513211824037e-01
  2.330000000000000e+00, -2.401549550749551e-02, -2.869615291816563e-01,  7.648576489379356e-02, -1.037471118494128e-02,  7.246825222091156e-01,  9.569435000420311e-03,  3.486415741397765e-02,  1.049764670277129e+00,  6.451644065731240e-03, -4.318754749411011e-02,  1.226258965785767e+00,  2.008900463854013e-01,  3.298205478820247e-01
  2.340000000000000e+00, -2.403159086081627e-02, -2.869355799309085e-01,  7.646968544736338e-02, -1.040149714342122e-02,  7.246629611965795e-01,  9.554338240284481e-03,  3.477347728965503e-02,  1.049497152245441e+00,  6.471571786144211e-03, -4.316544209605765e-02,  1.225733679136522e+00,  2.008638389197678e-01,  3.298350550632130e-01
  2.350000000000000e+00, -2.404871916366243e-02, -2.869096491969341e-01,  7.645323784975960e-02, -1.042962808491427e-02,  7.246419007047387e-01,  9.538792027465005e-03,  3.467751431475257e-02,  1.049163539853310e+00,  6.477983037719643e-03, -4.308206547191861e-02,  1.225199557342827e+00,  2.007985240442149e-01,  3.298102756983811e-01
  2.360000000000000e+00, -2.406425843236867e-02, -2.868851825761018e-01,  7.643794599514012e-02, -1.045535734129302e-02,  7.246229311258205e-01,  9.524396179959206e-03,  3.459016899018280e-02,  1.048891413188942e+00,  6.492168665849360e-03, -4.303267828965040e-02,  1.224723158599834e+00,  2.007535340917662e-01,  3.298058705478524e-01
  2.370000000000000e+00, -2.407885250390143e-02, -2.868619499851777e-01,  7.642348474727918e-02, -1.047957735289683e-02,  7.246051526197435e-01,  9.510796641107298e-03,  3.450806563214132e-02,  1.048644411072463e+00,  6.507769839418558e-03, -4.299050950791460e-02,  1.224285405646822e+00,  2.007126648115503e-01,  3.298048559639432e-01
  2.380000000000000e+00, -2.409251905400077e-02, -2.868400318567758e-01,  7.640987924736534e-02, -1.050229348500650e-02,  7.245885278306914e-01,  9.498010641035420e-03,  3.443113753912387e-02,  1.048418186878385e+00,  6.523829490585255e-03, -4.295259627050906e-02,  1.223883805294898e+00,  2.006744180981612e-01,  3.298052249638128e-01
  2.390000000000000e+00, -2.410435306295274e-02, -2.868199656976244e-01,  7.639767049985131e-02, -1.052220413793393e-02,  7.245742903229360e-01,  9.486602621854622e-03,  3.436419415914597e-02,  1.048255548929961e+00,  6.547341193663267e-03, -4.295097314120609e-02,  1.223540476301399e+00,  2.006588058844187e-01,  3.298269815285191e-01
  2.400000000000000e+00, -2.411700316365103e-02, -2.868004724927696e-01,  7.638539062443209e-02, -1.054305377101489e-02,  7.245587870356039e-01,  9.475012090029867e-03,  3.429324673854801e-02,  1.048020308297469e+00,  6.555193667385955e-03, -4.288482324483844e-02,  1.223183476455125e+00,  2.006039927823624e-01,  3.298066605000185e-01
  2.410000000000000e+00, -2.412688986782767e-02, -2.867834250635773e-01,  7.637507996174819e-02, -1.055975020793554e-02,  7.245469337909387e-01,  9.465392934077015e-03,  3.423724183077621e-02,  1.047891480172282e+00,  6.577324975960083e-03, -4.288721971929819e-02,  1.222906286255055e+00,  2.005920948852417e-01,  3.298278006873110e-01
  2.420000000000000e+00, -2.413655762447111e-02, -2.867675613192997e-01,  7.636531527245650e-02, -1.057589797471409e-02,  7.245352261072265e-01,  9.456235617072534e-03,  3.418273092527784e-02,  1.047739412463523e+00,  6.591835728578363e-03, -4.286233055704524e-02,  1.222639959120008e+00,  2.005642973248025e-01,  3.298300620015222e-01
  2.430000000000000e+00, -2.414609485844713e-02, -2.867528662487747e-01,  7.635605842188270e-02, -1.059161598019090e-02,  7.245235379990592e-01,  9.447496603287886e-03,  3.412925468796971e-02,  1.047558796302070e+00,  6.597713925789003e-03, -4.280655729103520e-02,  1.222380840295777e+00,  2.005186218600530e-01,  3.298111799325043e-01
  2.440000000000000e+00, -2.415272792195114e-02, -2.867407598365673e-01,  7.634887797113911e-02, -1.060296550235868e-02,  7.245156830121476e-01,  9.440835586393288e-03,  3.409148340180036e-02,  1.047489727933420e+00,  6.618423509857441e-03, -4.282389490957781e-02,  1.222201998636784e+00,  2.005187768178751e-01,  3.298366250602693e-01
  2.450000000000000e+00, -2.416014679792273e-02, -2.867293486082174e-01,  7.634168529948411e-02, -1.061518761476390e-02,  7.245065882788196e-01,  9.434043371156955e-03,  3.404989616276718e-02,  1.047346263435748e+00,  6.622789794615423e-03, -4.277720333138113e-02,  1.222004020121666e+00,  2.004809156206079e-01,  3.298199715652738e-01
  2.460000000000000e+00, -2.416600680817050e-02, -2.867198059817125e-01,  7.633579575218863e-02, -1.062495873807686e-02,  7.244994814454704e-01,  9.428514676514762e-03,  3.401688662907320e-02,  1.047247844035299e+00,  6.630886410874755e-03, -4.275522977880095e-02,  1.221848881652470e+00,  2.004593220270239e-01,  3.298171945181861e-01
  2.470000000000000e+00, -2.417075339801329e-02, -2.867118638384136e-01,  7.633094159167354e-02, -1.063292036233781e-02,  7.244937558517252e-01,  9.423970641425325e-03,  3.399008487994104e-02,  1.047173476911925e+00,  6.639302011162531e-03, -4.274294978835068e-02,  1.221724112330529e+00,  2.004448398728161e-01,  3.298188398965566e-01
  2.480000000000000e+00, -2.417454701006083e-02, -2.867054209117450e-01,  7.632702451929409e-02, -1.063930459952306e-02,  7.244891936605482e-01,  9.420309395034507e-03,  3.396863582294932e-02,  1.047115931545778e+00,  6.646852097982821e-03, -4.273527496480866e-02,  1.221625004738359e+00,  2.004343646858714e-01,  3.298217268495641e-01
  2.490000000000000e+00, -2.417676935214320e-02, -2.867006515080264e-01,  7.632433815987935e-02, -1.064326499712426e-02,  7.244866655990815e-01,  9.417857040668720e-03,  3.395576553944947e-02,  1.047110896785187e+00,  6.660019381391656e-03, -4.275958645671894e-02,  1.221568357825733e+00,  2.004447721632196e-01,  3.298424859212518e-01
  2.500000000000000e+00, -2.417972104352234e-02, -2.866961835471906e-01,  7.632150502659528e-02, -1.064811156199300e-02,  7.244830367624631e-01,  9.415176739634205e-03,  3.393924525434685e-02,  1.047048793917688e+00,  6.661077008481401e-03, -4.273667891996080e-02,  1.221491414728841e+00,  2.004267823744624e-01,  3.298333798411875e-01
