Main.Studies.MarkerTracking.t,Main.Studies.MarkerTracking.JointAngleOutputs.OutputFile_RightLeg.HipFlexion,Main.Studies.MarkerTracking.JointAngleOutputs.OutputFile_RightLeg.HipAbduction,Main.Studies.MarkerTracking.JointAngleOutputs.OutputFile_RightLeg.HipExternalRotation,Main.Studies.MarkerTracking.JointAngleOutputs.OutputFile_RightLeg.KneeFlexion,Main.Studies.MarkerTracking.JointAngleOutputs.OutputFile_RightLeg.AnklePlantarFlexion,Main.Studies.MarkerTracking.JointAngleOutputs.OutputFile_RightLeg.SubTalarEversion
  5.000000000000000e-01,  2.228293963499641e-01,  5.213779967774612e-02,  5.777391750699942e-02,  2.619938124294011e-01, -1.084373590030083e-01,  2.271313582330799e-01
  5.100000000000000e-01,  2.226014918099329e-01,  5.231856817541414e-02,  5.747416302054210e-02,  2.618034782906680e-01, -1.081902700158269e-01,  2.272930291972729e-01
  5.200000000000000e-01,  2.223895432679094e-01,  5.248263735081204e-02,  5.719311052387785e-02,  2.616263242657365e-01, -1.079553446625258e-01,  2.274333761383509e-01
  5.300000000000000e-01,  2.221897172478836e-01,  5.263199269536178e-02,  5.692848930762165e-02,  2.614606388875334e-01, -1.077308831055343e-01,  2.275550509147065e-01
  5.400000000000000e-01,  2.220007538837356e-01,  5.276729363103150e-02,  5.667978255416113e-02,  2.613061775859710e-01, -1.075168525014998e-01,  2.276587856554708e-01
  5.500000000000000e-01,  2.218221894300524e-01,  5.288859340779295e-02,  5.644719395124743e-02,  2.611631138457653e-01, -1.073136266171108e-01,  2.277445098653613e-01
  5.600000000000001e-01,  2.216528448462851e-01,  5.299615082333142e-02,  5.623062391692066e-02,  2.610312365418900e-01, -1.071211040741686e-01,  2.278125737690535e-01
  5.700000000000001e-01,  2.214919199249274e-01,  5.309032640774847e-02,  5.602990440979146e-02,  2.609104984125310e-01, -1.069394304151117e-01,  2.278633679707174e-01
  5.800000000000000e-01,  2.213384020226236e-01,  5.317151533020459e-02,  5.584480258233447e-02,  2.608007108918290e-01, -1.067685787575542e-01,  2.278974085420886e-01
  5.900000000000000e-01,  2.211912349494157e-01,  5.324013881707046e-02,  5.567504971933988e-02,  2.607016414735663e-01, -1.066084648591959e-01,  2.279152777511156e-01
  6.000000000000000e-01,  2.210493165193825e-01,  5.329665944849293e-02,  5.552032544552559e-02,  2.606130032445030e-01, -1.064589425013720e-01,  2.279176441013048e-01
  6.100000000000000e-01,  2.209114941995910e-01,  5.334157992938438e-02,  5.538025859368269e-02,  2.605344503053376e-01, -1.063197973087617e-01,  2.279052629710640e-01
  6.200000000000000e-01,  2.207765668200515e-01,  5.337544199577349e-02,  5.525442789396116e-02,  2.604655768823007e-01, -1.061907457321875e-01,  2.278789762699430e-01
  6.300000000000000e-01,  2.206432868690812e-01,  5.339882425568176e-02,  5.514236388749172e-02,  2.604059172248216e-01, -1.060714345686875e-01,  2.278397107659131e-01
  6.400000000000000e-01,  2.205103642191748e-01,  5.341233936577683e-02,  5.504355195776062e-02,  2.603549465249417e-01, -1.059614415303207e-01,  2.277884752611081e-01
  6.500000000000000e-01,  2.203764702103182e-01,  5.341663045062295e-02,  5.495743633469483e-02,  2.603120825354890e-01, -1.058602770436926e-01,  2.277263573515680e-01
  6.600000000000000e-01,  2.202402410433246e-01,  5.341236676470862e-02,  5.488342514962780e-02,  2.602766873603555e-01, -1.057673872763350e-01,  2.276545197365008e-01
  6.700000000000000e-01,  2.201002807580677e-01,  5.340023904884794e-02,  5.482089610333844e-02,  2.602480695967081e-01, -1.056821581211390e-01,  2.275741949198633e-01
  6.799999999999999e-01,  2.199551664338435e-01,  5.338095543522359e-02,  5.476920169800340e-02,  2.602254881687818e-01, -1.056039199590415e-01,  2.274866776092689e-01
  6.899999999999999e-01,  2.198034568383067e-01,  5.335523812818854e-02,  5.472767394190062e-02,  2.602081581758693e-01, -1.055319528613887e-01,  2.273933151541645e-01
  7.000000000000000e-01,  2.196437016647159e-01,  5.332382041778594e-02,  5.469562931602587e-02,  2.601952572957956e-01, -1.054654919749154e-01,  2.272954963978606e-01
  7.100000000000000e-01,  2.194744489809393e-01,  5.328744393799756e-02,  5.467237369091107e-02,  2.601859319018025e-01, -1.054037333319141e-01,  2.271946396762981e-01
  7.200000000000000e-01,  2.192942516647322e-01,  5.324685605772839e-02,  5.465720622676946e-02,  2.601793030564398e-01, -1.053458400427195e-01,  2.270921821354640e-01
  7.300000000000000e-01,  2.191018700111645e-01,  5.320284028632316e-02,  5.464942083196941e-02,  2.601746004286327e-01, -1.052911255530968e-01,  2.269895277041214e-01
  7.400000000000000e-01,  2.188955048535424e-01,  5.315608424924334e-02,  5.464831440035259e-02,  2.601706640226467e-01, -1.052383634135256e-01,  2.268882141907504e-01
  7.500000000000000e-01,  2.186739435895256e-01,  5.310736064702359e-02,  5.465318737429875e-02,  2.601666904561579e-01, -1.051868133500695e-01,  2.267896442785420e-01
  7.600000000000000e-01,  2.184358355030983e-01,  5.305741107267337e-02,  5.466334150197222e-02,  2.601617635262644e-01, -1.051355737125450e-01,  2.266952502903880e-01
  7.700000000000000e-01,  2.181798723414489e-01,  5.300696715006081e-02,  5.467808348467622e-02,  2.601549729506408e-01, -1.050837386047665e-01,  2.266064406964999e-01
  7.800000000000000e-01,  2.179048053225228e-01,  5.295674983276366e-02,  5.469672273242514e-02,  2.601454252830371e-01, -1.050304094709929e-01,  2.265245939443008e-01
  7.900000000000000e-01,  2.176094564155338e-01,  5.290746638808863e-02,  5.471857082619917e-02,  2.601322513077847e-01, -1.049747022033512e-01,  2.264510536913191e-01
  8.000000000000000e-01,  2.172927292988004e-01,  5.285980713721039e-02,  5.474294348166901e-02,  2.601146130487967e-01, -1.049157544668976e-01,  2.263871220792422e-01
  8.100000000000001e-01,  2.169536196377672e-01,  5.281444249152867e-02,  5.476916584097664e-02,  2.600917106110250e-01, -1.048527336587743e-01,  2.263340493486190e-01
  8.200000000000001e-01,  2.165912239661623e-01,  5.277201997557124e-02,  5.479657926396497e-02,  2.600627888391484e-01, -1.047848451181395e-01,  2.262930223175172e-01
  8.300000000000001e-01,  2.162047482154004e-01,  5.273316108562698e-02,  5.482454775981647e-02,  2.600271440842272e-01, -1.047113404476342e-01,  2.262651536711559e-01
  8.400000000000001e-01,  2.157933172810125e-01,  5.269840262810832e-02,  5.485247550888193e-02,  2.599839746753854e-01, -1.046313030142625e-01,  2.262515247340887e-01
  8.500000000000000e-01,  2.153567900101081e-01,  5.266841724833604e-02,  5.487976854113737e-02,  2.599330186122818e-01, -1.045445570971261e-01,  2.262529625443688e-01
  8.600000000000000e-01,  2.148945334298479e-01,  5.264366658776609e-02,  5.490591286317410e-02,  2.598736005288051e-01, -1.044503056339732e-01,  2.262703461562749e-01
  8.700000000000000e-01,  2.144062801234831e-01,  5.262463327452505e-02,  5.493042401623561e-02,  2.598052921251543e-01, -1.043480730888391e-01,  2.263043924911001e-01
  8.800000000000000e-01,  2.138919102293639e-01,  5.261175040195298e-02,  5.495286893504729e-02,  2.597277441384757e-01, -1.042374612558799e-01,  2.263556971384675e-01
  8.900000000000000e-01,  2.133514664681337e-01,  5.260540030488525e-02,  5.497286661777829e-02,  2.596406957046175e-01, -1.041181616653748e-01,  2.264247307272117e-01
  9.000000000000000e-01,  2.127851603352648e-01,  5.260591078968857e-02,  5.499009112478882e-02,  2.595439779288558e-01, -1.039899596428127e-01,  2.265118344169713e-01
  9.099999999999999e-01,  2.121933762677535e-01,  5.261355214152896e-02,  5.500427458017226e-02,  2.594375165156487e-01, -1.038527377654940e-01,  2.266172158442484e-01
  9.199999999999999e-01,  2.115767750162557e-01,  5.262859188719271e-02,  5.501518451726935e-02,  2.593214143671594e-01, -1.037066172301032e-01,  2.267409355210241e-01
  9.299999999999999e-01,  2.109358967759086e-01,  5.265106845784873e-02,  5.502272962830040e-02,  2.591956391117194e-01, -1.035514202693750e-01,  2.268829400794566e-01
  9.399999999999999e-01,  2.102717344999664e-01,  5.268112023344074e-02,  5.502681166798377e-02,  2.590604680982527e-01, -1.033874498075125e-01,  2.270430063251583e-01
  9.500000000000000e-01,  2.095853679006551e-01,  5.271877607322328e-02,  5.502741803859676e-02,  2.589162072765211e-01, -1.032149976017914e-01,  2.272207847372648e-01
  9.600000000000000e-01,  2.088780352623279e-01,  5.276400077632748e-02,  5.502460379109051e-02,  2.587632447620580e-01, -1.030344460280819e-01,  2.274157863210774e-01
  9.700000000000000e-01,  2.081511305812853e-01,  5.281669931760269e-02,  5.501848684881849e-02,  2.586020484841747e-01, -1.028462693287766e-01,  2.276273908158209e-01
  9.800000000000000e-01,  2.074061938739442e-01,  5.287671905077285e-02,  5.500924469826603e-02,  2.584331594651035e-01, -1.026510280494867e-01,  2.278548537363662e-01
  9.900000000000000e-01,  2.066447165233707e-01,  5.294378271050348e-02,  5.499712053957015e-02,  2.582569907836457e-01, -1.024490851416934e-01,  2.280973930020768e-01
  1.000000000000000e+00,  2.058688373631995e-01,  5.301776752737908e-02,  5.498237398332492e-02,  2.580745637958637e-01, -1.022416701311986e-01,  2.283539049045336e-01
  1.010000000000000e+00,  2.050802448994648e-01,  5.309831193326264e-02,  5.496531296983304e-02,  2.578863595286615e-01, -1.020292422919767e-01,  2.286234788889897e-01
  1.020000000000000e+00,  2.042809888461500e-01,  5.318503316520196e-02,  5.494637991898805e-02,  2.576932091353893e-01, -1.018127144763106e-01,  2.289048079966681e-01
  1.030000000000000e+00,  2.034730181184516e-01,  5.327753466356011e-02,  5.492593794212931e-02,  2.574957531796290e-01, -1.015927850624892e-01,  2.291968087798556e-01
  1.040000000000000e+00,  2.026586047903286e-01,  5.337544285225215e-02,  5.490441688519241e-02,  2.572949647562175e-01, -1.013706043999655e-01,  2.294981267375033e-01
  1.050000000000000e+00,  2.018397607416448e-01,  5.347827223036439e-02,  5.488223913131294e-02,  2.570914878919851e-01, -1.011468820100869e-01,  2.298075688128309e-01
  1.060000000000000e+00,  2.010187446387331e-01,  5.358555721706781e-02,  5.485988347859885e-02,  2.568862392957050e-01, -1.009227018019886e-01,  2.301237011711853e-01
  1.070000000000000e+00,  2.001976712137266e-01,  5.369679473683608e-02,  5.483778457447828e-02,  2.566799547920280e-01, -1.006989237304425e-01,  2.304452480912484e-01
  1.080000000000000e+00,  1.993786134182800e-01,  5.381144942360261e-02,  5.481638305085616e-02,  2.564733256195112e-01, -1.004763547511747e-01,  2.307709373898091e-01
  1.090000000000000e+00,  1.985638019216319e-01,  5.392903026691864e-02,  5.479613540951322e-02,  2.562672545602126e-01, -1.002561053935679e-01,  2.310993461376047e-01
  1.100000000000000e+00,  1.977551820828511e-01,  5.404896420287475e-02,  5.477746447638786e-02,  2.560623271352909e-01, -1.000388630516604e-01,  2.314292694448933e-01
  1.110000000000000e+00,  1.969548584923995e-01,  5.417074205273931e-02,  5.476080606166468e-02,  2.558593687340894e-01, -9.982565886395670e-02,  2.317593326654213e-01
  1.120000000000000e+00,  1.961646582516857e-01,  5.429377805614788e-02,  5.474656618656693e-02,  2.556589115605945e-01, -9.961713103514014e-02,  2.320883752819088e-01
  1.130000000000000e+00,  1.953865277353790e-01,  5.441756617097782e-02,  5.473514661881945e-02,  2.554617009555015e-01, -9.941422892717502e-02,  2.324151022266187e-01
  1.140000000000000e+00,  1.946221356839990e-01,  5.454151352668157e-02,  5.472693923247451e-02,  2.552681997652809e-01, -9.921751553153962e-02,  2.327384096253695e-01
  1.150000000000000e+00,  1.938732416662359e-01,  5.466512798009093e-02,  5.472231259290040e-02,  2.550790659068422e-01, -9.902784346990225e-02,  2.330570888613475e-01
  1.160000000000000e+00,  1.931413366167547e-01,  5.478781953121881e-02,  5.472164393596748e-02,  2.548946908711694e-01, -9.884569384616519e-02,  2.333701012630044e-01
  1.170000000000000e+00,  1.924279448319933e-01,  5.490909317555914e-02,  5.472527410319318e-02,  2.547155983923495e-01, -9.867174952887618e-02,  2.336763558381883e-01
  1.180000000000000e+00,  1.917344719291472e-01,  5.502847359650875e-02,  5.473351314180635e-02,  2.545422503703806e-01, -9.850661741326809e-02,  2.339748309085927e-01
  1.190000000000000e+00,  1.910621363661686e-01,  5.514540777438826e-02,  5.474669558690060e-02,  2.543749460635437e-01, -9.835067071904281e-02,  2.342645969681541e-01
  1.200000000000000e+00,  1.904121712974150e-01,  5.525950771405630e-02,  5.476505401188299e-02,  2.542141079189565e-01, -9.820448194055113e-02,  2.345447360605551e-01
  1.210000000000000e+00,  1.897856051797034e-01,  5.537026513767151e-02,  5.478887339697360e-02,  2.540599632855436e-01, -9.806833396480906e-02,  2.348144266543461e-01
  1.220000000000000e+00,  1.891834402150235e-01,  5.547733503992980e-02,  5.481832174577303e-02,  2.539128101441980e-01, -9.794263400864162e-02,  2.350729099602497e-01
  1.230000000000000e+00,  1.886065554396175e-01,  5.558042675419683e-02,  5.485350432930000e-02,  2.537728789512139e-01, -9.782770344795604e-02,  2.353195374098012e-01
  1.240000000000000e+00,  1.880556973853752e-01,  5.567922242477574e-02,  5.489452781130182e-02,  2.536403027985332e-01, -9.772372086702914e-02,  2.355537396200826e-01
  1.250000000000000e+00,  1.875315182169997e-01,  5.577344148503638e-02,  5.494145999958986e-02,  2.535151720041361e-01, -9.763080789203328e-02,  2.357750249287918e-01
  1.260000000000000e+00,  1.870345745665464e-01,  5.586304509229789e-02,  5.499415847784407e-02,  2.533975714132878e-01, -9.754911599762725e-02,  2.359830953637358e-01
  1.270000000000000e+00,  1.865653005475012e-01,  5.594789300512870e-02,  5.505254679339365e-02,  2.532874766887116e-01, -9.747862244114684e-02,  2.361776885336055e-01
  1.280000000000000e+00,  1.861240333073310e-01,  5.602795829469720e-02,  5.511644327207099e-02,  2.531848258076976e-01, -9.741926668145705e-02,  2.363586715511187e-01
  1.290000000000000e+00,  1.857110124106992e-01,  5.610326950184419e-02,  5.518560576210663e-02,  2.530895049121165e-01, -9.737092084945881e-02,  2.365260159135025e-01
  1.300000000000000e+00,  1.853263880031351e-01,  5.617390054754012e-02,  5.525974004909648e-02,  2.530013544748414e-01, -9.733339702523949e-02,  2.366797883105753e-01
  1.310000000000000e+00,  1.849702314645311e-01,  5.623995936971782e-02,  5.533851168837741e-02,  2.529201783181995e-01, -9.730645825967039e-02,  2.368201357586736e-01
  1.320000000000000e+00,  1.846425479920773e-01,  5.630157560866622e-02,  5.542155966895006e-02,  2.528457545266611e-01, -9.728983190344979e-02,  2.369472678170889e-01
  1.330000000000000e+00,  1.843432646812052e-01,  5.635896889297909e-02,  5.550843448673305e-02,  2.527778353840292e-01, -9.728322100286606e-02,  2.370615075236555e-01
  1.340000000000000e+00,  1.840723458587888e-01,  5.641210909110672e-02,  5.559892455667740e-02,  2.527162060429852e-01, -9.728632921359834e-02,  2.371629834311609e-01
  1.350000000000000e+00,  1.838296252715113e-01,  5.646128396658434e-02,  5.569252519394115e-02,  2.526606132465965e-01, -9.729885675345655e-02,  2.372521102922150e-01
  1.360000000000000e+00,  1.836150004296892e-01,  5.650651193895384e-02,  5.578899969944481e-02,  2.526108615965367e-01, -9.732053691914187e-02,  2.373290645055612e-01
  1.370000000000000e+00,  1.834283373117008e-01,  5.654785842307541e-02,  5.588808061936120e-02,  2.525667715228265e-01, -9.735113116686475e-02,  2.373940573246964e-01
  1.380000000000000e+00,  1.832694997545632e-01,  5.658535690731981e-02,  5.598954571138787e-02,  2.525281952592488e-01, -9.739043895417264e-02,  2.374472616550347e-01
  1.390000000000000e+00,  1.831383233104021e-01,  5.661908353552447e-02,  5.609314723325164e-02,  2.524950031004329e-01, -9.743829140837394e-02,  2.374888778331884e-01
  1.400000000000000e+00,  1.830346688488041e-01,  5.664902407307459e-02,  5.619874275789486e-02,  2.524671154736804e-01, -9.749457434158679e-02,  2.375190048605044e-01
  1.410000000000000e+00,  1.829586564967616e-01,  5.667453925139299e-02,  5.630680166519117e-02,  2.524446442641471e-01, -9.755934153100711e-02,  2.375372035493141e-01
  1.420000000000000e+00,  1.829098043751929e-01,  5.669624482095803e-02,  5.641664625816693e-02,  2.524273623060103e-01, -9.763235988386597e-02,  2.375439148868767e-01
  1.430000000000000e+00,  1.828880213999883e-01,  5.671411480292976e-02,  5.652815587119682e-02,  2.524153473413495e-01, -9.771374308657998e-02,  2.375393950792564e-01
  1.440000000000000e+00,  1.828932107509214e-01,  5.672785591611840e-02,  5.664154147273085e-02,  2.524086797800535e-01, -9.780354245916749e-02,  2.375233367912270e-01
  1.450000000000000e+00,  1.829252957897715e-01,  5.673713491724119e-02,  5.675705145852301e-02,  2.524074899569534e-01, -9.790187434464295e-02,  2.374954598624642e-01
  1.460000000000000e+00,  1.829840989971263e-01,  5.674182808523054e-02,  5.687474459733401e-02,  2.524118839771998e-01, -9.800885313471297e-02,  2.374556687481844e-01
  1.470000000000000e+00,  1.830694745174994e-01,  5.674164948897031e-02,  5.699484569217082e-02,  2.524220120402535e-01, -9.812462457085955e-02,  2.374037158325129e-01
  1.480000000000000e+00,  1.831811637673520e-01,  5.673655664313748e-02,  5.711735753955030e-02,  2.524379949953484e-01, -9.824933060717171e-02,  2.373395688388839e-01
  1.490000000000000e+00,  1.833189734205999e-01,  5.672619722574934e-02,  5.724258183990415e-02,  2.524600019756142e-01, -9.838312451392547e-02,  2.372629345791051e-01
  1.500000000000000e+00,  1.834825872398594e-01,  5.671046880123987e-02,  5.737058823934432e-02,  2.524881614104448e-01, -9.852614064774352e-02,  2.371737519493513e-01
  1.510000000000000e+00,  1.836716583420688e-01,  5.668921920195835e-02,  5.750149424395334e-02,  2.525225976256019e-01, -9.867849534600745e-02,  2.370719376422249e-01
  1.520000000000000e+00,  1.838857781226751e-01,  5.666232776286018e-02,  5.763538549222003e-02,  2.525634122908569e-01, -9.884027488507177e-02,  2.369574623208566e-01
  1.530000000000000e+00,  1.841244705042503e-01,  5.662971405640693e-02,  5.777230535015977e-02,  2.526106778657315e-01, -9.901152787258682e-02,  2.368303624857515e-01
  1.540000000000000e+00,  1.843871956251845e-01,  5.659127920433238e-02,  5.791230395482461e-02,  2.526644253824837e-01, -9.919223795841260e-02,  2.366907075982048e-01
  1.550000000000000e+00,  1.846733135627762e-01,  5.654717652700070e-02,  5.805520550169156e-02,  2.527246667751243e-01, -9.938240243820338e-02,  2.365387723541938e-01
  1.560000000000000e+00,  1.849821391953512e-01,  5.649740542892157e-02,  5.820095939994930e-02,  2.527913579703158e-01, -9.958191035687051e-02,  2.363747745249777e-01
  1.570000000000000e+00,  1.853129000942786e-01,  5.644203110394930e-02,  5.834944425866197e-02,  2.528644004371302e-01, -9.979058302054339e-02,  2.361990327913986e-01
  1.580000000000000e+00,  1.856647529383790e-01,  5.638135044838966e-02,  5.850034038566427e-02,  2.529437034706397e-01, -1.000082904549801e-01,  2.360120267502975e-01
  1.590000000000000e+00,  1.860367850297557e-01,  5.631552198650658e-02,  5.865342694995147e-02,  2.530290885195647e-01, -1.002347528119023e-01,  2.358142173129586e-01
  1.600000000000000e+00,  1.864280051149073e-01,  5.624476918387122e-02,  5.880841318218905e-02,  2.531203281733069e-01, -1.004696310772547e-01,  2.356061539815353e-01
  1.610000000000000e+00,  1.868373840271620e-01,  5.616949946477656e-02,  5.896486027206249e-02,  2.532172284287546e-01, -1.007126634741959e-01,  2.353884794248244e-01
  1.620000000000000e+00,  1.872637911723251e-01,  5.608996431698254e-02,  5.912242536283957e-02,  2.533194554645787e-01, -1.009633651244911e-01,  2.351618476432414e-01
  1.630000000000000e+00,  1.877060869576105e-01,  5.600663214286250e-02,  5.928060284130789e-02,  2.534267514763535e-01, -1.012213951677354e-01,  2.349269867373426e-01
  1.640000000000000e+00,  1.881630143344963e-01,  5.591982020775887e-02,  5.943897008794303e-02,  2.535386936903873e-01, -1.014861578577871e-01,  2.346846618064118e-01
  1.650000000000000e+00,  1.886333336772729e-01,  5.583004064453956e-02,  5.959696995626729e-02,  2.536549590105144e-01, -1.017572317602661e-01,  2.344356682327514e-01
  1.660000000000000e+00,  1.891156733980248e-01,  5.573765880068082e-02,  5.975411563210003e-02,  2.537750345992587e-01, -1.020339100288577e-01,  2.341808601389237e-01
  1.670000000000000e+00,  1.896087085297967e-01,  5.564322049065273e-02,  5.990980765856826e-02,  2.538985351899534e-01, -1.023156979376270e-01,  2.339210823737966e-01
  1.680000000000000e+00,  1.901109689272598e-01,  5.554712618583557e-02,  6.006350664698033e-02,  2.540248608280272e-01, -1.026017841197267e-01,  2.336572604418131e-01
  1.690000000000000e+00,  1.906210588073510e-01,  5.544994065765363e-02,  6.021458516197829e-02,  2.541535639784167e-01, -1.028915999054408e-01,  2.333902648422646e-01
  1.700000000000000e+00,  1.911374637909083e-01,  5.535211933396611e-02,  6.036245239753493e-02,  2.542840145135481e-01, -1.031843127380320e-01,  2.331210466127047e-01
  1.710000000000000e+00,  1.916586425348296e-01,  5.525413084753716e-02,  6.050650011231896e-02,  2.544155505165020e-01, -1.034790541918097e-01,  2.328505653426264e-01
  1.720000000000000e+00,  1.921831467595234e-01,  5.515655003174968e-02,  6.064607196798284e-02,  2.545476464778175e-01, -1.037751682560340e-01,  2.325797205421490e-01
  1.730000000000000e+00,  1.927093852847576e-01,  5.505981697308560e-02,  6.078055227879491e-02,  2.546795390292216e-01, -1.040716581261205e-01,  2.323095201954641e-01
  1.740000000000000e+00,  1.932358942405029e-01,  5.496447481042299e-02,  6.090931073433109e-02,  2.548106491569007e-01, -1.043677957780659e-01,  2.320408074387481e-01
  1.750000000000000e+00,  1.937611310228194e-01,  5.487097731968116e-02,  6.103173074291280e-02,  2.549402317519929e-01, -1.046626254175195e-01,  2.317745442445197e-01
  1.760000000000000e+00,  1.942835380456218e-01,  5.477973557966198e-02,  6.114723354580857e-02,  2.550674978790290e-01, -1.049551242712796e-01,  2.315116327137957e-01
  1.770000000000000e+00,  1.948018133186274e-01,  5.469131176201092e-02,  6.125518465703783e-02,  2.551919472878802e-01, -1.052447077320948e-01,  2.312528911994982e-01
  1.780000000000000e+00,  1.953144807414164e-01,  5.460606947837898e-02,  6.135505673407416e-02,  2.553127977591723e-01, -1.055303670813341e-01,  2.309991453855942e-01
  1.790000000000000e+00,  1.958202437336944e-01,  5.452444193055261e-02,  6.144629046377205e-02,  2.554294156925339e-01, -1.058113330501821e-01,  2.307512235526427e-01
  1.800000000000000e+00,  1.963177581480974e-01,  5.444672339930134e-02,  6.152849909033641e-02,  2.555411245701119e-01, -1.060867092454339e-01,  2.305096441559689e-01
  1.810000000000000e+00,  1.968058668628483e-01,  5.437326667489550e-02,  6.160122448270464e-02,  2.556473371045180e-01, -1.063557801956314e-01,  2.302751041884335e-01
  1.820000000000000e+00,  1.972834734271054e-01,  5.430435235245867e-02,  6.166410946018875e-02,  2.557474973298705e-01, -1.066178451518774e-01,  2.300481310352385e-01
  1.830000000000000e+00,  1.977495837655489e-01,  5.424021662130984e-02,  6.171686033633592e-02,  2.558411030915893e-01, -1.068722680654385e-01,  2.298291670160089e-01
  1.840000000000000e+00,  1.982033117364903e-01,  5.418104752494557e-02,  6.175925117692319e-02,  2.559277109507710e-01, -1.071184820565249e-01,  2.296185667725274e-01
  1.850000000000000e+00,  1.986438847976346e-01,  5.412698312541453e-02,  6.179112714702136e-02,  2.560069421354597e-01, -1.073559957060099e-01,  2.294165948916752e-01
  1.860000000000000e+00,  1.990704791947800e-01,  5.407800470283997e-02,  6.181247555056884e-02,  2.560783324030064e-01, -1.075841457681643e-01,  2.292233841024019e-01
  1.870000000000000e+00,  1.994828768060994e-01,  5.403434781004557e-02,  6.182316137029400e-02,  2.561419388570160e-01, -1.078030836477196e-01,  2.290390974581201e-01
  1.880000000000000e+00,  1.998805151239050e-01,  5.399590026119716e-02,  6.182332011977509e-02,  2.561974645849527e-01, -1.080123451958774e-01,  2.288636844383714e-01
  1.890000000000000e+00,  2.002630952239745e-01,  5.396259164071715e-02,  6.181310374029012e-02,  2.562448231790508e-01, -1.082117728789639e-01,  2.286970456370345e-01
  1.900000000000000e+00,  2.006304362823980e-01,  5.393430371263497e-02,  6.179273966403902e-02,  2.562840062428046e-01, -1.084012989787081e-01,  2.285389969956846e-01
  1.910000000000000e+00,  2.009824695565063e-01,  5.391087194235222e-02,  6.176252965071680e-02,  2.563150803349382e-01, -1.085809411667393e-01,  2.283892737177447e-01
  1.920000000000000e+00,  2.013193879058462e-01,  5.389217781791267e-02,  6.172278142225328e-02,  2.563383088748422e-01, -1.087510050988400e-01,  2.282475899603363e-01
  1.930000000000000e+00,  2.016410281464544e-01,  5.387780099520567e-02,  6.167406412667425e-02,  2.563536551825704e-01, -1.089112632067111e-01,  2.281134279275585e-01
  1.940000000000000e+00,  2.019477722316164e-01,  5.386754930322035e-02,  6.161681884914764e-02,  2.563615135859911e-01, -1.090621665703264e-01,  2.279863648811860e-01
  1.950000000000000e+00,  2.022399375939686e-01,  5.386111428884810e-02,  6.155161160004873e-02,  2.563622146841563e-01, -1.092040288307179e-01,  2.278658616714374e-01
  1.960000000000000e+00,  2.025179219998736e-01,  5.385816578326397e-02,  6.147906152678960e-02,  2.563561442215831e-01, -1.093372261132004e-01,  2.277513252427920e-01
  1.970000000000000e+00,  2.027821920556967e-01,  5.385835573886055e-02,  6.139983428980469e-02,  2.563437342730318e-01, -1.094621865481118e-01,  2.276421182985099e-01
  1.980000000000000e+00,  2.030332730457468e-01,  5.386132315116088e-02,  6.131463380521676e-02,  2.563254554394163e-01, -1.095793820478686e-01,  2.275375714929347e-01
  1.990000000000000e+00,  2.032717390057182e-01,  5.386669890369689e-02,  6.122419353163566e-02,  2.563018090514153e-01, -1.096893197988356e-01,  2.274369954518950e-01
  2.000000000000000e+00,  2.034980563763061e-01,  5.387403807004465e-02,  6.112931838301714e-02,  2.562732123304972e-01, -1.097923586340829e-01,  2.273396563258770e-01
  2.010000000000000e+00,  2.037131609467607e-01,  5.388311191619710e-02,  6.103067307548194e-02,  2.562404201191939e-01, -1.098893965382284e-01,  2.272449248425963e-01
  2.020000000000000e+00,  2.039175861169556e-01,  5.389348455044174e-02,  6.092907408910268e-02,  2.562038832947472e-01, -1.099808302275390e-01,  2.271520772431553e-01
  2.030000000000000e+00,  2.041120181621578e-01,  5.390479597431175e-02,  6.082528284863006e-02,  2.561641581505593e-01, -1.100672237908557e-01,  2.270604430990462e-01
  2.040000000000000e+00,  2.042971518811153e-01,  5.391669722704040e-02,  6.072004468261205e-02,  2.561217993277755e-01, -1.101491384182705e-01,  2.269693823509984e-01
  2.050000000000000e+00,  2.044736806069471e-01,  5.392885219043997e-02,  6.061408394666551e-02,  2.560773525035527e-01, -1.102271233962169e-01,  2.268782905531711e-01
  2.060000000000000e+00,  2.046422895756709e-01,  5.394094072928035e-02,  6.050809970263511e-02,  2.560313492892972e-01, -1.103017102057811e-01,  2.267866030438604e-01
  2.070000000000000e+00,  2.048036501882883e-01,  5.395266167886970e-02,  6.040275997165218e-02,  2.559843025067517e-01, -1.103734072506028e-01,  2.266938008965390e-01
  2.080000000000000e+00,  2.049584153954277e-01,  5.396373536846144e-02,  6.029869545101570e-02,  2.559367024268349e-01, -1.104426952483882e-01,  2.265994166308111e-01
  2.090000000000000e+00,  2.051072156515128e-01,  5.397390580333927e-02,  6.019649592866434e-02,  2.558890140006246e-01, -1.105100233595828e-01,  2.265030362876006e-01
  2.100000000000000e+00,  2.052506523682942e-01,  5.398294225585043e-02,  6.009671163075567e-02,  2.558416732997321e-01, -1.105758057229985e-01,  2.264042981395173e-01
  2.110000000000000e+00,  2.053892890921825e-01,  5.399064015801480e-02,  5.999985699119385e-02,  2.557950829659549e-01, -1.106404182999694e-01,  2.263028911279340e-01
  2.120000000000000e+00,  2.055236450333365e-01,  5.399682186381982e-02,  5.990641060547138e-02,  2.557496087605289e-01, -1.107041962772320e-01,  2.261985566035558e-01
  2.130000000000000e+00,  2.056541917911929e-01,  5.400133751133285e-02,  5.981680984719811e-02,  2.557055776058755e-01, -1.107674320029304e-01,  2.260910940662495e-01
  2.140000000000000e+00,  2.057813506124598e-01,  5.400406573527827e-02,  5.973144484425209e-02,  2.556632760721764e-01, -1.108303733953822e-01,  2.259803670434191e-01
  2.150000000000000e+00,  2.059054896833642e-01,  5.400491418592823e-02,  5.965065508217147e-02,  2.556229492296593e-01, -1.108932229974387e-01,  2.258663056051308e-01
  2.160000000000000e+00,  2.060269221888712e-01,  5.400381990901582e-02,  5.957472877207107e-02,  2.555848001540437e-01, -1.109561376896180e-01,  2.257489051391219e-01
  2.170000000000000e+00,  2.061459051565171e-01,  5.400074954605061e-02,  5.950390349871632e-02,  2.555489900384748e-01, -1.110192289032622e-01,  2.256282236273593e-01
  2.180000000000000e+00,  2.062626390302854e-01,  5.399569921301262e-02,  5.943836463615391e-02,  2.555156386630727e-01, -1.110825632448583e-01,  2.255043821404061e-01
  2.190000000000000e+00,  2.063772682480189e-01,  5.398869396598904e-02,  5.937824093936735e-02,  2.554848250783631e-01, -1.111461635888953e-01,  2.253775690325856e-01
  2.200000000000000e+00,  2.064898829526716e-01,  5.397978701131279e-02,  5.932360136095779e-02,  2.554565887377922e-01, -1.112100108225834e-01,  2.252480422836522e-01
  2.210000000000000e+00,  2.066005215572829e-01,  5.396905872443192e-02,  5.927445488599108e-02,  2.554309312909441e-01, -1.112740461964130e-01,  2.251161277339302e-01
  2.220000000000000e+00,  2.067091738982207e-01,  5.395661521474349e-02,  5.923075156112933e-02,  2.554078189012055e-01, -1.113381739687350e-01,  2.249822157546632e-01
  2.230000000000000e+00,  2.068157847804094e-01,  5.394258633420113e-02,  5.919238372419117e-02,  2.553871849147107e-01, -1.114022644295079e-01,  2.248467573673830e-01
  2.240000000000000e+00,  2.069202578587947e-01,  5.392712334524541e-02,  5.915918792732987e-02,  2.553689328815479e-01, -1.114661575868603e-01,  2.247102588622533e-01
  2.250000000000000e+00,  2.070224601821470e-01,  5.391039626348060e-02,  5.913094789375726e-02,  2.553529398455036e-01, -1.115296672309929e-01,  2.245732752734963e-01
  2.260000000000000e+00,  2.071222267239460e-01,  5.389259055808626e-02,  5.910739892045191e-02,  2.553390594833052e-01, -1.115925850029498e-01,  2.244364038787890e-01
  2.270000000000000e+00,  2.072193636034781e-01,  5.387390311770690e-02,  5.908823493988047e-02,  2.553271248454695e-01, -1.116546845769646e-01,  2.243002766181626e-01
  2.280000000000000e+00,  2.073136515375772e-01,  5.385453811964647e-02,  5.907311871118169e-02,  2.553169516223301e-01, -1.117157263166370e-01,  2.241655483225960e-01
  2.290000000000000e+00,  2.074048524275078e-01,  5.383470356793785e-02,  5.906169302629428e-02,  2.553083431232419e-01, -1.117754627041910e-01,  2.240328805064373e-01
  2.300000000000000e+00,  2.074928354422253e-01,  5.381464796891011e-02,  5.905356366164086e-02,  2.553011580212469e-01, -1.118337454365754e-01,  2.239029375222541e-01
  2.310000000000000e+00,  2.075771058618815e-01,  5.379449461801711e-02,  5.904841433827465e-02,  2.552950622629128e-01, -1.118901143773969e-01,  2.237763213742319e-01
  2.320000000000000e+00,  2.076575657345954e-01,  5.377449414796831e-02,  5.904584168426235e-02,  2.552899323226369e-01, -1.119444561374907e-01,  2.236536434950525e-01
  2.330000000000000e+00,  2.077338716500486e-01,  5.375480082194528e-02,  5.904550685088191e-02,  2.552855177351787e-01, -1.119964461915173e-01,  2.235354462360234e-01
  2.340000000000000e+00,  2.078061696232167e-01,  5.373571519035480e-02,  5.904697485821267e-02,  2.552818224651915e-01, -1.120461760576046e-01,  2.234222774890847e-01
  2.350000000000000e+00,  2.078738304957325e-01,  5.371725367791869e-02,  5.905000521823236e-02,  2.552784553689577e-01, -1.120930769962349e-01,  2.233145444138752e-01
  2.360000000000000e+00,  2.079370404635057e-01,  5.369967805693854e-02,  5.905419870287719e-02,  2.552754467398614e-01, -1.121372702050526e-01,  2.232126814814112e-01
  2.370000000000000e+00,  2.079956059065746e-01,  5.368309111690839e-02,  5.905927030473034e-02,  2.552726359049204e-01, -1.121785532001653e-01,  2.231170158041533e-01
  2.380000000000000e+00,  2.080494535725378e-01,  5.366760033990525e-02,  5.906494168399684e-02,  2.552699264228207e-01, -1.122168221605657e-01,  2.230278188423618e-01
  2.390000000000000e+00,  2.080986738251376e-01,  5.365332766532371e-02,  5.907093822578347e-02,  2.552673067924490e-01, -1.122521054738136e-01,  2.229453039749138e-01
  2.400000000000000e+00,  2.081429484171657e-01,  5.364022344043873e-02,  5.907711020795920e-02,  2.552645597523317e-01, -1.122840868306875e-01,  2.228695801027316e-01
  2.410000000000000e+00,  2.081827843792001e-01,  5.362847042784047e-02,  5.908317326487444e-02,  2.552618813418973e-01, -1.123131328540450e-01,  2.228007489449696e-01
  2.420000000000000e+00,  2.082180028889254e-01,  5.361797901108889e-02,  5.908904097214609e-02,  2.552591316673161e-01, -1.123390370277310e-01,  2.227387589438717e-01
  2.430000000000000e+00,  2.082487459981422e-01,  5.360871886357121e-02,  5.909455654004503e-02,  2.552563030241802e-01, -1.123618267491138e-01,  2.226836471213525e-01
  2.440000000000000e+00,  2.082754648597489e-01,  5.360079639248561e-02,  5.909957926892295e-02,  2.552535666557623e-01, -1.123818588060030e-01,  2.226351340913897e-01
  2.450000000000000e+00,  2.082980713347162e-01,  5.359397859638304e-02,  5.910408740462091e-02,  2.552507981513814e-01, -1.123989303713751e-01,  2.225931815664275e-01
  2.460000000000000e+00,  2.083170273335745e-01,  5.358831149684096e-02,  5.910800223573951e-02,  2.552481534561779e-01, -1.124133970035758e-01,  2.225574144249971e-01
  2.470000000000000e+00,  2.083326034254265e-01,  5.358368691584880e-02,  5.911130782961615e-02,  2.552456764479939e-01, -1.124254018004180e-01,  2.225275450235212e-01
  2.480000000000000e+00,  2.083449916813849e-01,  5.358003628483421e-02,  5.911399401121412e-02,  2.552434217209830e-01, -1.124350485367967e-01,  2.225033637423469e-01
  2.490000000000000e+00,  2.083548193820299e-01,  5.357724144036546e-02,  5.911615310879014e-02,  2.552415188677605e-01, -1.124428050547616e-01,  2.224839804065462e-01
  2.500000000000000e+00,  2.083625363750831e-01,  5.357495323224803e-02,  5.911789632359903e-02,  2.552397165824507e-01, -1.124489229436776e-01,  2.224683093085902e-01
