Main.Studies.MarkerTracking.t,Main.Studies.MarkerTracking.JointAngleOutputs.OutputFile_LeftLeg.HipFlexion,Main.Studies.MarkerTracking.JointAngleOutputs.OutputFile_LeftLeg.HipAbduction,Main.Studies.MarkerTracking.JointAngleOutputs.OutputFile_LeftLeg.HipExternalRotation,Main.Studies.MarkerTracking.JointAngleOutputs.OutputFile_LeftLeg.KneeFlexion,Main.Studies.MarkerTracking.JointAngleOutputs.OutputFile_LeftLeg.AnklePlantarFlexion,Main.Studies.MarkerTracking.JointAngleOutputs.OutputFile_LeftLeg.SubTalarEversion
  8.500000000000000e-01,  1.922851727710537e-01,  1.537744783166062e-02,  6.348721960261984e-02,  1.568460782137679e-01, -3.697048673949516e-02,  3.454941090598787e-01
  8.600000000000000e-01,  1.918471197297417e-01,  1.515018452301620e-02,  6.405599525897651e-02,  1.566151250701975e-01, -3.635316516074914e-02,  3.453630799757375e-01
  8.700000000000000e-01,  1.914303243370257e-01,  1.494365728505098e-02,  6.460383802626066e-02,  1.564042124663857e-01, -3.577345459528231e-02,  3.452495046497022e-01
  8.800000000000000e-01,  1.910281936422599e-01,  1.475443652717257e-02,  6.513633626231645e-02,  1.562079600569189e-01, -3.522364539763310e-02,  3.451508814115125e-01
  8.900000000000000e-01,  1.906383915346667e-01,  1.458166019420304e-02,  6.565460310312715e-02,  1.560247525353299e-01, -3.470210914321686e-02,  3.450667386434743e-01
  9.000000000000000e-01,  1.902607521514739e-01,  1.442561188840963e-02,  6.615762809660344e-02,  1.558549207042649e-01, -3.421014986333227e-02,  3.449975203257866e-01
  9.099999999999999e-01,  1.898941955868802e-01,  1.428605119473625e-02,  6.664528815724670e-02,  1.556979987654108e-01, -3.374780012402916e-02,  3.449432078586942e-01
  9.199999999999999e-01,  1.895376409287873e-01,  1.416270668434727e-02,  6.711746030807776e-02,  1.555535307492531e-01, -3.331503945454761e-02,  3.449037118570317e-01
  9.299999999999999e-01,  1.891898689471549e-01,  1.405510253830644e-02,  6.757423245572618e-02,  1.554209213469149e-01, -3.291160283823102e-02,  3.448787682815546e-01
  9.399999999999999e-01,  1.888496588597092e-01,  1.396279353765428e-02,  6.801562478587291e-02,  1.552996106430549e-01, -3.253716804400437e-02,  3.448680674876700e-01
  9.500000000000000e-01,  1.885157598118342e-01,  1.388512634468841e-02,  6.844186111060881e-02,  1.551889513228653e-01, -3.219121260178132e-02,  3.448710896952981e-01
  9.600000000000000e-01,  1.881866094704884e-01,  1.382154304093475e-02,  6.885307972402017e-02,  1.550881988350577e-01, -3.187295198959093e-02,  3.448873439485116e-01
  9.700000000000000e-01,  1.878608233717776e-01,  1.377114746642349e-02,  6.924973727552529e-02,  1.549965655120259e-01, -3.158146222857754e-02,  3.449160070659134e-01
  9.800000000000000e-01,  1.875368036787859e-01,  1.373303040828966e-02,  6.963231297320475e-02,  1.549131639541709e-01, -3.131556024193887e-02,  3.449561920231446e-01
  9.900000000000000e-01,  1.872128725306746e-01,  1.370617214780046e-02,  7.000139748574356e-02,  1.548370298154761e-01, -3.107384947789777e-02,  3.450068642272764e-01
  1.000000000000000e+00,  1.868872615828770e-01,  1.368945966868762e-02,  7.035767817819047e-02,  1.547671220951103e-01, -3.085472296549944e-02,  3.450668565985071e-01
  1.010000000000000e+00,  1.865581194924789e-01,  1.368169711609735e-02,  7.070192867993268e-02,  1.547023301348280e-01, -3.065637820804471e-02,  3.451348803271007e-01
  1.020000000000000e+00,  1.862235194187695e-01,  1.368162292091624e-02,  7.103499454547725e-02,  1.546414839721977e-01, -3.047684031720280e-02,  3.452095355918336e-01
  1.030000000000000e+00,  1.858814758648590e-01,  1.368790871874670e-02,  7.135777607482563e-02,  1.545833633919549e-01, -3.031397346122164e-02,  3.452893451817548e-01
  1.040000000000000e+00,  1.855299485107243e-01,  1.369919895348248e-02,  7.167120970064782e-02,  1.545267164723824e-01, -3.016552949694042e-02,  3.453727496039624e-01
  1.050000000000000e+00,  1.851668634222787e-01,  1.371411146806412e-02,  7.197624844404105e-02,  1.544702726329142e-01, -3.002916600081138e-02,  3.454581449285279e-01
  1.060000000000000e+00,  1.847901293269721e-01,  1.373125884880033e-02,  7.227384258373556e-02,  1.544127614524976e-01, -2.990248456034147e-02,  3.455438998512179e-01
  1.070000000000000e+00,  1.843976566029118e-01,  1.374926646171559e-02,  7.256491966786859e-02,  1.543529319986915e-01, -2.978306875357503e-02,  3.456283765956747e-01
  1.080000000000000e+00,  1.839873597620189e-01,  1.376682968906473e-02,  7.285033529184748e-02,  1.542895653142379e-01, -2.966851938572355e-02,  3.457099757430697e-01
  1.090000000000000e+00,  1.835571185689912e-01,  1.378262585837131e-02,  7.313099826739869e-02,  1.542214784442729e-01, -2.955642857465502e-02,  3.457869566097013e-01
  1.100000000000000e+00,  1.831052458995356e-01,  1.379535011447786e-02,  7.340756701343359e-02,  1.541476945211498e-01, -2.944474981651483e-02,  3.458580058969697e-01
  1.110000000000000e+00,  1.826297364371558e-01,  1.380391623966948e-02,  7.368067828625083e-02,  1.540671978232410e-01, -2.933131730962544e-02,  3.459216090123888e-01
  1.120000000000000e+00,  1.821288887154934e-01,  1.380735292122304e-02,  7.395060522237074e-02,  1.539791871795147e-01, -2.921432610280149e-02,  3.459768031083270e-01
  1.130000000000000e+00,  1.816012573661053e-01,  1.380453407851046e-02,  7.421815088379191e-02,  1.538829481858515e-01, -2.909209976941327e-02,  3.460216112833530e-01
  1.140000000000000e+00,  1.810450154618046e-01,  1.379510867686440e-02,  7.448295103305792e-02,  1.537778777477615e-01, -2.896313461723088e-02,  3.460556476002034e-01
  1.150000000000000e+00,  1.804598817323315e-01,  1.377792865247751e-02,  7.474539691154332e-02,  1.536638955005253e-01, -2.882686374664522e-02,  3.460775665120614e-01
  1.160000000000000e+00,  1.798445744390097e-01,  1.375296177507201e-02,  7.500486025586665e-02,  1.535407758824129e-01, -2.868245256890450e-02,  3.460870502143586e-01
  1.170000000000000e+00,  1.791989646034188e-01,  1.371981900666519e-02,  7.526093809332400e-02,  1.534087541206279e-01, -2.852990511150066e-02,  3.460835063240282e-01
  1.180000000000000e+00,  1.785231656059297e-01,  1.367844867434309e-02,  7.551285969194464e-02,  1.532682673499386e-01, -2.836960648264154e-02,  3.460666923008324e-01
  1.190000000000000e+00,  1.778176176890692e-01,  1.362913702409196e-02,  7.575948089409799e-02,  1.531199624785622e-01, -2.820234782082615e-02,  3.460367314950400e-01
  1.200000000000000e+00,  1.770837922550392e-01,  1.357194039917498e-02,  7.599978816785599e-02,  1.529649132119724e-01, -2.802973224810411e-02,  3.459935707033295e-01
  1.210000000000000e+00,  1.763231801032818e-01,  1.350754941721677e-02,  7.623215057777295e-02,  1.528042659595237e-01, -2.785354389753222e-02,  3.459378047552563e-01
  1.220000000000000e+00,  1.755380048626059e-01,  1.343668985589375e-02,  7.645485968991989e-02,  1.526394421953793e-01, -2.767612722733066e-02,  3.458701065110454e-01
  1.230000000000000e+00,  1.747311973419737e-01,  1.336005799428253e-02,  7.666623193258812e-02,  1.524721138604090e-01, -2.750034699248353e-02,  3.457911005132708e-01
  1.240000000000000e+00,  1.739055786755833e-01,  1.327915989373518e-02,  7.686379325231331e-02,  1.523038321893022e-01, -2.732893465438255e-02,  3.457023955078830e-01
  1.250000000000000e+00,  1.730653749613264e-01,  1.319451165409169e-02,  7.704609471297351e-02,  1.521366320241962e-01, -2.716555746730398e-02,  3.456043737096333e-01
  1.260000000000000e+00,  1.722141263908039e-01,  1.310789905046672e-02,  7.721050151030844e-02,  1.519721028902548e-01, -2.701315210740183e-02,  3.454989302490125e-01
  1.270000000000000e+00,  1.713566989582811e-01,  1.302000028242745e-02,  7.735541264590658e-02,  1.518122515215829e-01, -2.687552851465474e-02,  3.453869736888835e-01
  1.280000000000000e+00,  1.704967263649844e-01,  1.293251901065284e-02,  7.747901771727420e-02,  1.516584266658609e-01, -2.675508185065389e-02,  3.452689520494556e-01
  1.290000000000000e+00,  1.696397607523178e-01,  1.284648793631660e-02,  7.757862119232758e-02,  1.515123995167787e-01, -2.665571068717046e-02,  3.451486195250849e-01
  1.300000000000000e+00,  1.687892894055631e-01,  1.276313141266661e-02,  7.765371170343059e-02,  1.513751826241748e-01, -2.657901919968609e-02,  3.450244626350327e-01
  1.310000000000000e+00,  1.679497923135330e-01,  1.268359142304054e-02,  7.770259247591078e-02,  1.512478222261680e-01, -2.652727760524704e-02,  3.448983757182814e-01
  1.320000000000000e+00,  1.671251701534146e-01,  1.260895082933056e-02,  7.772416611939108e-02,  1.511310044509320e-01, -2.650192499493858e-02,  3.447712459690874e-01
  1.330000000000000e+00,  1.663189749180312e-01,  1.254021353050883e-02,  7.771759347558155e-02,  1.510251226769575e-01, -2.650382472971166e-02,  3.446438231099245e-01
  1.340000000000000e+00,  1.655343624645902e-01,  1.247829642661302e-02,  7.768229707355792e-02,  1.509302829239745e-01, -2.653325597834424e-02,  3.445167125572565e-01
  1.350000000000000e+00,  1.647740684171712e-01,  1.242402059275172e-02,  7.761795832392603e-02,  1.508463216331594e-01, -2.658993030109061e-02,  3.443903753047963e-01
  1.360000000000000e+00,  1.640404041954284e-01,  1.237810194008659e-02,  7.752450973482559e-02,  1.507728324051098e-01, -2.667302779517625e-02,  3.442651334998171e-01
  1.370000000000000e+00,  1.633352697983221e-01,  1.234114190543090e-02,  7.740212383994290e-02,  1.507091987199170e-01, -2.678124828035787e-02,  3.441411791467076e-01
  1.380000000000000e+00,  1.626601792028595e-01,  1.231361953367882e-02,  7.725119965255309e-02,  1.506546300544615e-01, -2.691287319368231e-02,  3.440185835034343e-01
  1.390000000000000e+00,  1.620162941183374e-01,  1.229588602330844e-02,  7.707234664844186e-02,  1.506081987070045e-01, -2.706583321852997e-02,  3.438973074054564e-01
  1.400000000000000e+00,  1.614044624514632e-01,  1.228816220093720e-02,  7.686636655419463e-02,  1.505688750486008e-01, -2.723777671123039e-02,  3.437772139206588e-01
  1.410000000000000e+00,  1.608252587587981e-01,  1.229053940872116e-02,  7.663423362057048e-02,  1.505355601983282e-01, -2.742613624890243e-02,  3.436580826452888e-01
  1.420000000000000e+00,  1.602790247858105e-01,  1.230298444160227e-02,  7.637707337104283e-02,  1.505071157168202e-01, -2.762819222009850e-02,  3.435396242371198e-01
  1.430000000000000e+00,  1.597659086370619e-01,  1.232534857267664e-02,  7.609613945327776e-02,  1.504823896680507e-01, -2.784113181943827e-02,  3.434214959405309e-01
  1.440000000000000e+00,  1.592859014625536e-01,  1.235737981942919e-02,  7.579278931419199e-02,  1.504602385943142e-01, -2.806210180879277e-02,  3.433033191253494e-01
  1.450000000000000e+00,  1.588388712097207e-01,  1.239873750083054e-02,  7.546846015480237e-02,  1.504395458386947e-01, -2.828825519765373e-02,  3.431846973438484e-01
  1.460000000000000e+00,  1.584245933001922e-01,  1.244900856371345e-02,  7.512464580543696e-02,  1.504192370275539e-01, -2.851679316054036e-02,  3.430652328470922e-01
  1.470000000000000e+00,  1.580427776254301e-01,  1.250772524231891e-02,  7.476287423782377e-02,  1.503982931121235e-01, -2.874500292514861e-02,  3.429445414319917e-01
  1.480000000000000e+00,  1.576930909946726e-01,  1.257438345289286e-02,  7.438468561779078e-02,  1.503757612090349e-01, -2.897029171589329e-02,  3.428222662634439e-01
  1.490000000000000e+00,  1.573751745269302e-01,  1.264846143850384e-02,  7.399161114899055e-02,  1.503507636739223e-01, -2.919021691920140e-02,  3.426980910100169e-01
  1.500000000000000e+00,  1.570886556689916e-01,  1.272943846770636e-02,  7.358515271252056e-02,  1.503225058156605e-01, -2.940251275464355e-02,  3.425717528297820e-01
  1.510000000000000e+00,  1.568331542937585e-01,  1.281681356643838e-02,  7.316676309478416e-02,  1.502902825884385e-01, -2.960511411983557e-02,  3.424430551581953e-01
  1.520000000000000e+00,  1.566082820022723e-01,  1.291012436401684e-02,  7.273782632840792e-02,  1.502534847352312e-01, -2.979617906236232e-02,  3.423118797077168e-01
  1.530000000000000e+00,  1.564136333488041e-01,  1.300896616084590e-02,  7.229963752289521e-02,  1.502116046549744e-01, -2.997411086993639e-02,  3.421781985740227e-01
  1.540000000000000e+00,  1.562487674135504e-01,  1.311301131838882e-02,  7.185338189242453e-02,  1.501642416113075e-01, -3.013757928647172e-02,  3.420420883928522e-01
  1.550000000000000e+00,  1.561131785692434e-01,  1.322202928851568e-02,  7.140011259214724e-02,  1.501111061107114e-01, -3.028554077801851e-02,  3.419037470617842e-01
  1.560000000000000e+00,  1.560062566153153e-01,  1.333590782492733e-02,  7.094072712643384e-02,  1.500520247558027e-01, -3.041725988536428e-02,  3.417635113468638e-01
  1.570000000000000e+00,  1.559272371453015e-01,  1.345467575735970e-02,  7.047594270619520e-02,  1.499869472742604e-01, -3.053233369911133e-02,  3.416218740264521e-01
  1.580000000000000e+00,  1.558747606763414e-01,  1.357877898001059e-02,  7.000613331650270e-02,  1.499158720542671e-01, -3.063064323048512e-02,  3.414796301726178e-01
  1.590000000000000e+00,  1.558482624972848e-01,  1.370816175798151e-02,  6.953181302851810e-02,  1.498391948576008e-01, -3.071271427513331e-02,  3.413374022853952e-01
  1.600000000000000e+00,  1.558457781715411e-01,  1.384364249410686e-02,  6.905288039249982e-02,  1.497572133855179e-01, -3.077923859842014e-02,  3.411963855247229e-01
  1.610000000000000e+00,  1.558652042054527e-01,  1.398609552404007e-02,  6.856904232521975e-02,  1.496704797575583e-01, -3.083147455116664e-02,  3.410579034577140e-01
  1.620000000000000e+00,  1.559038647889023e-01,  1.413669413674401e-02,  6.807966651248407e-02,  1.495797340145959e-01, -3.087120803128142e-02,  3.409235525338303e-01
  1.630000000000000e+00,  1.559579542801196e-01,  1.429733730785632e-02,  6.758351092059749e-02,  1.494859178056323e-01, -3.090091520897808e-02,  3.407953686489923e-01
  1.640000000000000e+00,  1.560240595543395e-01,  1.446928184234553e-02,  6.707949832563292e-02,  1.493902427519816e-01, -3.092348249346735e-02,  3.406753963249413e-01
  1.650000000000000e+00,  1.560966757263041e-01,  1.465518093718066e-02,  6.656552225059768e-02,  1.492941340933311e-01, -3.094273050740160e-02,  3.405663808149114e-01
  1.660000000000000e+00,  1.561690695998269e-01,  1.485834810225195e-02,  6.603879782293735e-02,  1.491993765582768e-01, -3.096346898878698e-02,  3.404715925806380e-01
  1.670000000000000e+00,  1.562344972234430e-01,  1.508142930676115e-02,  6.549673572959355e-02,  1.491079954747137e-01, -3.099088624807411e-02,  3.403943131977675e-01
  1.680000000000000e+00,  1.562831093487826e-01,  1.532924644180422e-02,  6.493505706216342e-02,  1.490225522795357e-01, -3.103197273538942e-02,  3.403389769919862e-01
  1.690000000000000e+00,  1.563050320804996e-01,  1.560563927852243e-02,  6.434989781851617e-02,  1.489458451181006e-01, -3.109401786850137e-02,  3.403098964129336e-01
  1.700000000000000e+00,  1.562868234384861e-01,  1.591674206410953e-02,  6.373555117678283e-02,  1.488814188350575e-01, -3.118658603459688e-02,  3.403126492469412e-01
  1.710000000000000e+00,  1.562149540528206e-01,  1.626730299156964e-02,  6.308709118147547e-02,  1.488329943780367e-01, -3.131933555114472e-02,  3.403523990352970e-01
  1.720000000000000e+00,  1.560717252469928e-01,  1.666441580539413e-02,  6.239773483016527e-02,  1.488052216047253e-01, -3.150462476670507e-02,  3.404355151560593e-01
  1.730000000000000e+00,  1.558395401468242e-01,  1.711313275493764e-02,  6.166218091477632e-02,  1.488027681680380e-01, -3.175444082625024e-02,  3.405672795229568e-01
  1.740000000000000e+00,  1.554995577795378e-01,  1.761776299837714e-02,  6.087588419897996e-02,  1.488304764681065e-01, -3.208109270637689e-02,  3.407521325893716e-01
  1.750000000000000e+00,  1.550336601668948e-01,  1.818032706199646e-02,  6.003652052241996e-02,  1.488927939921717e-01, -3.249559806921309e-02,  3.409923989991337e-01
  1.760000000000000e+00,  1.544310586844348e-01,  1.879597257486942e-02,  5.914801344071890e-02,  1.489919913040853e-01, -3.300261605441757e-02,  3.412850685263510e-01
  1.770000000000000e+00,  1.536894112271608e-01,  1.945413422846864e-02,  5.822003659794898e-02,  1.491277420852036e-01, -3.359974936524296e-02,  3.416217869124143e-01
  1.780000000000000e+00,  1.528229593396633e-01,  2.013486356103500e-02,  5.727115512752522e-02,  1.492950913932763e-01, -3.427199218364144e-02,  3.419864504530087e-01
  1.790000000000000e+00,  1.518644828165089e-01,  2.081050623712644e-02,  5.632729539449031e-02,  1.494841630077236e-01, -3.499124392204538e-02,  3.423565312613462e-01
  1.800000000000000e+00,  1.508632606086649e-01,  2.144919035276138e-02,  5.541826291917935e-02,  1.496810721679954e-01, -3.571891612059510e-02,  3.427062567746075e-01
  1.810000000000000e+00,  1.498728491219349e-01,  2.202284741513916e-02,  5.457035236711900e-02,  1.498713838637452e-01, -3.641550382047825e-02,  3.430128671597293e-01
  1.820000000000000e+00,  1.489437553626587e-01,  2.250978323224273e-02,  5.380366371417344e-02,  1.500421319012063e-01, -3.704577837791894e-02,  3.432591389374855e-01
  1.830000000000000e+00,  1.481163068288699e-01,  2.289638720356924e-02,  5.313057305703882e-02,  1.501835163415302e-01, -3.758323105594780e-02,  3.434346438181137e-01
  1.840000000000000e+00,  1.474153867397519e-01,  2.317776459952547e-02,  5.255545656579109e-02,  1.502899306518146e-01, -3.801286797021065e-02,  3.435357513164374e-01
  1.850000000000000e+00,  1.468557825659090e-01,  2.335312774672871e-02,  5.207878234516861e-02,  1.503584015666573e-01, -3.832673206299166e-02,  3.435622629712106e-01
  1.860000000000000e+00,  1.464404552729131e-01,  2.342604719187391e-02,  5.169721877890441e-02,  1.503887841965089e-01, -3.852461499732688e-02,  3.435170493750012e-01
  1.870000000000000e+00,  1.461698111399561e-01,  2.339911923367133e-02,  5.140798663020160e-02,  1.503814903280172e-01, -3.860753079607367e-02,  3.434027893829997e-01
  1.880000000000000e+00,  1.460236032933425e-01,  2.328436462731953e-02,  5.120122657953734e-02,  1.503414878272249e-01, -3.858977738816487e-02,  3.432267989016446e-01
  1.890000000000000e+00,  1.460092026173449e-01,  2.307651435441138e-02,  5.108011201497654e-02,  1.502674260086585e-01, -3.846665262188718e-02,  3.429876509543190e-01
  1.900000000000000e+00,  1.460992388866631e-01,  2.278795908281395e-02,  5.103416818670585e-02,  1.501658324691802e-01, -3.825652543297468e-02,  3.426933939988360e-01
  1.910000000000000e+00,  1.462758676279860e-01,  2.242490481726223e-02,  5.105756146244721e-02,  1.500410711425033e-01, -3.797122455581706e-02,  3.423489180160030e-01
  1.920000000000000e+00,  1.465134953419268e-01,  2.199747231756133e-02,  5.114113195472570e-02,  1.498993945788571e-01, -3.762798343321023e-02,  3.419617242451013e-01
  1.930000000000000e+00,  1.467863710670793e-01,  2.151623509147749e-02,  5.127508558254208e-02,  1.497472448161948e-01, -3.724452684699360e-02,  3.415400211717713e-01
  1.940000000000000e+00,  1.470671258173647e-01,  2.099376807314934e-02,  5.144779693964793e-02,  1.495916159373325e-01, -3.684025453840382e-02,  3.410935931474781e-01
  1.950000000000000e+00,  1.473290528645902e-01,  2.044404394531329e-02,  5.164639904763441e-02,  1.494394978414235e-01, -3.643476879398155e-02,  3.406332892166326e-01
  1.960000000000000e+00,  1.475520748925753e-01,  1.987914909324173e-02,  5.185951955201296e-02,  1.492964176436227e-01, -3.604368972469004e-02,  3.401689310873225e-01
  1.970000000000000e+00,  1.477182092060567e-01,  1.931219654178840e-02,  5.207522360043175e-02,  1.491673840983302e-01, -3.568160642468315e-02,  3.397105882497724e-01
  1.980000000000000e+00,  1.478185892950433e-01,  1.875252905093538e-02,  5.228489664355543e-02,  1.490551683247738e-01, -3.535695815232284e-02,  3.392656831405104e-01
  1.990000000000000e+00,  1.478498348934890e-01,  1.820743694890448e-02,  5.248199610780323e-02,  1.489610802596026e-01, -3.507430366708478e-02,  3.388397801903463e-01
  2.000000000000000e+00,  1.478141817158707e-01,  1.768137412843962e-02,  5.266264138675828e-02,  1.488849284958607e-01, -3.483406316779315e-02,  3.384361603031921e-01
  2.010000000000000e+00,  1.477158828561074e-01,  1.717791106336897e-02,  5.282411273666624e-02,  1.488258214158376e-01, -3.463486261972306e-02,  3.380568416820740e-01
  2.020000000000000e+00,  1.475635271490198e-01,  1.669745125015742e-02,  5.296640373630567e-02,  1.487817320852895e-01, -3.447196868481792e-02,  3.377016570423354e-01
  2.030000000000000e+00,  1.473668729428113e-01,  1.623912402986383e-02,  5.309067401553914e-02,  1.487502692973641e-01, -3.433952444981628e-02,  3.373693934139657e-01
  2.040000000000000e+00,  1.471342629241216e-01,  1.580258920285060e-02,  5.319790543121539e-02,  1.487291994267800e-01, -3.423220451238830e-02,  3.370587007133989e-01
  2.050000000000000e+00,  1.468759114353412e-01,  1.538531122577713e-02,  5.329065525783742e-02,  1.487159363485397e-01, -3.414333697755952e-02,  3.367671383470798e-01
  2.060000000000000e+00,  1.465993198388769e-01,  1.498613587756958e-02,  5.337057082329252e-02,  1.487083436128943e-01, -3.406767034257035e-02,  3.364927279807653e-01
  2.070000000000000e+00,  1.463130159538615e-01,  1.460233595621907e-02,  5.344026611626052e-02,  1.487042384206631e-01, -3.399944315746287e-02,  3.362329148772277e-01
  2.080000000000000e+00,  1.460230556572367e-01,  1.423245840651677e-02,  5.350145214014744e-02,  1.487018620108852e-01, -3.393423174193187e-02,  3.359856917847959e-01
  2.090000000000000e+00,  1.457347370869335e-01,  1.387502875296542e-02,  5.355577985186369e-02,  1.486996494048224e-01, -3.386807764420671e-02,  3.357491150160032e-01
  2.100000000000000e+00,  1.454535260246050e-01,  1.352793736492219e-02,  5.360509050018658e-02,  1.486962474673906e-01, -3.379732129444963e-02,  3.355212769939988e-01
  2.110000000000000e+00,  1.451828829343506e-01,  1.319023140427267e-02,  5.365046400202396e-02,  1.486906038433506e-01, -3.371934957739382e-02,  3.353007149479321e-01
  2.120000000000000e+00,  1.449256210283145e-01,  1.286112424740282e-02,  5.369271864701745e-02,  1.486818290075745e-01, -3.363199503405303e-02,  3.350863176473673e-01
  2.130000000000000e+00,  1.446852356802456e-01,  1.253915254663429e-02,  5.373302207302320e-02,  1.486693588842226e-01, -3.353359482410727e-02,  3.348765964286965e-01
  2.140000000000000e+00,  1.444634295525578e-01,  1.222404308831981e-02,  5.377166556432507e-02,  1.486527211100002e-01, -3.342310115710929e-02,  3.346709101491550e-01
  2.150000000000000e+00,  1.442620455541532e-01,  1.191537283502275e-02,  5.380895079811557e-02,  1.486316548160414e-01, -3.329989609984105e-02,  3.344686184629334e-01
  2.160000000000000e+00,  1.440826780096007e-01,  1.161290954179695e-02,  5.384497656351034e-02,  1.486060666893387e-01, -3.316380638126575e-02,  3.342692857561591e-01
  2.170000000000000e+00,  1.439267506638063e-01,  1.131659780252225e-02,  5.387965571538880e-02,  1.485760182832251e-01, -3.301507105475023e-02,  3.340726700043763e-01
  2.180000000000000e+00,  1.437955779817791e-01,  1.102654460901276e-02,  5.391273145722595e-02,  1.485417149147117e-01, -3.285431321571308e-02,  3.338787110071962e-01
  2.190000000000000e+00,  1.436904091783067e-01,  1.074300469672451e-02,  5.394379272850373e-02,  1.485034962068694e-01, -3.268251549026623e-02,  3.336875181846257e-01
  2.200000000000000e+00,  1.436124562852585e-01,  1.046636513813270e-02,  5.397228902396382e-02,  1.484618279272748e-01, -3.250099800390412e-02,  3.334993582960307e-01
  2.210000000000000e+00,  1.435629077749150e-01,  1.019712853727683e-02,  5.399754501855731e-02,  1.484172944263151e-01, -3.231139685836094e-02,  3.333146435765839e-01
  2.220000000000000e+00,  1.435429290430147e-01,  9.935894330087569e-03,  5.401877506662853e-02,  1.483705911400529e-01, -3.211564186037676e-02,  3.331339199650878e-01
  2.230000000000000e+00,  1.435536508853130e-01,  9.683337843541251e-03,  5.403509823376679e-02,  1.483225167720929e-01, -3.191593317977651e-02,  3.329578537228758e-01
  2.240000000000000e+00,  1.435961472934699e-01,  9.440186378829374e-03,  5.404555586108871e-02,  1.482739647487863e-01, -3.171471601100958e-02,  3.327872146193332e-01
  2.250000000000000e+00,  1.436718017226467e-01,  9.207110964512433e-03,  5.404904369803153e-02,  1.482259361495919e-01, -3.151479910931120e-02,  3.326231463032375e-01
  2.260000000000000e+00,  1.437807726737650e-01,  8.985031964982459e-03,  5.404460351117846e-02,  1.481794380076581e-01, -3.131877184267691e-02,  3.324661901667518e-01
  2.270000000000000e+00,  1.439240708221669e-01,  8.774563737037999e-03,  5.403116539749120e-02,  1.481356048696294e-01, -3.112972634081008e-02,  3.323174313062826e-01
  2.280000000000000e+00,  1.441018437027160e-01,  8.576286465150407e-03,  5.400794268061171e-02,  1.480955816795723e-01, -3.095057946665189e-02,  3.321773080065864e-01
  2.290000000000000e+00,  1.443148129385305e-01,  8.390746114999903e-03,  5.397366190390122e-02,  1.480605436180160e-01, -3.078461784472636e-02,  3.320475181814206e-01
  2.300000000000000e+00,  1.445625820987991e-01,  8.218238585310900e-03,  5.392767064629980e-02,  1.480316480035163e-01, -3.063474792384815e-02,  3.319285220119244e-01
  2.310000000000000e+00,  1.448446069289847e-01,  8.058864445982472e-03,  5.386934601559767e-02,  1.480100113904745e-01, -3.050381568278468e-02,  3.318209856639900e-01
  2.320000000000000e+00,  1.451602819977146e-01,  7.912561060594792e-03,  5.379789930280957e-02,  1.479967009632628e-01, -3.039465035846457e-02,  3.317262264123094e-01
  2.330000000000000e+00,  1.455074791744849e-01,  7.778731390513771e-03,  5.371386549768821e-02,  1.479925783187599e-01, -3.030906397381992e-02,  3.316430835267332e-01
  2.340000000000000e+00,  1.458845310742233e-01,  7.656676821686581e-03,  5.361714545254066e-02,  1.479984044990716e-01, -3.024897004188878e-02,  3.315721798170448e-01
  2.350000000000000e+00,  1.462889525893388e-01,  7.545327726135698e-03,  5.350826815871114e-02,  1.480147001283225e-01, -3.021551187689334e-02,  3.315132303097895e-01
  2.360000000000000e+00,  1.467173720238830e-01,  7.443154359580761e-03,  5.338861250745355e-02,  1.480416661144483e-01, -3.020883048303934e-02,  3.314646635785125e-01
  2.370000000000000e+00,  1.471670463907330e-01,  7.348866387463238e-03,  5.325846790503520e-02,  1.480793527000384e-01, -3.022920560121251e-02,  3.314274986811000e-01
  2.380000000000000e+00,  1.476337614911599e-01,  7.260545658816842e-03,  5.311977691911571e-02,  1.481273413576007e-01, -3.027528375397820e-02,  3.313998039807755e-01
  2.390000000000000e+00,  1.481136964624990e-01,  7.176530006918203e-03,  5.297373729488262e-02,  1.481849932030588e-01, -3.034556504084384e-02,  3.313814301595780e-01
  2.400000000000000e+00,  1.486015759854569e-01,  7.094427664043224e-03,  5.282357369733788e-02,  1.482511191066536e-01, -3.043665938777682e-02,  3.313685445681291e-01
  2.410000000000000e+00,  1.490928749597261e-01,  7.012317331908768e-03,  5.267147765218531e-02,  1.483243770755751e-01, -3.054530038221654e-02,  3.313595168510476e-01
  2.420000000000000e+00,  1.495841418809188e-01,  6.929065510314691e-03,  5.251798900546811e-02,  1.484034351005776e-01, -3.066886971199899e-02,  3.313559196210850e-01
  2.430000000000000e+00,  1.500704024097734e-01,  6.842640093694508e-03,  5.236635868820001e-02,  1.484864292072073e-01, -3.080267660279754e-02,  3.313541379305969e-01
  2.440000000000000e+00,  1.505480557079922e-01,  6.751756638530448e-03,  5.221815113791647e-02,  1.485716941580245e-01, -3.094309603088117e-02,  3.313537106682179e-01
  2.450000000000000e+00,  1.510126860495294e-01,  6.654535350650859e-03,  5.207695439309198e-02,  1.486572110793575e-01, -3.108506850000462e-02,  3.313502078164036e-01
  2.460000000000000e+00,  1.514629575672632e-01,  6.551198980112360e-03,  5.194161958046626e-02,  1.487417302661740e-01, -3.122678959184673e-02,  3.313478127250582e-01
  2.470000000000000e+00,  1.518948899076330e-01,  6.439615127761256e-03,  5.181678582511245e-02,  1.488233398166397e-01, -3.136308875581838e-02,  3.313397208777772e-01
  2.480000000000000e+00,  1.523079194987852e-01,  6.320202431482125e-03,  5.170148466125912e-02,  1.489010723176618e-01, -3.149263719076792e-02,  3.313291868190247e-01
  2.490000000000000e+00,  1.527006165977401e-01,  6.192386387324111e-03,  5.159727206197762e-02,  1.489738325754222e-01, -3.161295563169550e-02,  3.313144889916008e-01
  2.500000000000000e+00,  1.530724272287055e-01,  6.056092834596516e-03,  5.150477548917179e-02,  1.490408762760470e-01, -3.172256122438115e-02,  3.312952894116430e-01
  2.510000000000000e+00,  1.534232818469082e-01,  5.911460290011217e-03,  5.142433038572726e-02,  1.491017232989555e-01, -3.182056416301041e-02,  3.312714634222743e-01
  2.520000000000000e+00,  1.537535183675543e-01,  5.758823024028192e-03,  5.135599724659809e-02,  1.491561427734608e-01, -3.190662464681869e-02,  3.312430817181777e-01
  2.530000000000000e+00,  1.540638029878042e-01,  5.598692279459083e-03,  5.129958253811689e-02,  1.492041294675513e-01, -3.198089322697220e-02,  3.312103936635536e-01
  2.540000000000000e+00,  1.543550532911871e-01,  5.431735251465675e-03,  5.125466414209651e-02,  1.492458745612667e-01, -3.204394028808233e-02,  3.311738085779781e-01
  2.550000000000000e+00,  1.546283679765494e-01,  5.258752830138658e-03,  5.122061999483696e-02,  1.492817338221952e-01, -3.209668145400042e-02,  3.311338753103857e-01
  2.560000000000000e+00,  1.548850606099372e-01,  5.081088081519969e-03,  5.119587602564964e-02,  1.493122184461650e-01, -3.214054788127580e-02,  3.310926130009580e-01
  2.570000000000000e+00,  1.551261299394410e-01,  4.898455759355214e-03,  5.118184957951225e-02,  1.493378498181470e-01, -3.217620420888752e-02,  3.310467220299611e-01
  2.580000000000000e+00,  1.553530787845520e-01,  4.713486245472076e-03,  5.117477571474672e-02,  1.493593361383194e-01, -3.220593843543024e-02,  3.310017007515236e-01
  2.590000000000000e+00,  1.555674023358178e-01,  4.526129626450714e-03,  5.117537961318178e-02,  1.493774406703680e-01, -3.223109875915527e-02,  3.309553952779263e-01
  2.600000000000000e+00,  1.557699163095528e-01,  4.338381521638457e-03,  5.118141535927905e-02,  1.493927882081344e-01, -3.225328992437268e-02,  3.309103793717945e-01
  2.610000000000000e+00,  1.559624729657231e-01,  4.150700806467400e-03,  5.119246184826201e-02,  1.494062767417084e-01, -3.227442556061163e-02,  3.308665132108788e-01
  2.620000000000000e+00,  1.561455619546152e-01,  3.964876498572245e-03,  5.120676667583194e-02,  1.494184888711003e-01, -3.229583854173801e-02,  3.308254230332938e-01
  2.630000000000000e+00,  1.563209970882403e-01,  3.781461886225079e-03,  5.122367547670924e-02,  1.494303055694708e-01, -3.231943398530264e-02,  3.307873892785237e-01
  2.640000000000000e+00,  1.564891285850751e-01,  3.602094017896684e-03,  5.124164002384461e-02,  1.494422646248208e-01, -3.234638060889333e-02,  3.307537345538894e-01
  2.650000000000000e+00,  1.566516399086198e-01,  3.427269912709363e-03,  5.126004340103488e-02,  1.494551650596385e-01, -3.237837567430355e-02,  3.307247419425951e-01
  2.660000000000000e+00,  1.568087176830583e-01,  3.258485539511247e-03,  5.127749151056991e-02,  1.494694510421734e-01, -3.241633892729533e-02,  3.307015804940427e-01
  2.670000000000000e+00,  1.569616931541677e-01,  3.096242492368173e-03,  5.129340199350269e-02,  1.494857568424844e-01, -3.246156927040802e-02,  3.306845349776679e-01
  2.680000000000000e+00,  1.571113064595314e-01,  2.941323287463771e-03,  5.130699627429267e-02,  1.495045351473706e-01, -3.251495613330217e-02,  3.306741326611256e-01
  2.690000000000000e+00,  1.572576359985728e-01,  2.794800215828674e-03,  5.131730195448866e-02,  1.495260452859859e-01, -3.257695408475826e-02,  3.306711387233185e-01
  2.700000000000000e+00,  1.574017644240814e-01,  2.656848366546338e-03,  5.132408521600403e-02,  1.495506722688125e-01, -3.264825881625286e-02,  3.306755250135661e-01
  2.710000000000000e+00,  1.575441102083070e-01,  2.527919101004139e-03,  5.132693410212921e-02,  1.495785946996736e-01, -3.272910137226789e-02,  3.306874869757913e-01
  2.720000000000000e+00,  1.576844537738052e-01,  2.408696934918408e-03,  5.132529782201879e-02,  1.496097937914551e-01, -3.281926833738896e-02,  3.307073984077807e-01
  2.730000000000000e+00,  1.578236442207044e-01,  2.298958625902792e-03,  5.131937203980568e-02,  1.496443779650690e-01, -3.291879410290999e-02,  3.307348252052718e-01
  2.740000000000000e+00,  1.579614680420560e-01,  2.198954647824936e-03,  5.130901228303796e-02,  1.496821889285137e-01, -3.302710551506852e-02,  3.307697404854167e-01
  2.750000000000000e+00,  1.580979437847936e-01,  2.108538135178639e-03,  5.129445710717438e-02,  1.497229751892245e-01, -3.314343886686242e-02,  3.308117485729000e-01
  2.760000000000000e+00,  1.582330969911445e-01,  2.027570244535815e-03,  5.127588919620873e-02,  1.497665777958649e-01, -3.326715728294122e-02,  3.308604197053186e-01
  2.770000000000000e+00,  1.583665424257869e-01,  1.955665227871384e-03,  5.125384107894559e-02,  1.498124269656941e-01, -3.339683149645443e-02,  3.309151532714824e-01
  2.780000000000000e+00,  1.584981022295132e-01,  1.892456604045245e-03,  5.122872687452040e-02,  1.498601957857496e-01, -3.353145552574067e-02,  3.309753001037551e-01
  2.790000000000000e+00,  1.586274237463392e-01,  1.837455030972324e-03,  5.120110529150183e-02,  1.499094032620895e-01, -3.366972196292395e-02,  3.310401164383588e-01
  2.800000000000000e+00,  1.587540923682696e-01,  1.790104516628199e-03,  5.117158712988651e-02,  1.499595313395426e-01, -3.381024869103100e-02,  3.311087987975164e-01
  2.810000000000000e+00,  1.588776574547929e-01,  1.749769204892448e-03,  5.114083350445125e-02,  1.500100440701588e-01, -3.395161992054111e-02,  3.311804845408226e-01
  2.820000000000000e+00,  1.589976030016857e-01,  1.715867223913703e-03,  5.110945751676509e-02,  1.500603854602589e-01, -3.409241121217107e-02,  3.312543356375804e-01
  2.830000000000000e+00,  1.591134330541459e-01,  1.687709104275958e-03,  5.107811780482081e-02,  1.501100207618638e-01, -3.423124252360622e-02,  3.313294563356466e-01
  2.840000000000000e+00,  1.592246419412195e-01,  1.664641399885314e-03,  5.104742148320759e-02,  1.501584371851743e-01, -3.436680751311279e-02,  3.314049662910227e-01
  2.850000000000000e+00,  1.593307478547866e-01,  1.646013232915911e-03,  5.101792268432172e-02,  1.502051582943620e-01, -3.449788910188183e-02,  3.314800190967936e-01
  2.860000000000000e+00,  1.594314022029683e-01,  1.631233606910643e-03,  5.099005701220236e-02,  1.502498337872522e-01, -3.462353092384082e-02,  3.315538098370244e-01
  2.870000000000000e+00,  1.595260046710674e-01,  1.619645642145118e-03,  5.096433160673095e-02,  1.502919327837827e-01, -3.474248241550942e-02,  3.316255869563322e-01
  2.880000000000000e+00,  1.596143238743063e-01,  1.610741637597890e-03,  5.094100348619668e-02,  1.503312331987016e-01, -3.485408844746434e-02,  3.316946772102686e-01
  2.890000000000000e+00,  1.596960909990200e-01,  1.604027685439657e-03,  5.092029157625535e-02,  1.503674959303310e-01, -3.495770125633482e-02,  3.317604806933765e-01
  2.900000000000000e+00,  1.597711113843108e-01,  1.599064498107872e-03,  5.090232170757829e-02,  1.504005510079243e-01, -3.505283946231569e-02,  3.318224771118169e-01
  2.910000000000000e+00,  1.598392695248952e-01,  1.595469860522059e-03,  5.088712869808193e-02,  1.504302980525603e-01, -3.513919002809176e-02,  3.318802300108861e-01
  2.920000000000000e+00,  1.599005314836427e-01,  1.592918828457135e-03,  5.087466058240617e-02,  1.504567045461129e-01, -3.521660475372057e-02,  3.319333919768163e-01
  2.930000000000000e+00,  1.599550239167185e-01,  1.591188599852522e-03,  5.086472186986497e-02,  1.504798718257813e-01, -3.528521489164774e-02,  3.319817320054292e-01
  2.940000000000000e+00,  1.600027114799064e-01,  1.589961208779522e-03,  5.085725039649538e-02,  1.504997434788292e-01, -3.534491536443998e-02,  3.320250358384004e-01
  2.950000000000000e+00,  1.600439909683685e-01,  1.589107769863984e-03,  5.085191131453526e-02,  1.505165896120761e-01, -3.539621989823181e-02,  3.320632431126679e-01
  2.960000000000000e+00,  1.600789516038608e-01,  1.588524370103039e-03,  5.084842542092020e-02,  1.505305076281902e-01, -3.543936730553052e-02,  3.320963943644710e-01
  2.970000000000000e+00,  1.601080474307785e-01,  1.588110588195413e-03,  5.084645758749860e-02,  1.505417794683304e-01, -3.547496590910207e-02,  3.321245741129755e-01
  2.980000000000000e+00,  1.601315190077228e-01,  1.587800070512291e-03,  5.084571171229629e-02,  1.505505869712542e-01, -3.550338683461247e-02,  3.321477879238950e-01
  2.990000000000000e+00,  1.601501411750429e-01,  1.587559417826068e-03,  5.084578178715216e-02,  1.505573521173936e-01, -3.552570540926665e-02,  3.321665677907119e-01
  3.000000000000000e+00,  1.601653151205786e-01,  1.587425424149469e-03,  5.084623477160394e-02,  1.505627572536318e-01, -3.554379679515807e-02,  3.321821083507875e-01
