Main.Studies.MarkerTracking.t,Main.Studies.MarkerTracking.JointAngleOutputs.OutputFile_RightArm.ThoraxClavicula[0],Main.Studies.MarkerTracking.JointAngleOutputs.OutputFile_RightArm.ThoraxClavicula[1],Main.Studies.MarkerTracking.JointAngleOutputs.OutputFile_RightArm.ThoraxClavicula[2],Main.Studies.MarkerTracking.JointAngleOutputs.OutputFile_RightArm.ClaviculaScapula[0],Main.Studies.MarkerTracking.JointAngleOutputs.OutputFile_RightArm.ClaviculaScapula[1],Main.Studies.MarkerTracking.JointAngleOutputs.OutputFile_RightArm.ClaviculaScapula[2],Main.Studies.MarkerTracking.JointAngleOutputs.OutputFile_RightArm.ScapulaHumerus[0],Main.Studies.MarkerTracking.JointAngleOutputs.OutputFile_RightArm.ScapulaHumerus[1],Main.Studies.MarkerTracking.JointAngleOutputs.OutputFile_RightArm.ScapulaHumerus[2],Main.Studies.MarkerTracking.JointAngleOutputs.OutputFile_RightArm.HumerusUlna,Main.Studies.MarkerTracking.JointAngleOutputs.OutputFile_RightArm.UlnaRadius,Main.Studies.MarkerTracking.JointAngleOutputs.OutputFile_RightArm.RadiusWrist,Main.Studies.MarkerTracking.JointAngleOutputs.OutputFile_RightArm.WristHand
  4.500000000000000e-01, -3.878638557454520e-02, -1.914929111635704e-01,  3.517171637030870e-02, -4.832631417549111e-02,  7.182129950432761e-01, -2.641219149767847e-02,  4.732190296304218e-01, -6.699242660338378e-01,  4.139873142760584e-01,  2.094395102393196e+00, -8.572951685016618e-04,  1.387778780781445e-17,  2.775557561562891e-17
  4.600000000000000e-01, -3.878638557469252e-02, -1.914929111635723e-01,  3.517171637029621e-02, -4.832631417560632e-02,  7.182129950432807e-01, -2.641219149753066e-02,  4.732190296305160e-01, -6.699242660337815e-01,  4.139873142763119e-01,  2.094395102393195e+00, -8.572951685016619e-04, -8.326672684688674e-17,  0.000000000000000e+00
  4.700000000000000e-01, -3.878638557469387e-02, -1.914929111635722e-01,  3.517171637029567e-02, -4.832631417560427e-02,  7.182129950432810e-01, -2.641219149753012e-02,  4.732190296305159e-01, -6.699242660337812e-01,  4.139873142763115e-01,  2.094395102393196e+00, -8.572951685014399e-04, -9.714451465470117e-17, -2.775557561562891e-17
  4.800000000000000e-01, -3.878638557469594e-02, -1.914929111635726e-01,  3.517171637029586e-02, -4.832631417560291e-02,  7.182129950432810e-01, -2.641219149752914e-02,  4.732190296305160e-01, -6.699242660337819e-01,  4.139873142763121e-01,  2.094395102393195e+00, -8.572951685013287e-04, -2.775557561562891e-17, -2.775557561562891e-17
  4.900000000000000e-01, -3.878638557469796e-02, -1.914929111635723e-01,  3.517171637029544e-02, -4.832631417560102e-02,  7.182129950432812e-01, -2.641219149752892e-02,  4.732190296305159e-01, -6.699242660337813e-01,  4.139873142763120e-01,  2.094395102393195e+00, -8.572951685012174e-04, -6.938893903907228e-17,  2.775557561562891e-17
  5.000000000000000e-01, -3.878638557469564e-02, -1.914929111635727e-01,  3.517171637029590e-02, -4.832631417560209e-02,  7.182129950432811e-01, -2.641219149752967e-02,  4.732190296305155e-01, -6.699242660337813e-01,  4.139873142763112e-01,  2.094395102393195e+00, -8.572951685012174e-04, -1.665334536937735e-16,  0.000000000000000e+00
  5.100000000000000e-01, -3.878638557469113e-02, -1.914929111635727e-01,  3.517171637029579e-02, -4.832631417560730e-02,  7.182129950432806e-01, -2.641219149753082e-02,  4.732190296305160e-01, -6.699242660337815e-01,  4.139873142763121e-01,  2.094395102393195e+00, -8.572951685011066e-04, -8.326672684688674e-17,  2.775557561562891e-17
  5.200000000000000e-01, -3.878638557468850e-02, -1.914929111635722e-01,  3.517171637029620e-02, -4.832631417560872e-02,  7.182129950432815e-01, -2.641219149753225e-02,  4.732190296305151e-01, -6.699242660337813e-01,  4.139873142763116e-01,  2.094395102393195e+00, -8.572951685013288e-04, -1.387778780781446e-16,  2.775557561562890e-17
  5.300000000000000e-01, -3.878638557469524e-02, -1.914929111635728e-01,  3.517171637029574e-02, -4.832631417560439e-02,  7.182129950432810e-01, -2.641219149752913e-02,  4.732190296305159e-01, -6.699242660337807e-01,  4.139873142763135e-01,  2.094395102393196e+00, -8.572951685015506e-04, -1.110223024625157e-16,  0.000000000000000e+00
  5.400000000000000e-01, -3.878638557469262e-02, -1.914929111635723e-01,  3.517171637029615e-02, -4.832631417560533e-02,  7.182129950432817e-01, -2.641219149753090e-02,  4.732190296305153e-01, -6.699242660337807e-01,  4.139873142763120e-01,  2.094395102393195e+00, -8.572951685014398e-04, -1.249000902703301e-16,  2.775557561562892e-17
  5.500000000000000e-01, -3.878638557469450e-02, -1.914929111635720e-01,  3.517171637029561e-02, -4.832631417560324e-02,  7.182129950432810e-01, -2.641219149753010e-02,  4.732190296305150e-01, -6.699242660337812e-01,  4.139873142763118e-01,  2.094395102393196e+00, -8.572951685013288e-04, -1.942890293094024e-16, -2.775557561562891e-17
  5.600000000000001e-01, -3.878638557469025e-02, -1.914929111635718e-01,  3.517171637029630e-02, -4.832631417560973e-02,  7.182129950432805e-01, -2.641219149753102e-02,  4.732190296305157e-01, -6.699242660337813e-01,  4.139873142763142e-01,  2.094395102393196e+00, -8.572951685017730e-04,  6.938893903907228e-17,  2.775557561562892e-17
  5.700000000000001e-01, -3.878638557469540e-02, -1.914929111635719e-01,  3.517171637029552e-02, -4.832631417560464e-02,  7.182129950432810e-01, -2.641219149752914e-02,  4.732190296305154e-01, -6.699242660337809e-01,  4.139873142763140e-01,  2.094395102393196e+00, -8.572951685011064e-04, -1.526556658859590e-16,  0.000000000000000e+00
  5.800000000000000e-01, -3.878638557469164e-02, -1.914929111635725e-01,  3.517171637029620e-02, -4.832631417560523e-02,  7.182129950432808e-01, -2.641219149753158e-02,  4.732190296305145e-01, -6.699242660337812e-01,  4.139873142763115e-01,  2.094395102393194e+00, -8.572951685015506e-04, -1.665334536937735e-16,  2.775557561562891e-17
  5.900000000000000e-01, -3.878638557469420e-02, -1.914929111635729e-01,  3.517171637029608e-02, -4.832631417560384e-02,  7.182129950432818e-01, -2.641219149753027e-02,  4.732190296305144e-01, -6.699242660337807e-01,  4.139873142763127e-01,  2.094395102393195e+00, -8.572951685015508e-04, -1.387778780781446e-17,  0.000000000000000e+00
  6.000000000000000e-01, -3.878638557469258e-02, -1.914929111635723e-01,  3.517171637029608e-02, -4.832631417560551e-02,  7.182129950432808e-01, -2.641219149753066e-02,  4.732190296305143e-01, -6.699242660337812e-01,  4.139873142763130e-01,  2.094395102393195e+00, -8.572951685017729e-04, -1.249000902703301e-16,  2.775557561562891e-17
  6.100000000000000e-01, -3.878638557469460e-02, -1.914929111635720e-01,  3.517171637029576e-02, -4.832631417560453e-02,  7.182129950432810e-01, -2.641219149752964e-02,  4.732190296305145e-01, -6.699242660337811e-01,  4.139873142763137e-01,  2.094395102393195e+00, -8.572951685018837e-04, -9.714451465470120e-17,  0.000000000000000e+00
  6.200000000000000e-01, -3.878638557469539e-02, -1.914929111635728e-01,  3.517171637029542e-02, -4.832631417560192e-02,  7.182129950432821e-01, -2.641219149753008e-02,  4.732190296305141e-01, -6.699242660337813e-01,  4.139873142763122e-01,  2.094395102393195e+00, -8.572951685016618e-04,  1.387778780781446e-17,  0.000000000000000e+00
  6.300000000000000e-01, -3.878638557468992e-02, -1.914929111635719e-01,  3.517171637029606e-02, -4.832631417560686e-02,  7.182129950432806e-01, -2.641219149753191e-02,  4.732190296305135e-01, -6.699242660337804e-01,  4.139873142763126e-01,  2.094395102393195e+00, -8.572951685018839e-04, -1.110223024625157e-16,  0.000000000000000e+00
  6.400000000000000e-01, -3.878638557468878e-02, -1.914929111635731e-01,  3.517171637029638e-02, -4.832631417560880e-02,  7.182129950432814e-01, -2.641219149753241e-02,  4.732190296305137e-01, -6.699242660337810e-01,  4.139873142763132e-01,  2.094395102393196e+00, -8.572951685017729e-04, -1.387778780781445e-16,  2.775557561562890e-17
  6.500000000000000e-01, -3.878638557468765e-02, -1.914929111635723e-01,  3.517171637029655e-02, -4.832631417561099e-02,  7.182129950432813e-01, -2.641219149753223e-02,  4.732190296305138e-01, -6.699242660337804e-01,  4.139873142763147e-01,  2.094395102393195e+00, -8.572951685017729e-04, -5.551115123125783e-17,  0.000000000000000e+00
  6.600000000000000e-01, -3.878638557469270e-02, -1.914929111635732e-01,  3.517171637029612e-02, -4.832631417560553e-02,  7.182129950432817e-01, -2.641219149753066e-02,  4.732190296305137e-01, -6.699242660337806e-01,  4.139873142763148e-01,  2.094395102393195e+00, -8.572951685017729e-04, -4.163336342344337e-17, -2.775557561562891e-17
  6.699999999999999e-01, -3.878638557469072e-02, -1.914929111635718e-01,  3.517171637029594e-02, -4.832631417560766e-02,  7.182129950432805e-01, -2.641219149753132e-02,  4.732190296305132e-01, -6.699242660337804e-01,  4.139873142763150e-01,  2.094395102393196e+00, -8.572951685018837e-04,  0.000000000000000e+00,  0.000000000000000e+00
  6.799999999999999e-01, -3.878638557469285e-02, -1.914929111635732e-01,  3.517171637029618e-02, -4.832631417560550e-02,  7.182129950432808e-01, -2.641219149753029e-02,  4.732190296305125e-01, -6.699242660337804e-01,  4.139873142763156e-01,  2.094395102393196e+00, -8.572951685022171e-04, -2.775557561562891e-17,  0.000000000000000e+00
  6.899999999999999e-01, -3.878638557469120e-02, -1.914929111635717e-01,  3.517171637029615e-02, -4.832631417560712e-02,  7.182129950432806e-01, -2.641219149753117e-02,  4.732190296305124e-01, -6.699242660337803e-01,  4.139873142763154e-01,  2.094395102393196e+00, -8.572951685018839e-04, -1.110223024625157e-16,  0.000000000000000e+00
  7.000000000000000e-01, -3.878638557468846e-02, -1.914929111635723e-01,  3.517171637029621e-02, -4.832631417560798e-02,  7.182129950432805e-01, -2.641219149753231e-02,  4.732190296305117e-01, -6.699242660337800e-01,  4.139873142763149e-01,  2.094395102393196e+00, -8.572951685022171e-04, -2.775557561562891e-17,  0.000000000000000e+00
  7.100000000000000e-01, -3.878638557468828e-02, -1.914929111635723e-01,  3.517171637029633e-02, -4.832631417561047e-02,  7.182129950432804e-01, -2.641219149753226e-02,  4.732190296305120e-01, -6.699242660337802e-01,  4.139873142763167e-01,  2.094395102393195e+00, -8.572951685021060e-04, -1.387778780781446e-17,  0.000000000000000e+00
  7.200000000000000e-01, -3.878638557469284e-02, -1.914929111635732e-01,  3.517171637029607e-02, -4.832631417560452e-02,  7.182129950432818e-01, -2.641219149753057e-02,  4.732190296305113e-01, -6.699242660337799e-01,  4.139873142763160e-01,  2.094395102393195e+00, -8.572951685022168e-04, -1.387778780781446e-17,  0.000000000000000e+00
  7.300000000000000e-01, -3.878638557469061e-02, -1.914929111635728e-01,  3.517171637029613e-02, -4.832631417560618e-02,  7.182129950432815e-01, -2.641219149753180e-02,  4.732190296305105e-01, -6.699242660337797e-01,  4.139873142763158e-01,  2.094395102393195e+00, -8.572951685022172e-04, -2.359223927328458e-16,  0.000000000000000e+00
  7.400000000000000e-01, -3.878638557469704e-02, -1.914929111635724e-01,  3.517171637029593e-02, -4.832631417560096e-02,  7.182129950432803e-01, -2.641219149752931e-02,  4.732190296305105e-01, -6.699242660337795e-01,  4.139873142763172e-01,  2.094395102393195e+00, -8.572951685019945e-04, -2.775557561562891e-17,  0.000000000000000e+00
  7.500000000000000e-01, -3.878638557468783e-02, -1.914929111635723e-01,  3.517171637029659e-02, -4.832631417560983e-02,  7.182129950432805e-01, -2.641219149753236e-02,  4.732190296305103e-01, -6.699242660337797e-01,  4.139873142763176e-01,  2.094395102393195e+00, -8.572951685018839e-04,  1.387778780781446e-17,  0.000000000000000e+00
  7.600000000000000e-01, -3.878638557469116e-02, -1.914929111635717e-01,  3.517171637029599e-02, -4.832631417560893e-02,  7.182129950432806e-01, -2.641219149753031e-02,  4.732190296305108e-01, -6.699242660337787e-01,  4.139873142763204e-01,  2.094395102393196e+00, -8.572951685023279e-04, -1.387778780781446e-17,  0.000000000000000e+00
  7.700000000000000e-01, -3.878638557469629e-02, -1.914929111635725e-01,  3.517171637029588e-02, -4.832631417560382e-02,  7.182129950432810e-01, -2.641219149752866e-02,  4.732190296305105e-01, -6.699242660337789e-01,  4.139873142763202e-01,  2.094395102393195e+00, -8.572951685016618e-04, -1.387778780781445e-17,  0.000000000000000e+00
  7.800000000000000e-01, -3.878638557469290e-02, -1.914929111635732e-01,  3.517171637029592e-02, -4.832631417560405e-02,  7.182129950432818e-01, -2.641219149753105e-02,  4.732190296305094e-01, -6.699242660337787e-01,  4.139873142763181e-01,  2.094395102393196e+00, -8.572951685017729e-04,  4.163336342344337e-17,  0.000000000000000e+00
  7.900000000000000e-01, -3.878638557469042e-02, -1.914929111635727e-01,  3.517171637029634e-02, -4.832631417560504e-02,  7.182129950432816e-01, -2.641219149753235e-02,  4.732190296305079e-01, -6.699242660337795e-01,  4.139873142763166e-01,  2.094395102393195e+00, -8.572951685016618e-04,  1.387778780781446e-17,  0.000000000000000e+00
  8.000000000000000e-01, -3.878638557469329e-02, -1.914929111635731e-01,  3.517171637029601e-02, -4.832631417560395e-02,  7.182129950432820e-01, -2.641219149753067e-02,  4.732190296305081e-01, -6.699242660337790e-01,  4.139873142763192e-01,  2.094395102393195e+00, -8.572951685019949e-04, -4.163336342344337e-17,  0.000000000000000e+00
  8.100000000000001e-01, -3.878638557469220e-02, -1.914929111635733e-01,  3.517171637029610e-02, -4.832631417560556e-02,  7.182129950432817e-01, -2.641219149753093e-02,  4.732190296305081e-01, -6.699242660337793e-01,  4.139873142763200e-01,  2.094395102393195e+00, -8.572951685016618e-04, -4.163336342344337e-17,  0.000000000000000e+00
  8.200000000000001e-01, -3.878638557469361e-02, -1.914929111635730e-01,  3.517171637029599e-02, -4.832631417560414e-02,  7.182129950432810e-01, -2.641219149753032e-02,  4.732190296305074e-01, -6.699242660337790e-01,  4.139873142763208e-01,  2.094395102393195e+00, -8.572951685014396e-04, -8.326672684688673e-17,  0.000000000000000e+00
  8.300000000000000e-01, -3.878638557468973e-02, -1.914929111635729e-01,  3.517171637029642e-02, -4.832631417561042e-02,  7.182129950432815e-01, -2.641219149753085e-02,  4.732190296305079e-01, -6.699242660337779e-01,  4.139873142763237e-01,  2.094395102393195e+00, -8.572951685022171e-04, -2.220446049250313e-16,  0.000000000000000e+00
  8.400000000000001e-01, -3.878638557469035e-02, -1.914929111635718e-01,  3.517171637029618e-02, -4.832631417560847e-02,  7.182129950432805e-01, -2.641219149753113e-02,  4.732190296305069e-01, -6.699242660337787e-01,  4.139873142763229e-01,  2.094395102393195e+00, -8.572951685021058e-04,  1.387778780781446e-17,  0.000000000000000e+00
  8.500000000000000e-01, -3.878638557469530e-02, -1.914929111635728e-01,  3.517171637029557e-02, -4.832631417560287e-02,  7.182129950432811e-01, -2.641219149752999e-02,  4.732190296305067e-01, -6.699242660337785e-01,  4.139873142763226e-01,  2.094395102393196e+00, -8.572951685018839e-04, -8.326672684688674e-17,  0.000000000000000e+00
  8.600000000000000e-01, -3.878638557469264e-02, -1.914929111635723e-01,  3.517171637029597e-02, -4.832631417560448e-02,  7.182129950432810e-01, -2.641219149753086e-02,  4.732190296305055e-01, -6.699242660337787e-01,  4.139873142763220e-01,  2.094395102393196e+00, -8.572951685019949e-04, -1.804112415015879e-16,  0.000000000000000e+00
  8.700000000000000e-01, -3.878638557468791e-02, -1.914929111635713e-01,  3.517171637029672e-02, -4.832631417560998e-02,  7.182129950432813e-01, -2.641219149753246e-02,  4.732190296305050e-01, -6.699242660337776e-01,  4.139873142763235e-01,  2.094395102393194e+00, -8.572951685018837e-04,  4.163336342344338e-17,  0.000000000000000e+00
  8.800000000000000e-01, -3.878638557468919e-02, -1.914929111635721e-01,  3.517171637029633e-02, -4.832631417560793e-02,  7.182129950432816e-01, -2.641219149753224e-02,  4.732190296305047e-01, -6.699242660337773e-01,  4.139873142763233e-01,  2.094395102393195e+00, -8.572951685022168e-04,  4.163336342344338e-17,  0.000000000000000e+00
  8.899999999999999e-01, -3.878638557468998e-02, -1.914929111635729e-01,  3.517171637029615e-02, -4.832631417560565e-02,  7.182129950432816e-01, -2.641219149753237e-02,  4.732190296305038e-01, -6.699242660337783e-01,  4.139873142763227e-01,  2.094395102393196e+00, -8.572951685019949e-04,  0.000000000000000e+00,  0.000000000000000e+00
  9.000000000000000e-01, -3.878638557468979e-02, -1.914929111635719e-01,  3.517171637029638e-02, -4.832631417560836e-02,  7.182129950432805e-01, -2.641219149753178e-02,  4.732190296305036e-01, -6.699242660337773e-01,  4.139873142763254e-01,  2.094395102393195e+00, -8.572951685019949e-04,  0.000000000000000e+00,  0.000000000000000e+00
  9.099999999999999e-01, -3.878638557468816e-02, -1.914929111635722e-01,  3.517171637029656e-02, -4.832631417560983e-02,  7.182129950432814e-01, -2.641219149753207e-02,  4.732190296305033e-01, -6.699242660337772e-01,  4.139873142763263e-01,  2.094395102393196e+00, -8.572951685021061e-04,  1.249000902703301e-16,  0.000000000000000e+00
  9.199999999999999e-01, -3.878638557468905e-02, -1.914929111635729e-01,  3.517171637029654e-02, -4.832631417560748e-02,  7.182129950432816e-01, -2.641219149753256e-02,  4.732190296305023e-01, -6.699242660337776e-01,  4.139873142763252e-01,  2.094395102393196e+00, -8.572951685018840e-04, -1.387778780781446e-17,  0.000000000000000e+00
  9.299999999999999e-01, -3.878638557469125e-02, -1.914929111635726e-01,  3.517171637029620e-02, -4.832631417560576e-02,  7.182129950432817e-01, -2.641219149753133e-02,  4.732190296305015e-01, -6.699242660337770e-01,  4.139873142763267e-01,  2.094395102393195e+00, -8.572951685017729e-04, -1.526556658859590e-16,  5.551115123125781e-17
  9.399999999999999e-01, -3.878638557469017e-02, -1.914929111635719e-01,  3.517171637029606e-02, -4.832631417560800e-02,  7.182129950432806e-01, -2.641219149753135e-02,  4.732190296305013e-01, -6.699242660337766e-01,  4.139873142763285e-01,  2.094395102393195e+00, -8.572951685021060e-04, -1.249000902703301e-16,  0.000000000000000e+00
  9.500000000000000e-01, -3.878638557469213e-02, -1.914929111635725e-01,  3.517171637029582e-02, -4.832631417560677e-02,  7.182129950432815e-01, -2.641219149753027e-02,  4.732190296305014e-01, -6.699242660337759e-01,  4.139873142763293e-01,  2.094395102393195e+00, -8.572951685018837e-04, -9.714451465470120e-17,  0.000000000000000e+00
  9.600000000000000e-01, -3.878638557469370e-02, -1.914929111635731e-01,  3.517171637029567e-02, -4.832631417560408e-02,  7.182129950432820e-01, -2.641219149753027e-02,  4.732190296305003e-01, -6.699242660337763e-01,  4.139873142763293e-01,  2.094395102393195e+00, -8.572951685018840e-04, -6.938893903907228e-17, -5.551115123125781e-17
  9.700000000000000e-01, -3.878638557469229e-02, -1.914929111635724e-01,  3.517171637029621e-02, -4.832631417560632e-02,  7.182129950432807e-01, -2.641219149753041e-02,  4.732190296304999e-01, -6.699242660337759e-01,  4.139873142763308e-01,  2.094395102393195e+00, -8.572951685019949e-04, -5.551115123125783e-17,  0.000000000000000e+00
  9.800000000000000e-01, -3.878638557469420e-02, -1.914929111635720e-01,  3.517171637029590e-02, -4.832631417560451e-02,  7.182129950432810e-01, -2.641219149752997e-02,  4.732190296304992e-01, -6.699242660337763e-01,  4.139873142763312e-01,  2.094395102393196e+00, -8.572951685018839e-04, -1.110223024625157e-16,  0.000000000000000e+00
  9.900000000000000e-01, -3.878638557468879e-02, -1.914929111635721e-01,  3.517171637029625e-02, -4.832631417560918e-02,  7.182129950432815e-01, -2.641219149753194e-02,  4.732190296304983e-01, -6.699242660337753e-01,  4.139873142763317e-01,  2.094395102393195e+00, -8.572951685018839e-04, -1.249000902703301e-16,  0.000000000000000e+00
  1.000000000000000e+00, -3.878638557468995e-02, -1.914929111635719e-01,  3.517171637029638e-02, -4.832631417560734e-02,  7.182129950432807e-01, -2.641219149753195e-02,  4.732190296304975e-01, -6.699242660337753e-01,  4.139873142763316e-01,  2.094395102393195e+00, -8.572951685017730e-04, -1.110223024625156e-16,  0.000000000000000e+00
  1.010000000000000e+00, -3.878638557469730e-02, -1.914929111635724e-01,  3.517171637029538e-02, -4.832631417560289e-02,  7.182129950432802e-01, -2.641219149752836e-02,  4.732190296304977e-01, -6.699242660337752e-01,  4.139873142763350e-01,  2.094395102393195e+00, -8.572951685017726e-04, -6.938893903907227e-17,  0.000000000000000e+00
  1.020000000000000e+00, -3.878638557469451e-02, -1.914929111635720e-01,  3.517171637029561e-02, -4.832631417560407e-02,  7.182129950432810e-01, -2.641219149752990e-02,  4.732190296304965e-01, -6.699242660337750e-01,  4.139873142763339e-01,  2.094395102393195e+00, -8.572951685019947e-04, -9.714451465470120e-17,  0.000000000000000e+00
  1.030000000000000e+00, -3.878638557468790e-02, -1.914929111635723e-01,  3.517171637029645e-02, -4.832631417560809e-02,  7.182129950432805e-01, -2.641219149753291e-02,  4.732190296304953e-01, -6.699242660337753e-01,  4.139873142763328e-01,  2.094395102393195e+00, -8.572951685017729e-04, -9.714451465470120e-17,  0.000000000000000e+00
  1.040000000000000e+00, -3.878638557469071e-02, -1.914929111635718e-01,  3.517171637029620e-02, -4.832631417560709e-02,  7.182129950432806e-01, -2.641219149753123e-02,  4.732190296304949e-01, -6.699242660337740e-01,  4.139873142763351e-01,  2.094395102393196e+00, -8.572951685022168e-04, -2.775557561562891e-17,  0.000000000000000e+00
  1.050000000000000e+00, -3.878638557468629e-02, -1.914929111635717e-01,  3.517171637029653e-02, -4.832631417561332e-02,  7.182129950432802e-01, -2.641219149753229e-02,  4.732190296304953e-01, -6.699242660337739e-01,  4.139873142763378e-01,  2.094395102393195e+00, -8.572951685018839e-04, -9.714451465470117e-17,  0.000000000000000e+00
  1.060000000000000e+00, -3.878638557469302e-02, -1.914929111635732e-01,  3.517171637029606e-02, -4.832631417560302e-02,  7.182129950432818e-01, -2.641219149753111e-02,  4.732190296304932e-01, -6.699242660337742e-01,  4.139873142763354e-01,  2.094395102393195e+00, -8.572951685018837e-04, -1.526556658859590e-16,  0.000000000000000e+00
  1.070000000000000e+00, -3.878638557469532e-02, -1.914929111635728e-01,  3.517171637029581e-02, -4.832631417560181e-02,  7.182129950432820e-01, -2.641219149752995e-02,  4.732190296304927e-01, -6.699242660337736e-01,  4.139873142763369e-01,  2.094395102393196e+00, -8.572951685021060e-04, -9.714451465470120e-17,  0.000000000000000e+00
  1.080000000000000e+00, -3.878638557469114e-02, -1.914929111635726e-01,  3.517171637029612e-02, -4.832631417560771e-02,  7.182129950432816e-01, -2.641219149753096e-02,  4.732190296304924e-01, -6.699242660337732e-01,  4.139873142763393e-01,  2.094395102393195e+00, -8.572951685018839e-04, -5.551115123125781e-17,  0.000000000000000e+00
  1.090000000000000e+00, -3.878638557468887e-02, -1.914929111635721e-01,  3.517171637029621e-02, -4.832631417560866e-02,  7.182129950432805e-01, -2.641219149753214e-02,  4.732190296304920e-01, -6.699242660337738e-01,  4.139873142763389e-01,  2.094395102393195e+00, -8.572951685019949e-04, -1.249000902703301e-16,  0.000000000000000e+00
  1.100000000000000e+00, -3.878638557469552e-02, -1.914929111635727e-01,  3.517171637029577e-02, -4.832631417560452e-02,  7.182129950432818e-01, -2.641219149752884e-02,  4.732190296304924e-01, -6.699242660337733e-01,  4.139873142763422e-01,  2.094395102393196e+00, -8.572951685017729e-04, -5.551115123125784e-17,  0.000000000000000e+00
  1.110000000000000e+00, -3.878638557469209e-02, -1.914929111635724e-01,  3.517171637029590e-02, -4.832631417560495e-02,  7.182129950432808e-01, -2.641219149753121e-02,  4.732190296304898e-01, -6.699242660337730e-01,  4.139873142763401e-01,  2.094395102393195e+00, -8.572951685019950e-04, -8.326672684688673e-17,  0.000000000000000e+00
  1.120000000000000e+00, -3.878638557469398e-02, -1.914929111635721e-01,  3.517171637029570e-02, -4.832631417560346e-02,  7.182129950432808e-01, -2.641219149753035e-02,  4.732190296304892e-01, -6.699242660337723e-01,  4.139873142763416e-01,  2.094395102393195e+00, -8.572951685017726e-04,  1.387778780781446e-17,  0.000000000000000e+00
  1.130000000000000e+00, -3.878638557468893e-02, -1.914929111635730e-01,  3.517171637029641e-02, -4.832631417560793e-02,  7.182129950432816e-01, -2.641219149753209e-02,  4.732190296304881e-01, -6.699242660337729e-01,  4.139873142763423e-01,  2.094395102393195e+00, -8.572951685023282e-04, -1.387778780781446e-16,  0.000000000000000e+00
  1.140000000000000e+00, -3.878638557469104e-02, -1.914929111635726e-01,  3.517171637029639e-02, -4.832631417560618e-02,  7.182129950432806e-01, -2.641219149753156e-02,  4.732190296304875e-01, -6.699242660337722e-01,  4.139873142763431e-01,  2.094395102393196e+00, -8.572951685019950e-04, -1.249000902703301e-16,  0.000000000000000e+00
  1.150000000000000e+00, -3.878638557469629e-02, -1.914929111635735e-01,  3.517171637029562e-02, -4.832631417560079e-02,  7.182129950432822e-01, -2.641219149752970e-02,  4.732190296304866e-01, -6.699242660337719e-01,  4.139873142763438e-01,  2.094395102393195e+00, -8.572951685018837e-04, -6.938893903907228e-17,  0.000000000000000e+00
  1.160000000000000e+00, -3.878638557469222e-02, -1.914929111635724e-01,  3.517171637029604e-02, -4.832631417560675e-02,  7.182129950432807e-01, -2.641219149753082e-02,  4.732190296304868e-01, -6.699242660337719e-01,  4.139873142763463e-01,  2.094395102393195e+00, -8.572951685016618e-04, -8.326672684688673e-17,  0.000000000000000e+00
  1.170000000000000e+00, -3.878638557468804e-02, -1.914929111635723e-01,  3.517171637029616e-02, -4.832631417560714e-02,  7.182129950432817e-01, -2.641219149753323e-02,  4.732190296304843e-01, -6.699242660337725e-01,  4.139873142763441e-01,  2.094395102393195e+00, -8.572951685016614e-04, -2.775557561562891e-17, -5.551115123125785e-17
  1.180000000000000e+00, -3.878638557468842e-02, -1.914929111635722e-01,  3.517171637029640e-02, -4.832631417561005e-02,  7.182129950432805e-01, -2.641219149753194e-02,  4.732190296304848e-01, -6.699242660337709e-01,  4.139873142763486e-01,  2.094395102393195e+00, -8.572951685019947e-04, -1.249000902703301e-16,  0.000000000000000e+00
  1.190000000000000e+00, -3.878638557468951e-02, -1.914929111635729e-01,  3.517171637029640e-02, -4.832631417560777e-02,  7.182129950432815e-01, -2.641219149753207e-02,  4.732190296304840e-01, -6.699242660337718e-01,  4.139873142763477e-01,  2.094395102393195e+00, -8.572951685023281e-04,  4.163336342344337e-17,  0.000000000000000e+00
  1.200000000000000e+00, -3.878638557469236e-02, -1.914929111635724e-01,  3.517171637029581e-02, -4.832631417560677e-02,  7.182129950432807e-01, -2.641219149753029e-02,  4.732190296304839e-01, -6.699242660337708e-01,  4.139873142763503e-01,  2.094395102393195e+00, -8.572951685017729e-04, -2.775557561562891e-17,  0.000000000000000e+00
  1.210000000000000e+00, -3.878638557469347e-02, -1.914929111635731e-01,  3.517171637029615e-02, -4.832631417560474e-02,  7.182129950432818e-01, -2.641219149753048e-02,  4.732190296304824e-01, -6.699242660337708e-01,  4.139873142763500e-01,  2.094395102393195e+00, -8.572951685019949e-04,  0.000000000000000e+00,  0.000000000000000e+00
  1.220000000000000e+00, -3.878638557469465e-02, -1.914929111635720e-01,  3.517171637029554e-02, -4.832631417560280e-02,  7.182129950432811e-01, -2.641219149753045e-02,  4.732190296304813e-01, -6.699242660337701e-01,  4.139873142763502e-01,  2.094395102393195e+00, -8.572951685018839e-04, -1.665334536937735e-16,  0.000000000000000e+00
  1.230000000000000e+00, -3.878638557468948e-02, -1.914929111635720e-01,  3.517171637029625e-02, -4.832631417560811e-02,  7.182129950432806e-01, -2.641219149753169e-02,  4.732190296304806e-01, -6.699242660337700e-01,  4.139873142763522e-01,  2.094395102393195e+00, -8.572951685019947e-04, -9.714451465470120e-17,  0.000000000000000e+00
  1.240000000000000e+00, -3.878638557469578e-02, -1.914929111635727e-01,  3.517171637029558e-02, -4.832631417560360e-02,  7.182129950432811e-01, -2.641219149752903e-02,  4.732190296304804e-01, -6.699242660337698e-01,  4.139873142763543e-01,  2.094395102393196e+00, -8.572951685019947e-04, -8.326672684688674e-17,  0.000000000000000e+00
  1.250000000000000e+00, -3.878638557468957e-02, -1.914929111635720e-01,  3.517171637029615e-02, -4.832631417560800e-02,  7.182129950432806e-01, -2.641219149753155e-02,  4.732190296304792e-01, -6.699242660337686e-01,  4.139873142763537e-01,  2.094395102393196e+00, -8.572951685021058e-04,  2.775557561562891e-17,  0.000000000000000e+00
  1.260000000000000e+00, -3.878638557469626e-02, -1.914929111635726e-01,  3.517171637029572e-02, -4.832631417560360e-02,  7.182129950432810e-01, -2.641219149752880e-02,  4.732190296304791e-01, -6.699242660337682e-01,  4.139873142763568e-01,  2.094395102393195e+00, -8.572951685018839e-04, -1.526556658859590e-16,  0.000000000000000e+00
  1.270000000000000e+00, -3.878638557469274e-02, -1.914929111635732e-01,  3.517171637029608e-02, -4.832631417560394e-02,  7.182129950432818e-01, -2.641219149753144e-02,  4.732190296304770e-01, -6.699242660337686e-01,  4.139873142763544e-01,  2.094395102393196e+00, -8.572951685021058e-04, -1.942890293094024e-16,  0.000000000000000e+00
  1.280000000000000e+00, -3.878638557468314e-02, -1.914929111635732e-01,  3.517171637029699e-02, -4.832631417561233e-02,  7.182129950432812e-01, -2.641219149753491e-02,  4.732190296304761e-01, -6.699242660337692e-01,  4.139873142763548e-01,  2.094395102393196e+00, -8.572951685021060e-04,  6.938893903907228e-17,  0.000000000000000e+00
  1.290000000000000e+00, -3.878638557469075e-02, -1.914929111635727e-01,  3.517171637029624e-02, -4.832631417560811e-02,  7.182129950432805e-01, -2.641219149753134e-02,  4.732190296304764e-01, -6.699242660337678e-01,  4.139873142763583e-01,  2.094395102393195e+00, -8.572951685014398e-04,  5.551115123125781e-17, -5.551115123125783e-17
  1.300000000000000e+00, -3.878638557469215e-02, -1.914929111635724e-01,  3.517171637029597e-02, -4.832631417560610e-02,  7.182129950432816e-01, -2.641219149753065e-02,  4.732190296304750e-01, -6.699242660337675e-01,  4.139873142763594e-01,  2.094395102393195e+00, -8.572951685017730e-04,  4.163336342344338e-17,  0.000000000000000e+00
  1.310000000000000e+00, -3.878638557469355e-02, -1.914929111635731e-01,  3.517171637029550e-02, -4.832631417560417e-02,  7.182129950432820e-01, -2.641219149753027e-02,  4.732190296304742e-01, -6.699242660337674e-01,  4.139873142763595e-01,  2.094395102393195e+00, -8.572951685021061e-04,  1.110223024625157e-16,  0.000000000000000e+00
  1.320000000000000e+00, -3.878638557469343e-02, -1.914929111635722e-01,  3.517171637029592e-02, -4.832631417560666e-02,  7.182129950432808e-01, -2.641219149752971e-02,  4.732190296304740e-01, -6.699242660337669e-01,  4.139873142763628e-01,  2.094395102393194e+00, -8.572951685022171e-04, -1.387778780781446e-16,  0.000000000000000e+00
  1.330000000000000e+00, -3.878638557469320e-02, -1.914929111635723e-01,  3.517171637029586e-02, -4.832631417560360e-02,  7.182129950432810e-01, -2.641219149753092e-02,  4.732190296304719e-01, -6.699242660337672e-01,  4.139873142763605e-01,  2.094395102393195e+00, -8.572951685021058e-04, -1.387778780781446e-16,  0.000000000000000e+00
  1.340000000000000e+00, -3.878638557468755e-02, -1.914929111635723e-01,  3.517171637029650e-02, -4.832631417560834e-02,  7.182129950432806e-01, -2.641219149753295e-02,  4.732190296304709e-01, -6.699242660337665e-01,  4.139873142763619e-01,  2.094395102393196e+00, -8.572951685016618e-04, -2.359223927328458e-16,  0.000000000000000e+00
  1.350000000000000e+00, -3.878638557469132e-02, -1.914929111635726e-01,  3.517171637029616e-02, -4.832631417560826e-02,  7.182129950432815e-01, -2.641219149753071e-02,  4.732190296304714e-01, -6.699242660337662e-01,  4.139873142763656e-01,  2.094395102393195e+00, -8.572951685018839e-04, -1.249000902703301e-16,  0.000000000000000e+00
  1.360000000000000e+00, -3.878638557468734e-02, -1.914929111635724e-01,  3.517171637029665e-02, -4.832631417560826e-02,  7.182129950432815e-01, -2.641219149753351e-02,  4.732190296304691e-01, -6.699242660337666e-01,  4.139873142763629e-01,  2.094395102393196e+00, -8.572951685017730e-04,  2.775557561562891e-17,  0.000000000000000e+00
  1.370000000000000e+00, -3.878638557469329e-02, -1.914929111635731e-01,  3.517171637029620e-02, -4.832631417560361e-02,  7.182129950432818e-01, -2.641219149753095e-02,  4.732190296304684e-01, -6.699242660337663e-01,  4.139873142763649e-01,  2.094395102393196e+00, -8.572951685017730e-04, -1.942890293094024e-16,  0.000000000000000e+00
  1.380000000000000e+00, -3.878638557469562e-02, -1.914929111635727e-01,  3.517171637029580e-02, -4.832631417560174e-02,  7.182129950432812e-01, -2.641219149752982e-02,  4.732190296304677e-01, -6.699242660337660e-01,  4.139873142763668e-01,  2.094395102393195e+00, -8.572951685018839e-04, -1.249000902703301e-16,  0.000000000000000e+00
  1.390000000000000e+00, -3.878638557469379e-02, -1.914929111635731e-01,  3.517171637029574e-02, -4.832631417560383e-02,  7.182129950432818e-01, -2.641219149753015e-02,  4.732190296304664e-01, -6.699242660337648e-01,  4.139873142763683e-01,  2.094395102393194e+00, -8.572951685013284e-04,  5.551115123125781e-17,  0.000000000000000e+00
  1.400000000000000e+00, -3.878638557468924e-02, -1.914929111635730e-01,  3.517171637029628e-02, -4.832631417560861e-02,  7.182129950432815e-01, -2.641219149753203e-02,  4.732190296304664e-01, -6.699242660337648e-01,  4.139873142763699e-01,  2.094395102393195e+00, -8.572951685018837e-04, -1.526556658859590e-16,  0.000000000000000e+00
  1.410000000000000e+00, -3.878638557468660e-02, -1.914929111635725e-01,  3.517171637029666e-02, -4.832631417560960e-02,  7.182129950432813e-01, -2.641219149753366e-02,  4.732190296304641e-01, -6.699242660337648e-01,  4.139873142763687e-01,  2.094395102393196e+00, -8.572951685022171e-04, -1.110223024625157e-16,  0.000000000000000e+00
  1.420000000000000e+00, -3.878638557469360e-02, -1.914929111635721e-01,  3.517171637029599e-02, -4.832631417560588e-02,  7.182129950432808e-01, -2.641219149752990e-02,  4.732190296304648e-01, -6.699242660337638e-01,  4.139873142763737e-01,  2.094395102393195e+00, -8.572951685022171e-04, -9.714451465470120e-17,  0.000000000000000e+00
  1.430000000000000e+00, -3.878638557469011e-02, -1.914929111635728e-01,  3.517171637029629e-02, -4.832631417560622e-02,  7.182129950432816e-01, -2.641219149753211e-02,  4.732190296304626e-01, -6.699242660337644e-01,  4.139873142763710e-01,  2.094395102393195e+00, -8.572951685021061e-04, -1.526556658859590e-16,  0.000000000000000e+00
  1.440000000000000e+00, -3.878638557469258e-02, -1.914929111635732e-01,  3.517171637029615e-02, -4.832631417560487e-02,  7.182129950432817e-01, -2.641219149753113e-02,  4.732190296304621e-01, -6.699242660337638e-01,  4.139873142763733e-01,  2.094395102393195e+00, -8.572951685021060e-04,  6.938893903907230e-17,  0.000000000000000e+00
  1.450000000000000e+00, -3.878638557468983e-02, -1.914929111635729e-01,  3.517171637029613e-02, -4.832631417560531e-02,  7.182129950432817e-01, -2.641219149753241e-02,  4.732190296304602e-01, -6.699242660337641e-01,  4.139873142763723e-01,  2.094395102393195e+00, -8.572951685022168e-04, -1.387778780781446e-17,  0.000000000000000e+00
  1.460000000000000e+00, -3.878638557469247e-02, -1.914929111635733e-01,  3.517171637029605e-02, -4.832631417560396e-02,  7.182129950432818e-01, -2.641219149753175e-02,  4.732190296304594e-01, -6.699242660337632e-01,  4.139873142763739e-01,  2.094395102393195e+00, -8.572951685019949e-04, -5.551115123125783e-17,  0.000000000000000e+00
  1.470000000000000e+00, -3.878638557469162e-02, -1.914929111635734e-01,  3.517171637029599e-02, -4.832631417560641e-02,  7.182129950432816e-01, -2.641219149753082e-02,  4.732190296304594e-01, -6.699242660337630e-01,  4.139873142763771e-01,  2.094395102393195e+00, -8.572951685015506e-04, -1.387778780781446e-16,  0.000000000000000e+00
  1.480000000000000e+00, -3.878638557469263e-02, -1.914929111635733e-01,  3.517171637029610e-02, -4.832631417560383e-02,  7.182129950432818e-01, -2.641219149753116e-02,  4.732190296304576e-01, -6.699242660337622e-01,  4.139873142763770e-01,  2.094395102393195e+00, -8.572951685019947e-04,  2.775557561562891e-17,  0.000000000000000e+00
  1.490000000000000e+00, -3.878638557468972e-02, -1.914929111635729e-01,  3.517171637029620e-02, -4.832631417561079e-02,  7.182129950432815e-01, -2.641219149753078e-02,  4.732190296304588e-01, -6.699242660337615e-01,  4.139873142763825e-01,  2.094395102393196e+00, -8.572951685021061e-04, -1.249000902703301e-16,  0.000000000000000e+00
  1.500000000000000e+00, -3.878638557468903e-02, -1.914929111635721e-01,  3.517171637029631e-02, -4.832631417560745e-02,  7.182129950432814e-01, -2.641219149753254e-02,  4.732190296304565e-01, -6.699242660337615e-01,  4.139873142763796e-01,  2.094395102393195e+00, -8.572951685019951e-04,  9.714451465470117e-17,  0.000000000000000e+00
  1.510000000000000e+00, -3.878638557468802e-02, -1.914929111635723e-01,  3.517171637029638e-02, -4.832631417560959e-02,  7.182129950432804e-01, -2.641219149753272e-02,  4.732190296304558e-01, -6.699242660337619e-01,  4.139873142763815e-01,  2.094395102393196e+00, -8.572951685017726e-04, -1.526556658859590e-16,  0.000000000000000e+00
  1.520000000000000e+00, -3.878638557469379e-02, -1.914929111635721e-01,  3.517171637029586e-02, -4.832631417560394e-02,  7.182129950432808e-01, -2.641219149753008e-02,  4.732190296304548e-01, -6.699242660337613e-01,  4.139873142763828e-01,  2.094395102393196e+00, -8.572951685016616e-04, -4.163336342344336e-17,  0.000000000000000e+00
  1.530000000000000e+00, -3.878638557469481e-02, -1.914929111635720e-01,  3.517171637029567e-02, -4.832631417560249e-02,  7.182129950432810e-01, -2.641219149753033e-02,  4.732190296304536e-01, -6.699242660337607e-01,  4.139873142763831e-01,  2.094395102393195e+00, -8.572951685019949e-04, -1.387778780781446e-17,  0.000000000000000e+00
  1.540000000000000e+00, -3.878638557469338e-02, -1.914929111635732e-01,  3.517171637029565e-02, -4.832631417560336e-02,  7.182129950432810e-01, -2.641219149753090e-02,  4.732190296304520e-01, -6.699242660337611e-01,  4.139873142763837e-01,  2.094395102393196e+00, -8.572951685017726e-04, -1.387778780781445e-17,  0.000000000000000e+00
  1.550000000000000e+00, -3.878638557469286e-02, -1.914929111635723e-01,  3.517171637029600e-02, -4.832631417560620e-02,  7.182129950432817e-01, -2.641219149753009e-02,  4.732190296304524e-01, -6.699242660337591e-01,  4.139873142763875e-01,  2.094395102393195e+00, -8.572951685017729e-04, -1.526556658859590e-16,  0.000000000000000e+00
  1.560000000000000e+00, -3.878638557469551e-02, -1.914929111635727e-01,  3.517171637029577e-02, -4.832631417560460e-02,  7.182129950432810e-01, -2.641219149752902e-02,  4.732190296304514e-01, -6.699242660337587e-01,  4.139873142763893e-01,  2.094395102393195e+00, -8.572951685021060e-04, -1.804112415015880e-16,  0.000000000000000e+00
  1.570000000000000e+00, -3.878638557469192e-02, -1.914929111635734e-01,  3.517171637029620e-02, -4.832631417560462e-02,  7.182129950432817e-01, -2.641219149753146e-02,  4.732190296304490e-01, -6.699242660337600e-01,  4.139873142763869e-01,  2.094395102393195e+00, -8.572951685021058e-04, -1.110223024625157e-16,  0.000000000000000e+00
  1.580000000000000e+00, -3.878638557469143e-02, -1.914929111635726e-01,  3.517171637029586e-02, -4.832631417560690e-02,  7.182129950432816e-01, -2.641219149753077e-02,  4.732190296304490e-01, -6.699242660337598e-01,  4.139873142763899e-01,  2.094395102393196e+00, -8.572951685023282e-04, -1.110223024625156e-16,  0.000000000000000e+00
  1.590000000000000e+00, -3.878638557469225e-02, -1.914929111635724e-01,  3.517171637029605e-02, -4.832631417560451e-02,  7.182129950432808e-01, -2.641219149753131e-02,  4.732190296304476e-01, -6.699242660337593e-01,  4.139873142763896e-01,  2.094395102393195e+00, -8.572951685019949e-04, -6.938893903907228e-17, -5.551115123125783e-17
  1.600000000000000e+00, -3.878638557469126e-02, -1.914929111635727e-01,  3.517171637029579e-02, -4.832631417560646e-02,  7.182129950432817e-01, -2.641219149753106e-02,  4.732190296304468e-01, -6.699242660337582e-01,  4.139873142763920e-01,  2.094395102393195e+00, -8.572951685017730e-04, -2.359223927328458e-16,  0.000000000000000e+00
  1.610000000000000e+00, -3.878638557469306e-02, -1.914929111635722e-01,  3.517171637029599e-02, -4.832631417560439e-02,  7.182129950432808e-01, -2.641219149753048e-02,  4.732190296304455e-01, -6.699242660337583e-01,  4.139873142763929e-01,  2.094395102393196e+00, -8.572951685016619e-04, -2.498001805406602e-16,  0.000000000000000e+00
  1.620000000000000e+00, -3.878638557468833e-02, -1.914929111635731e-01,  3.517171637029657e-02, -4.832631417560947e-02,  7.182129950432814e-01, -2.641219149753233e-02,  4.732190296304449e-01, -6.699242660337580e-01,  4.139873142763942e-01,  2.094395102393196e+00, -8.572951685014398e-04,  5.551115123125783e-17,  5.551115123125780e-17
  1.630000000000000e+00, -3.878638557469318e-02, -1.914929111635723e-01,  3.517171637029586e-02, -4.832631417560428e-02,  7.182129950432810e-01, -2.641219149753040e-02,  4.732190296304432e-01, -6.699242660337571e-01,  4.139873142763954e-01,  2.094395102393195e+00, -8.572951685019949e-04,  1.387778780781446e-17,  0.000000000000000e+00
  1.640000000000000e+00, -3.878638557469652e-02, -1.914929111635725e-01,  3.517171637029571e-02, -4.832631417560315e-02,  7.182129950432811e-01, -2.641219149752875e-02,  4.732190296304432e-01, -6.699242660337568e-01,  4.139873142763982e-01,  2.094395102393195e+00, -8.572951685019949e-04, -1.804112415015880e-16,  0.000000000000000e+00
  1.650000000000000e+00, -3.878638557469365e-02, -1.914929111635731e-01,  3.517171637029608e-02, -4.832631417560374e-02,  7.182129950432818e-01, -2.641219149753062e-02,  4.732190296304413e-01, -6.699242660337568e-01,  4.139873142763972e-01,  2.094395102393195e+00, -8.572951685019949e-04,  5.551115123125781e-17,  0.000000000000000e+00
  1.660000000000000e+00, -3.878638557468931e-02, -1.914929111635720e-01,  3.517171637029642e-02, -4.832631417560942e-02,  7.182129950432813e-01, -2.641219149753130e-02,  4.732190296304413e-01, -6.699242660337560e-01,  4.139873142764002e-01,  2.094395102393196e+00, -8.572951685018839e-04,  8.326672684688674e-17,  0.000000000000000e+00
  1.670000000000000e+00, -3.878638557468960e-02, -1.914929111635721e-01,  3.517171637029614e-02, -4.832631417560678e-02,  7.182129950432817e-01, -2.641219149753206e-02,  4.732190296304395e-01, -6.699242660337562e-01,  4.139873142763987e-01,  2.094395102393195e+00, -8.572951685021060e-04,  5.551115123125783e-17,  0.000000000000000e+00
  1.680000000000000e+00, -3.878638557469313e-02, -1.914929111635732e-01,  3.517171637029590e-02, -4.832631417560588e-02,  7.182129950432817e-01, -2.641219149753034e-02,  4.732190296304390e-01, -6.699242660337557e-01,  4.139873142764019e-01,  2.094395102393196e+00, -8.572951685018839e-04, -2.220446049250314e-16,  0.000000000000000e+00
  1.690000000000000e+00, -3.878638557469102e-02, -1.914929111635726e-01,  3.517171637029629e-02, -4.832631417560779e-02,  7.182129950432807e-01, -2.641219149753087e-02,  4.732190296304382e-01, -6.699242660337554e-01,  4.139873142764035e-01,  2.094395102393195e+00, -8.572951685019949e-04,  5.551115123125781e-17,  0.000000000000000e+00
  1.700000000000000e+00, -3.878638557469258e-02, -1.914929111635723e-01,  3.517171637029579e-02, -4.832631417560578e-02,  7.182129950432817e-01, -2.641219149753027e-02,  4.732190296304375e-01, -6.699242660337549e-01,  4.139873142764048e-01,  2.094395102393195e+00, -8.572951685018839e-04,  1.387778780781446e-17,  0.000000000000000e+00
  1.710000000000000e+00, -3.878638557469066e-02, -1.914929111635727e-01,  3.517171637029621e-02, -4.832631417560655e-02,  7.182129950432815e-01, -2.641219149753171e-02,  4.732190296304358e-01, -6.699242660337548e-01,  4.139873142764044e-01,  2.094395102393196e+00, -8.572951685014394e-04, -1.665334536937735e-16,  0.000000000000000e+00
  1.720000000000000e+00, -3.878638557469013e-02, -1.914929111635719e-01,  3.517171637029620e-02, -4.832631417560895e-02,  7.182129950432806e-01, -2.641219149753102e-02,  4.732190296304354e-01, -6.699242660337548e-01,  4.139873142764075e-01,  2.094395102393195e+00, -8.572951685015506e-04, -4.163336342344337e-17, -2.775557561562892e-17
  1.730000000000000e+00, -3.878638557469136e-02, -1.914929111635717e-01,  3.517171637029588e-02, -4.832631417560654e-02,  7.182129950432807e-01, -2.641219149753124e-02,  4.732190296304339e-01, -6.699242660337539e-01,  4.139873142764070e-01,  2.094395102393195e+00, -8.572951685016619e-04,  0.000000000000000e+00,  2.775557561562890e-17
  1.740000000000000e+00, -3.878638557469361e-02, -1.914929111635722e-01,  3.517171637029587e-02, -4.832631417560484e-02,  7.182129950432808e-01, -2.641219149752994e-02,  4.732190296304331e-01, -6.699242660337533e-01,  4.139873142764094e-01,  2.094395102393195e+00, -8.572951685015508e-04,  0.000000000000000e+00, -2.775557561562892e-17
  1.750000000000000e+00, -3.878638557469111e-02, -1.914929111635726e-01,  3.517171637029640e-02, -4.832631417560588e-02,  7.182129950432817e-01, -2.641219149753131e-02,  4.732190296304309e-01, -6.699242660337535e-01,  4.139873142764090e-01,  2.094395102393195e+00, -8.572951685016619e-04, -1.804112415015879e-16, -2.775557561562891e-17
  1.760000000000000e+00, -3.878638557468982e-02, -1.914929111635728e-01,  3.517171637029651e-02, -4.832631417560804e-02,  7.182129950432815e-01, -2.641219149753183e-02,  4.732190296304308e-01, -6.699242660337528e-01,  4.139873142764109e-01,  2.094395102393195e+00, -8.572951685018839e-04, -4.163336342344337e-17,  0.000000000000000e+00
  1.770000000000000e+00, -3.878638557469431e-02, -1.914929111635729e-01,  3.517171637029576e-02, -4.832631417560165e-02,  7.182129950432811e-01, -2.641219149753085e-02,  4.732190296304292e-01, -6.699242660337532e-01,  4.139873142764102e-01,  2.094395102393195e+00, -8.572951685018839e-04, -4.163336342344336e-17,  0.000000000000000e+00
  1.780000000000000e+00, -3.878638557469422e-02, -1.914929111635721e-01,  3.517171637029587e-02, -4.832631417560437e-02,  7.182129950432808e-01, -2.641219149752986e-02,  4.732190296304289e-01, -6.699242660337523e-01,  4.139873142764137e-01,  2.094395102393195e+00, -8.572951685017730e-04, -5.551115123125783e-17, -2.775557561562891e-17
  1.790000000000000e+00, -3.878638557468859e-02, -1.914929111635722e-01,  3.517171637029643e-02, -4.832631417560913e-02,  7.182129950432804e-01, -2.641219149753228e-02,  4.732190296304281e-01, -6.699242660337518e-01,  4.139873142764144e-01,  2.094395102393195e+00, -8.572951685015506e-04, -4.163336342344337e-17, -2.775557561562891e-17
  1.800000000000000e+00, -3.878638557469063e-02, -1.914929111635727e-01,  3.517171637029627e-02, -4.832631417560722e-02,  7.182129950432807e-01, -2.641219149753142e-02,  4.732190296304263e-01, -6.699242660337517e-01,  4.139873142764154e-01,  2.094395102393195e+00, -8.572951685013287e-04, -1.387778780781446e-17,  0.000000000000000e+00
  1.810000000000000e+00, -3.878638557469644e-02, -1.914929111635726e-01,  3.517171637029555e-02, -4.832631417560168e-02,  7.182129950432812e-01, -2.641219149752951e-02,  4.732190296304256e-01, -6.699242660337519e-01,  4.139873142764166e-01,  2.094395102393196e+00, -8.572951685012176e-04, -1.526556658859590e-16,  0.000000000000000e+00
  1.820000000000000e+00, -3.878638557469009e-02, -1.914929111635729e-01,  3.517171637029617e-02, -4.832631417560575e-02,  7.182129950432807e-01, -2.641219149753258e-02,  4.732190296304241e-01, -6.699242660337517e-01,  4.139873142764160e-01,  2.094395102393195e+00, -8.572951685018840e-04, -1.665334536937735e-16,  2.775557561562891e-17
  1.830000000000000e+00, -3.878638557469252e-02, -1.914929111635723e-01,  3.517171637029640e-02, -4.832631417560463e-02,  7.182129950432817e-01, -2.641219149753131e-02,  4.732190296304233e-01, -6.699242660337512e-01,  4.139873142764181e-01,  2.094395102393195e+00, -8.572951685015506e-04,  6.938893903907228e-17,  2.775557561562891e-17
  1.840000000000000e+00, -3.878638557469136e-02, -1.914929111635726e-01,  3.517171637029600e-02, -4.832631417560601e-02,  7.182129950432816e-01, -2.641219149753098e-02,  4.732190296304224e-01, -6.699242660337499e-01,  4.139873142764204e-01,  2.094395102393195e+00, -8.572951685017726e-04, -1.526556658859590e-16, -2.775557561562891e-17
  1.850000000000000e+00, -3.878638557469644e-02, -1.914929111635725e-01,  3.517171637029561e-02, -4.832631417560111e-02,  7.182129950432812e-01, -2.641219149752947e-02,  4.732190296304212e-01, -6.699242660337507e-01,  4.139873142764212e-01,  2.094395102393195e+00, -8.572951685018840e-04, -2.081668171172168e-16, -2.775557561562891e-17
  1.860000000000000e+00, -3.878638557469240e-02, -1.914929111635724e-01,  3.517171637029626e-02, -4.832631417560690e-02,  7.182129950432817e-01, -2.641219149753016e-02,  4.732190296304208e-01, -6.699242660337493e-01,  4.139873142764242e-01,  2.094395102393196e+00, -8.572951685022171e-04, -1.665334536937735e-16,  0.000000000000000e+00
  1.870000000000000e+00, -3.878638557469251e-02, -1.914929111635724e-01,  3.517171637029566e-02, -4.832631417560392e-02,  7.182129950432810e-01, -2.641219149753086e-02,  4.732190296304189e-01, -6.699242660337497e-01,  4.139873142764230e-01,  2.094395102393195e+00, -8.572951685021061e-04, -1.249000902703301e-16,  2.775557561562891e-17
  1.880000000000000e+00, -3.878638557469140e-02, -1.914929111635726e-01,  3.517171637029613e-02, -4.832631417560680e-02,  7.182129950432817e-01, -2.641219149753113e-02,  4.732190296304182e-01, -6.699242660337492e-01,  4.139873142764255e-01,  2.094395102393196e+00, -8.572951685018840e-04, -5.551115123125783e-17,  0.000000000000000e+00
  1.890000000000000e+00, -3.878638557469604e-02, -1.914929111635727e-01,  3.517171637029523e-02, -4.832631417560095e-02,  7.182129950432812e-01, -2.641219149752928e-02,  4.732190296304170e-01, -6.699242660337488e-01,  4.139873142764259e-01,  2.094395102393195e+00, -8.572951685023281e-04, -5.551115123125783e-17,  0.000000000000000e+00
  1.900000000000000e+00, -3.878638557469184e-02, -1.914929111635734e-01,  3.517171637029605e-02, -4.832631417560666e-02,  7.182129950432815e-01, -2.641219149753059e-02,  4.732190296304163e-01, -6.699242660337482e-01,  4.139873142764286e-01,  2.094395102393195e+00, -8.572951685018835e-04, -6.938893903907227e-17,  2.775557561562890e-17
  1.910000000000000e+00, -3.878638557469018e-02, -1.914929111635719e-01,  3.517171637029620e-02, -4.832631417560833e-02,  7.182129950432806e-01, -2.641219149753130e-02,  4.732190296304156e-01, -6.699242660337476e-01,  4.139873142764294e-01,  2.094395102393196e+00, -8.572951685022171e-04, -8.326672684688673e-17,  0.000000000000000e+00
  1.920000000000000e+00, -3.878638557468691e-02, -1.914929111635716e-01,  3.517171637029646e-02, -4.832631417560947e-02,  7.182129950432805e-01, -2.641219149753336e-02,  4.732190296304140e-01, -6.699242660337478e-01,  4.139873142764288e-01,  2.094395102393195e+00, -8.572951685021058e-04, -1.387778780781446e-17,  0.000000000000000e+00
  1.930000000000000e+00, -3.878638557468933e-02, -1.914929111635721e-01,  3.517171637029617e-02, -4.832631417560756e-02,  7.182129950432805e-01, -2.641219149753247e-02,  4.732190296304128e-01, -6.699242660337476e-01,  4.139873142764302e-01,  2.094395102393195e+00, -8.572951685024389e-04, -1.110223024625157e-16,  0.000000000000000e+00
  1.940000000000000e+00, -3.878638557468700e-02, -1.914929111635734e-01,  3.517171637029642e-02, -4.832631417560893e-02,  7.182129950432815e-01, -2.641219149753300e-02,  4.732190296304114e-01, -6.699242660337472e-01,  4.139873142764313e-01,  2.094395102393196e+00, -8.572951685023281e-04, -1.387778780781446e-17,  0.000000000000000e+00
  1.950000000000000e+00, -3.878638557469266e-02, -1.914929111635733e-01,  3.517171637029588e-02, -4.832631417560394e-02,  7.182129950432818e-01, -2.641219149753120e-02,  4.732190296304102e-01, -6.699242660337469e-01,  4.139873142764324e-01,  2.094395102393195e+00, -8.572951685021058e-04, -5.551115123125783e-17, -2.775557561562891e-17
  1.960000000000000e+00, -3.878638557469662e-02, -1.914929111635725e-01,  3.517171637029572e-02, -4.832631417560348e-02,  7.182129950432810e-01, -2.641219149752859e-02,  4.732190296304107e-01, -6.699242660337456e-01,  4.139873142764370e-01,  2.094395102393195e+00, -8.572951685023279e-04, -4.163336342344337e-17,  0.000000000000000e+00
  1.970000000000000e+00, -3.878638557469638e-02, -1.914929111635725e-01,  3.517171637029573e-02, -4.832631417560061e-02,  7.182129950432803e-01, -2.641219149752996e-02,  4.732190296304083e-01, -6.699242660337460e-01,  4.139873142764351e-01,  2.094395102393195e+00, -8.572951685019949e-04, -4.163336342344338e-17,  0.000000000000000e+00
  1.980000000000000e+00, -3.878638557469184e-02, -1.914929111635724e-01,  3.517171637029624e-02, -4.832631417560597e-02,  7.182129950432806e-01, -2.641219149753134e-02,  4.732190296304079e-01, -6.699242660337460e-01,  4.139873142764371e-01,  2.094395102393195e+00, -8.572951685019949e-04, -2.775557561562891e-17, -2.775557561562891e-17
  1.990000000000000e+00, -3.878638557469372e-02, -1.914929111635721e-01,  3.517171637029589e-02, -4.832631417560485e-02,  7.182129950432808e-01, -2.641219149753001e-02,  4.732190296304075e-01, -6.699242660337460e-01,  4.139873142764398e-01,  2.094395102393196e+00, -8.572951685025501e-04,  2.775557561562891e-17,  2.775557561562891e-17
  2.000000000000000e+00, -3.878638557469519e-02, -1.914929111635728e-01,  3.517171637029572e-02, -4.832631417560211e-02,  7.182129950432811e-01, -2.641219149752995e-02,  4.732190296304053e-01, -6.699242660337448e-01,  4.139873142764392e-01,  2.094395102393195e+00, -8.572951685024392e-04,  2.775557561562892e-17,  0.000000000000000e+00
  2.010000000000000e+00, -3.878638557469132e-02, -1.914929111635726e-01,  3.517171637029606e-02, -4.832631417560813e-02,  7.182129950432807e-01, -2.641219149753084e-02,  4.732190296304053e-01, -6.699242660337442e-01,  4.139873142764428e-01,  2.094395102393196e+00, -8.572951685024391e-04, -9.714451465470120e-17,  0.000000000000000e+00
  2.020000000000000e+00, -3.878638557469560e-02, -1.914929111635727e-01,  3.517171637029590e-02, -4.832631417560246e-02,  7.182129950432810e-01, -2.641219149752982e-02,  4.732190296304034e-01, -6.699242660337442e-01,  4.139873142764429e-01,  2.094395102393195e+00, -8.572951685026611e-04, -6.938893903907228e-17,  2.775557561562891e-17
  2.030000000000000e+00, -3.878638557469349e-02, -1.914929111635722e-01,  3.517171637029576e-02, -4.832631417560395e-02,  7.182129950432818e-01, -2.641219149753036e-02,  4.732190296304027e-01, -6.699242660337434e-01,  4.139873142764438e-01,  2.094395102393195e+00, -8.572951685022171e-04,  0.000000000000000e+00, -2.775557561562892e-17
  2.040000000000000e+00, -3.878638557469555e-02, -1.914929111635727e-01,  3.517171637029573e-02, -4.832631417560233e-02,  7.182129950432812e-01, -2.641219149752970e-02,  4.732190296304015e-01, -6.699242660337439e-01,  4.139873142764447e-01,  2.094395102393196e+00, -8.572951685024391e-04, -4.163336342344336e-17, -2.775557561562891e-17
  2.050000000000000e+00, -3.878638557469057e-02, -1.914929111635727e-01,  3.517171637029633e-02, -4.832631417560745e-02,  7.182129950432815e-01, -2.641219149753131e-02,  4.732190296304009e-01, -6.699242660337432e-01,  4.139873142764463e-01,  2.094395102393196e+00, -8.572951685026611e-04, -1.387778780781446e-17, -2.775557561562891e-17
  2.060000000000000e+00, -3.878638557469228e-02, -1.914929111635733e-01,  3.517171637029614e-02, -4.832631417560568e-02,  7.182129950432818e-01, -2.641219149753061e-02,  4.732190296303996e-01, -6.699242660337431e-01,  4.139873142764481e-01,  2.094395102393196e+00, -8.572951685028833e-04, -2.775557561562891e-17,  2.775557561562891e-17
  2.070000000000000e+00, -3.878638557469012e-02, -1.914929111635719e-01,  3.517171637029633e-02, -4.832631417560677e-02,  7.182129950432806e-01, -2.641219149753188e-02,  4.732190296303984e-01, -6.699242660337427e-01,  4.139873142764477e-01,  2.094395102393195e+00, -8.572951685031053e-04, -5.551115123125783e-17,  0.000000000000000e+00
  2.080000000000000e+00, -3.878638557469193e-02, -1.914929111635716e-01,  3.517171637029583e-02, -4.832631417560507e-02,  7.182129950432807e-01, -2.641219149753114e-02,  4.732190296303974e-01, -6.699242660337423e-01,  4.139873142764491e-01,  2.094395102393195e+00, -8.572951685027721e-04, -5.551115123125781e-17,  0.000000000000000e+00
  2.090000000000000e+00, -3.878638557469030e-02, -1.914929111635728e-01,  3.517171637029631e-02, -4.832631417560641e-02,  7.182129950432806e-01, -2.641219149753194e-02,  4.732190296303963e-01, -6.699242660337418e-01,  4.139873142764501e-01,  2.094395102393195e+00, -8.572951685027723e-04, -6.938893903907230e-17, -2.775557561562892e-17
  2.100000000000000e+00, -3.878638557469326e-02, -1.914929111635722e-01,  3.517171637029607e-02, -4.832631417560539e-02,  7.182129950432808e-01, -2.641219149752997e-02,  4.732190296303956e-01, -6.699242660337412e-01,  4.139873142764534e-01,  2.094395102393195e+00, -8.572951685032164e-04, -5.551115123125784e-17,  0.000000000000000e+00
  2.110000000000000e+00, -3.878638557468968e-02, -1.914929111635729e-01,  3.517171637029617e-02, -4.832631417560599e-02,  7.182129950432816e-01, -2.641219149753231e-02,  4.732190296303937e-01, -6.699242660337412e-01,  4.139873142764519e-01,  2.094395102393195e+00, -8.572951685029943e-04, -6.938893903907228e-17,  0.000000000000000e+00
  2.120000000000000e+00, -3.878638557468922e-02, -1.914929111635730e-01,  3.517171637029631e-02, -4.832631417560858e-02,  7.182129950432815e-01, -2.641219149753156e-02,  4.732190296303935e-01, -6.699242660337410e-01,  4.139873142764551e-01,  2.094395102393195e+00, -8.572951685031051e-04, -1.387778780781445e-17, -2.775557561562891e-17
  2.130000000000000e+00, -3.878638557469164e-02, -1.914929111635725e-01,  3.517171637029620e-02, -4.832631417560701e-02,  7.182129950432806e-01, -2.641219149753088e-02,  4.732190296303924e-01, -6.699242660337401e-01,  4.139873142764569e-01,  2.094395102393195e+00, -8.572951685032165e-04, -2.775557561562892e-17,  2.775557561562891e-17
  2.140000000000000e+00, -3.878638557469018e-02, -1.914929111635728e-01,  3.517171637029649e-02, -4.832631417560847e-02,  7.182129950432806e-01, -2.641219149753155e-02,  4.732190296303909e-01, -6.699242660337400e-01,  4.139873142764577e-01,  2.094395102393196e+00, -8.572951685029941e-04,  2.775557561562891e-17,  0.000000000000000e+00
  2.150000000000000e+00, -3.878638557468740e-02, -1.914929111635724e-01,  3.517171637029635e-02, -4.832631417560952e-02,  7.182129950432813e-01, -2.641219149753317e-02,  4.732190296303899e-01, -6.699242660337397e-01,  4.139873142764576e-01,  2.094395102393195e+00, -8.572951685028833e-04,  4.163336342344337e-17,  0.000000000000000e+00
  2.160000000000000e+00, -3.878638557469404e-02, -1.914929111635729e-01,  3.517171637029594e-02, -4.832631417560494e-02,  7.182129950432810e-01, -2.641219149752997e-02,  4.732190296303895e-01, -6.699242660337393e-01,  4.139873142764602e-01,  2.094395102393195e+00, -8.572951685028833e-04,  0.000000000000000e+00,  0.000000000000000e+00
  2.170000000000000e+00, -3.878638557468835e-02, -1.914929111635722e-01,  3.517171637029651e-02, -4.832631417560997e-02,  7.182129950432813e-01, -2.641219149753222e-02,  4.732190296303886e-01, -6.699242660337387e-01,  4.139873142764609e-01,  2.094395102393195e+00, -8.572951685028831e-04,  4.163336342344337e-17, -2.775557561562891e-17
  2.180000000000000e+00, -3.878638557469307e-02, -1.914929111635723e-01,  3.517171637029598e-02, -4.832631417560393e-02,  7.182129950432810e-01, -2.641219149753083e-02,  4.732190296303870e-01, -6.699242660337388e-01,  4.139873142764611e-01,  2.094395102393196e+00, -8.572951685027721e-04,  5.551115123125783e-17, -2.775557561562891e-17
  2.190000000000000e+00, -3.878638557469508e-02, -1.914929111635728e-01,  3.517171637029579e-02, -4.832631417560202e-02,  7.182129950432821e-01, -2.641219149753014e-02,  4.732190296303861e-01, -6.699242660337384e-01,  4.139873142764622e-01,  2.094395102393196e+00, -8.572951685029944e-04, -1.249000902703301e-16,  0.000000000000000e+00
  2.200000000000000e+00, -3.878638557469162e-02, -1.914929111635725e-01,  3.517171637029633e-02, -4.832631417560824e-02,  7.182129950432806e-01, -2.641219149753030e-02,  4.732190296303862e-01, -6.699242660337380e-01,  4.139873142764658e-01,  2.094395102393196e+00, -8.572951685028833e-04,  2.775557561562891e-17,  0.000000000000000e+00
  2.210000000000000e+00, -3.878638557469580e-02, -1.914929111635726e-01,  3.517171637029576e-02, -4.832631417560244e-02,  7.182129950432811e-01, -2.641219149752947e-02,  4.732190296303847e-01, -6.699242660337378e-01,  4.139873142764651e-01,  2.094395102393195e+00, -8.572951685032162e-04, -2.220446049250313e-16,  0.000000000000000e+00
  2.220000000000000e+00, -3.878638557469446e-02, -1.914929111635720e-01,  3.517171637029567e-02, -4.832631417560391e-02,  7.182129950432801e-01, -2.641219149752991e-02,  4.732190296303836e-01, -6.699242660337377e-01,  4.139873142764662e-01,  2.094395102393195e+00, -8.572951685028831e-04, -5.551115123125781e-17,  2.775557561562890e-17
  2.230000000000000e+00, -3.878638557469679e-02, -1.914929111635724e-01,  3.517171637029563e-02, -4.832631417560246e-02,  7.182129950432812e-01, -2.641219149752881e-02,  4.732190296303830e-01, -6.699242660337368e-01,  4.139873142764683e-01,  2.094395102393196e+00, -8.572951685029943e-04, -8.326672684688673e-17,  0.000000000000000e+00
  2.240000000000000e+00, -3.878638557469617e-02, -1.914929111635726e-01,  3.517171637029564e-02, -4.832631417559940e-02,  7.182129950432813e-01, -2.641219149753046e-02,  4.732190296303810e-01, -6.699242660337378e-01,  4.139873142764658e-01,  2.094395102393196e+00, -8.572951685026611e-04, -8.326672684688674e-17,  0.000000000000000e+00
  2.250000000000000e+00, -3.878638557468825e-02, -1.914929111635722e-01,  3.517171637029642e-02, -4.832631417560870e-02,  7.182129950432806e-01, -2.641219149753273e-02,  4.732190296303807e-01, -6.699242660337369e-01,  4.139873142764688e-01,  2.094395102393195e+00, -8.572951685029948e-04, -8.326672684688674e-17, -2.775557561562891e-17
  2.260000000000000e+00, -3.878638557469039e-02, -1.914929111635727e-01,  3.517171637029624e-02, -4.832631417560737e-02,  7.182129950432816e-01, -2.641219149753156e-02,  4.732190296303796e-01, -6.699242660337361e-01,  4.139873142764702e-01,  2.094395102393195e+00, -8.572951685028831e-04, -1.387778780781446e-16,  0.000000000000000e+00
  2.270000000000000e+00, -3.878638557469227e-02, -1.914929111635733e-01,  3.517171637029598e-02, -4.832631417560519e-02,  7.182129950432817e-01, -2.641219149753106e-02,  4.732190296303787e-01, -6.699242660337360e-01,  4.139873142764710e-01,  2.094395102393195e+00, -8.572951685028831e-04,  1.387778780781446e-16, -2.775557561562891e-17
  2.280000000000000e+00, -3.878638557468997e-02, -1.914929111635728e-01,  3.517171637029627e-02, -4.832631417560634e-02,  7.182129950432816e-01, -2.641219149753238e-02,  4.732190296303773e-01, -6.699242660337354e-01,  4.139873142764706e-01,  2.094395102393195e+00, -8.572951685029943e-04, -2.081668171172169e-16, -2.775557561562891e-17
  2.290000000000000e+00, -3.878638557469163e-02, -1.914929111635734e-01,  3.517171637029629e-02, -4.832631417560451e-02,  7.182129950432817e-01, -2.641219149753162e-02,  4.732190296303769e-01, -6.699242660337359e-01,  4.139873142764725e-01,  2.094395102393195e+00, -8.572951685032164e-04, -2.775557561562891e-17,  2.775557561562891e-17
  2.300000000000000e+00, -3.878638557469118e-02, -1.914929111635726e-01,  3.517171637029622e-02, -4.832631417560726e-02,  7.182129950432816e-01, -2.641219149753113e-02,  4.732190296303764e-01, -6.699242660337348e-01,  4.139873142764747e-01,  2.094395102393195e+00, -8.572951685027721e-04, -2.775557561562891e-17,  0.000000000000000e+00
  2.310000000000000e+00, -3.878638557469304e-02, -1.914929111635722e-01,  3.517171637029630e-02, -4.832631417560575e-02,  7.182129950432807e-01, -2.641219149753028e-02,  4.732190296303757e-01, -6.699242660337343e-01,  4.139873142764766e-01,  2.094395102393196e+00, -8.572951685032162e-04, -1.387778780781446e-17,  2.775557561562891e-17
  2.320000000000000e+00, -3.878638557469443e-02, -1.914929111635730e-01,  3.517171637029566e-02, -4.832631417560402e-02,  7.182129950432810e-01, -2.641219149752974e-02,  4.732190296303748e-01, -6.699242660337343e-01,  4.139873142764777e-01,  2.094395102393196e+00, -8.572951685028834e-04,  0.000000000000000e+00, -2.775557561562891e-17
  2.330000000000000e+00, -3.878638557469208e-02, -1.914929111635725e-01,  3.517171637029595e-02, -4.832631417560528e-02,  7.182129950432808e-01, -2.641219149753089e-02,  4.732190296303738e-01, -6.699242660337343e-01,  4.139873142764773e-01,  2.094395102393195e+00, -8.572951685026609e-04, -6.938893903907227e-17,  0.000000000000000e+00
  2.340000000000000e+00, -3.878638557469071e-02, -1.914929111635727e-01,  3.517171637029626e-02, -4.832631417560712e-02,  7.182129950432816e-01, -2.641219149753150e-02,  4.732190296303730e-01, -6.699242660337333e-01,  4.139873142764783e-01,  2.094395102393196e+00, -8.572951685023281e-04, -4.163336342344337e-17,  0.000000000000000e+00
  2.350000000000000e+00, -3.878638557469287e-02, -1.914929111635723e-01,  3.517171637029579e-02, -4.832631417560586e-02,  7.182129950432807e-01, -2.641219149752983e-02,  4.732190296303728e-01, -6.699242660337340e-01,  4.139873142764807e-01,  2.094395102393196e+00, -8.572951685026609e-04, -2.775557561562891e-17, -2.775557561562891e-17
  2.360000000000000e+00, -3.878638557468729e-02, -1.914929111635724e-01,  3.517171637029658e-02, -4.832631417561027e-02,  7.182129950432803e-01, -2.641219149753325e-02,  4.732190296303714e-01, -6.699242660337335e-01,  4.139873142764798e-01,  2.094395102393196e+00, -8.572951685025501e-04, -1.387778780781446e-17,  0.000000000000000e+00
  2.370000000000000e+00, -3.878638557468925e-02, -1.914929111635721e-01,  3.517171637029629e-02, -4.832631417560846e-02,  7.182129950432806e-01, -2.641219149753199e-02,  4.732190296303704e-01, -6.699242660337329e-01,  4.139873142764811e-01,  2.094395102393195e+00, -8.572951685027723e-04, -2.775557561562892e-17,  0.000000000000000e+00
  2.380000000000000e+00, -3.878638557468815e-02, -1.914929111635714e-01,  3.517171637029618e-02, -4.832631417561075e-02,  7.182129950432805e-01, -2.641219149753171e-02,  4.732190296303705e-01, -6.699242660337325e-01,  4.139873142764840e-01,  2.094395102393195e+00, -8.572951685024389e-04,  0.000000000000000e+00,  2.775557561562890e-17
  2.390000000000000e+00, -3.878638557469342e-02, -1.914929111635731e-01,  3.517171637029595e-02, -4.832631417560474e-02,  7.182129950432818e-01, -2.641219149753014e-02,  4.732190296303690e-01, -6.699242660337323e-01,  4.139873142764839e-01,  2.094395102393196e+00, -8.572951685026611e-04,  1.387778780781445e-17, -2.775557561562891e-17
  2.400000000000000e+00, -3.878638557469253e-02, -1.914929111635724e-01,  3.517171637029603e-02, -4.832631417560667e-02,  7.182129950432816e-01, -2.641219149753034e-02,  4.732190296303681e-01, -6.699242660337323e-01,  4.139873142764852e-01,  2.094395102393196e+00, -8.572951685027724e-04,  4.163336342344337e-17,  2.775557561562891e-17
  2.410000000000000e+00, -3.878638557469429e-02, -1.914929111635729e-01,  3.517171637029599e-02, -4.832631417560429e-02,  7.182129950432818e-01, -2.641219149752968e-02,  4.732190296303674e-01, -6.699242660337316e-01,  4.139873142764862e-01,  2.094395102393196e+00, -8.572951685029943e-04, -1.110223024625156e-16, -2.775557561562891e-17
  2.420000000000000e+00, -3.878638557469644e-02, -1.914929111635726e-01,  3.517171637029554e-02, -4.832631417560299e-02,  7.182129950432811e-01, -2.641219149752898e-02,  4.732190296303669e-01, -6.699242660337308e-01,  4.139873142764873e-01,  2.094395102393195e+00, -8.572951685024392e-04, -5.551115123125783e-17,  0.000000000000000e+00
  2.430000000000000e+00, -3.878638557469850e-02, -1.914929111635731e-01,  3.517171637029549e-02, -4.832631417560088e-02,  7.182129950432812e-01, -2.641219149752839e-02,  4.732190296303662e-01, -6.699242660337316e-01,  4.139873142764882e-01,  2.094395102393196e+00, -8.572951685027721e-04, -9.714451465470120e-17, -2.775557561562891e-17
  2.440000000000000e+00, -3.878638557469204e-02, -1.914929111635724e-01,  3.517171637029593e-02, -4.832631417560566e-02,  7.182129950432818e-01, -2.641219149753087e-02,  4.732190296303652e-01, -6.699242660337315e-01,  4.139873142764878e-01,  2.094395102393196e+00, -8.572951685029941e-04, -2.775557561562891e-17,  0.000000000000000e+00
  2.450000000000000e+00, -3.878638557469082e-02, -1.914929111635726e-01,  3.517171637029633e-02, -4.832631417560777e-02,  7.182129950432815e-01, -2.641219149753129e-02,  4.732190296303646e-01, -6.699242660337311e-01,  4.139873142764893e-01,  2.094395102393196e+00, -8.572951685024391e-04, -1.387778780781446e-17, -2.775557561562891e-17
  2.460000000000000e+00, -3.878638557469260e-02, -1.914929111635723e-01,  3.517171637029598e-02, -4.832631417560610e-02,  7.182129950432808e-01, -2.641219149753047e-02,  4.732190296303641e-01, -6.699242660337306e-01,  4.139873142764906e-01,  2.094395102393195e+00, -8.572951685029943e-04, -1.387778780781446e-17,  0.000000000000000e+00
  2.470000000000000e+00, -3.878638557468794e-02, -1.914929111635723e-01,  3.517171637029649e-02, -4.832631417561140e-02,  7.182129950432804e-01, -2.641219149753181e-02,  4.732190296303631e-01, -6.699242660337307e-01,  4.139873142764922e-01,  2.094395102393196e+00, -8.572951685026611e-04,  0.000000000000000e+00, -2.775557561562890e-17
  2.480000000000000e+00, -3.878638557469247e-02, -1.914929111635724e-01,  3.517171637029574e-02, -4.832631417560551e-02,  7.182129950432808e-01, -2.641219149753048e-02,  4.732190296303622e-01, -6.699242660337299e-01,  4.139873142764920e-01,  2.094395102393196e+00, -8.572951685027721e-04, -5.551115123125783e-17, -2.775557561562892e-17
  2.490000000000000e+00, -3.878638557469080e-02, -1.914929111635726e-01,  3.517171637029647e-02, -4.832631417560754e-02,  7.182129950432805e-01, -2.641219149753155e-02,  4.732190296303617e-01, -6.699242660337300e-01,  4.139873142764927e-01,  2.094395102393195e+00, -8.572951685025501e-04, -2.775557561562891e-17,  2.775557561562891e-17
  2.500000000000000e+00, -3.878638557469577e-02, -1.914929111635727e-01,  3.517171637029563e-02, -4.832631417560208e-02,  7.182129950432811e-01, -2.641219149752936e-02,  4.732190296303608e-01, -6.699242660337300e-01,  4.139873142764935e-01,  2.094395102393195e+00, -8.572951685026609e-04, -9.714451465470117e-17,  0.000000000000000e+00
  2.510000000000000e+00, -3.878638557469560e-02, -1.914929111635717e-01,  3.517171637029592e-02, -4.832631417560462e-02,  7.182129950432810e-01, -2.641219149752859e-02,  4.732190296303601e-01, -6.699242660337292e-01,  4.139873142764964e-01,  2.094395102393194e+00, -8.572951685024391e-04, -1.110223024625157e-16, -2.775557561562891e-17
  2.520000000000000e+00, -3.878638557469273e-02, -1.914929111635723e-01,  3.517171637029621e-02, -4.832631417560586e-02,  7.182129950432807e-01, -2.641219149753040e-02,  4.732190296303591e-01, -6.699242660337297e-01,  4.139873142764959e-01,  2.094395102393196e+00, -8.572951685026611e-04, -5.551115123125783e-17,  2.775557561562892e-17
  2.530000000000000e+00, -3.878638557469409e-02, -1.914929111635730e-01,  3.517171637029590e-02, -4.832631417560336e-02,  7.182129950432810e-01, -2.641219149753057e-02,  4.732190296303581e-01, -6.699242660337296e-01,  4.139873142764954e-01,  2.094395102393196e+00, -8.572951685025497e-04, -8.326672684688674e-17,  2.775557561562891e-17
  2.540000000000000e+00, -3.878638557468853e-02, -1.914929111635722e-01,  3.517171637029643e-02, -4.832631417560930e-02,  7.182129950432813e-01, -2.641219149753217e-02,  4.732190296303574e-01, -6.699242660337286e-01,  4.139873142764969e-01,  2.094395102393195e+00, -8.572951685027723e-04, -8.326672684688673e-17,  0.000000000000000e+00
  2.550000000000000e+00, -3.878638557469240e-02, -1.914929111635733e-01,  3.517171637029626e-02, -4.832631417560317e-02,  7.182129950432820e-01, -2.641219149753160e-02,  4.732190296303561e-01, -6.699242660337288e-01,  4.139873142764954e-01,  2.094395102393195e+00, -8.572951685027721e-04, -1.249000902703301e-16,  0.000000000000000e+00
  2.560000000000000e+00, -3.878638557469269e-02, -1.914929111635723e-01,  3.517171637029579e-02, -4.832631417560586e-02,  7.182129950432808e-01, -2.641219149753023e-02,  4.732190296303563e-01, -6.699242660337283e-01,  4.139873142764992e-01,  2.094395102393196e+00, -8.572951685026609e-04, -8.326672684688673e-17, -2.775557561562891e-17
  2.570000000000000e+00, -3.878638557468911e-02, -1.914929111635729e-01,  3.517171637029644e-02, -4.832631417560646e-02,  7.182129950432817e-01, -2.641219149753265e-02,  4.732190296303544e-01, -6.699242660337287e-01,  4.139873142764973e-01,  2.094395102393195e+00, -8.572951685027721e-04, -8.326672684688674e-17,  0.000000000000000e+00
  2.580000000000000e+00, -3.878638557469122e-02, -1.914929111635726e-01,  3.517171637029607e-02, -4.832631417560487e-02,  7.182129950432817e-01, -2.641219149753180e-02,  4.732190296303541e-01, -6.699242660337278e-01,  4.139873142764983e-01,  2.094395102393195e+00, -8.572951685028835e-04, -2.775557561562892e-17, -2.775557561562892e-17
  2.590000000000000e+00, -3.878638557469453e-02, -1.914929111635720e-01,  3.517171637029585e-02, -4.832631417560485e-02,  7.182129950432810e-01, -2.641219149752953e-02,  4.732190296303548e-01, -6.699242660337263e-01,  4.139873142765025e-01,  2.094395102393196e+00, -8.572951685025501e-04, -4.163336342344337e-17,  2.775557561562891e-17
  2.600000000000000e+00, -3.878638557469172e-02, -1.914929111635726e-01,  3.517171637029589e-02, -4.832631417560474e-02,  7.182129950432817e-01, -2.641219149753148e-02,  4.732190296303529e-01, -6.699242660337273e-01,  4.139873142764997e-01,  2.094395102393195e+00, -8.572951685027723e-04, -8.326672684688675e-17, -2.775557561562891e-17
  2.610000000000000e+00, -3.878638557469685e-02, -1.914929111635725e-01,  3.517171637029550e-02, -4.832631417559938e-02,  7.182129950432812e-01, -2.641219149752971e-02,  4.732190296303523e-01, -6.699242660337278e-01,  4.139873142765004e-01,  2.094395102393195e+00, -8.572951685025502e-04, -9.714451465470120e-17,  0.000000000000000e+00
  2.620000000000000e+00, -3.878638557468859e-02, -1.914929111635721e-01,  3.517171637029651e-02, -4.832631417560827e-02,  7.182129950432806e-01, -2.641219149753248e-02,  4.732190296303516e-01, -6.699242660337276e-01,  4.139873142765019e-01,  2.094395102393195e+00, -8.572951685024393e-04, -8.326672684688674e-17,  0.000000000000000e+00
  2.630000000000000e+00, -3.878638557469071e-02, -1.914929111635727e-01,  3.517171637029604e-02, -4.832631417560666e-02,  7.182129950432816e-01, -2.641219149753167e-02,  4.732190296303513e-01, -6.699242660337268e-01,  4.139873142765030e-01,  2.094395102393195e+00, -8.572951685026611e-04, -1.110223024625157e-16,  0.000000000000000e+00
  2.640000000000000e+00, -3.878638557468827e-02, -1.914929111635722e-01,  3.517171637029647e-02, -4.832631417560790e-02,  7.182129950432814e-01, -2.641219149753252e-02,  4.732190296303505e-01, -6.699242660337268e-01,  4.139873142765030e-01,  2.094395102393196e+00, -8.572951685026613e-04, -5.551115123125783e-17,  2.775557561562891e-17
  2.650000000000000e+00, -3.878638557469238e-02, -1.914929111635724e-01,  3.517171637029600e-02, -4.832631417560505e-02,  7.182129950432808e-01, -2.641219149753109e-02,  4.732190296303506e-01, -6.699242660337271e-01,  4.139873142765041e-01,  2.094395102393196e+00, -8.572951685025502e-04,  0.000000000000000e+00,  0.000000000000000e+00
  2.660000000000000e+00, -3.878638557469281e-02, -1.914929111635723e-01,  3.517171637029595e-02, -4.832631417560226e-02,  7.182129950432820e-01, -2.641219149753151e-02,  4.732190296303491e-01, -6.699242660337268e-01,  4.139873142765029e-01,  2.094395102393195e+00, -8.572951685024389e-04,  0.000000000000000e+00, -2.775557561562891e-17
  2.670000000000000e+00, -3.878638557469417e-02, -1.914929111635729e-01,  3.517171637029597e-02, -4.832631417560306e-02,  7.182129950432820e-01, -2.641219149753059e-02,  4.732190296303492e-01, -6.699242660337258e-01,  4.139873142765054e-01,  2.094395102393196e+00, -8.572951685025499e-04, -1.387778780781445e-17,  0.000000000000000e+00
  2.680000000000000e+00, -3.878638557469041e-02, -1.914929111635728e-01,  3.517171637029620e-02, -4.832631417560618e-02,  7.182129950432807e-01, -2.641219149753169e-02,  4.732190296303490e-01, -6.699242660337265e-01,  4.139873142765060e-01,  2.094395102393195e+00, -8.572951685023281e-04, -4.163336342344337e-17,  0.000000000000000e+00
  2.690000000000000e+00, -3.878638557469578e-02, -1.914929111635727e-01,  3.517171637029554e-02, -4.832631417560437e-02,  7.182129950432810e-01, -2.641219149752888e-02,  4.732190296303490e-01, -6.699242660337253e-01,  4.139873142765094e-01,  2.094395102393196e+00, -8.572951685022171e-04,  1.387778780781445e-17,  0.000000000000000e+00
  2.700000000000000e+00, -3.878638557469491e-02, -1.914929111635728e-01,  3.517171637029587e-02, -4.832631417560288e-02,  7.182129950432811e-01, -2.641219149753015e-02,  4.732190296303478e-01, -6.699242660337261e-01,  4.139873142765077e-01,  2.094395102393194e+00, -8.572951685024389e-04, -2.775557561562891e-17,  0.000000000000000e+00
  2.710000000000000e+00, -3.878638557469107e-02, -1.914929111635727e-01,  3.517171637029595e-02, -4.832631417560610e-02,  7.182129950432816e-01, -2.641219149753145e-02,  4.732190296303467e-01, -6.699242660337262e-01,  4.139873142765078e-01,  2.094395102393195e+00, -8.572951685021058e-04, -1.387778780781446e-17,  0.000000000000000e+00
  2.720000000000000e+00, -3.878638557469496e-02, -1.914929111635728e-01,  3.517171637029570e-02, -4.832631417560287e-02,  7.182129950432811e-01, -2.641219149753019e-02,  4.732190296303465e-01, -6.699242660337256e-01,  4.139873142765091e-01,  2.094395102393196e+00, -8.572951685022172e-04, -1.387778780781446e-17,  2.775557561562891e-17
  2.730000000000000e+00, -3.878638557469258e-02, -1.914929111635724e-01,  3.517171637029606e-02, -4.832631417560677e-02,  7.182129950432807e-01, -2.641219149753005e-02,  4.732190296303464e-01, -6.699242660337252e-01,  4.139873142765115e-01,  2.094395102393196e+00, -8.572951685018839e-04, -2.775557561562891e-17, -2.775557561562891e-17
  2.740000000000000e+00, -3.878638557469575e-02, -1.914929111635726e-01,  3.517171637029595e-02, -4.832631417560257e-02,  7.182129950432811e-01, -2.641219149752949e-02,  4.732190296303457e-01, -6.699242660337249e-01,  4.139873142765110e-01,  2.094395102393195e+00, -8.572951685023281e-04, -1.942890293094024e-16,  0.000000000000000e+00
  2.750000000000000e+00, -3.878638557469091e-02, -1.914929111635726e-01,  3.517171637029606e-02, -4.832631417560554e-02,  7.182129950432817e-01, -2.641219149753173e-02,  4.732190296303445e-01, -6.699242660337255e-01,  4.139873142765096e-01,  2.094395102393195e+00, -8.572951685019947e-04,  1.387778780781445e-17,  0.000000000000000e+00
  2.760000000000000e+00, -3.878638557469057e-02, -1.914929111635728e-01,  3.517171637029600e-02, -4.832631417560543e-02,  7.182129950432817e-01, -2.641219149753207e-02,  4.732190296303439e-01, -6.699242660337249e-01,  4.139873142765100e-01,  2.094395102393195e+00, -8.572951685018839e-04, -1.804112415015879e-16,  0.000000000000000e+00
  2.770000000000000e+00, -3.878638557468873e-02, -1.914929111635721e-01,  3.517171637029654e-02, -4.832631417561038e-02,  7.182129950432805e-01, -2.641219149753151e-02,  4.732190296303442e-01, -6.699242660337239e-01,  4.139873142765139e-01,  2.094395102393195e+00, -8.572951685022172e-04, -1.665334536937735e-16,  2.775557561562890e-17
  2.780000000000000e+00, -3.878638557469108e-02, -1.914929111635726e-01,  3.517171637029641e-02, -4.832631417560573e-02,  7.182129950432807e-01, -2.641219149753206e-02,  4.732190296303427e-01, -6.699242660337246e-01,  4.139873142765116e-01,  2.094395102393196e+00, -8.572951685019949e-04, -1.526556658859590e-16,  2.775557561562891e-17
  2.790000000000000e+00, -3.878638557469007e-02, -1.914929111635728e-01,  3.517171637029621e-02, -4.832631417560552e-02,  7.182129950432816e-01, -2.641219149753236e-02,  4.732190296303424e-01, -6.699242660337239e-01,  4.139873142765118e-01,  2.094395102393195e+00, -8.572951685018837e-04, -1.665334536937735e-16,  0.000000000000000e+00
  2.800000000000000e+00, -3.878638557469153e-02, -1.914929111635725e-01,  3.517171637029621e-02, -4.832631417560657e-02,  7.182129950432818e-01, -2.641219149753089e-02,  4.732190296303424e-01, -6.699242660337241e-01,  4.139873142765145e-01,  2.094395102393195e+00, -8.572951685019949e-04, -1.387778780781446e-17, -2.775557561562891e-17
  2.810000000000000e+00, -3.878638557468807e-02, -1.914929111635723e-01,  3.517171637029644e-02, -4.832631417561006e-02,  7.182129950432804e-01, -2.641219149753241e-02,  4.732190296303422e-01, -6.699242660337237e-01,  4.139873142765153e-01,  2.094395102393196e+00, -8.572951685019947e-04, -2.775557561562891e-17,  0.000000000000000e+00
  2.820000000000000e+00, -3.878638557469221e-02, -1.914929111635724e-01,  3.517171637029617e-02, -4.832631417560680e-02,  7.182129950432817e-01, -2.641219149753034e-02,  4.732190296303414e-01, -6.699242660337222e-01,  4.139873142765170e-01,  2.094395102393195e+00, -8.572951685019949e-04, -1.249000902703301e-16, -2.775557561562891e-17
  2.830000000000000e+00, -3.878638557469725e-02, -1.914929111635724e-01,  3.517171637029546e-02, -4.832631417559835e-02,  7.182129950432813e-01, -2.641219149753008e-02,  4.732190296303407e-01, -6.699242660337242e-01,  4.139873142765134e-01,  2.094395102393196e+00, -8.572951685023281e-04, -1.804112415015879e-16,  0.000000000000000e+00
  2.840000000000000e+00, -3.878638557469140e-02, -1.914929111635717e-01,  3.517171637029596e-02, -4.832631417560621e-02,  7.182129950432807e-01, -2.641219149753117e-02,  4.732190296303404e-01, -6.699242660337236e-01,  4.139873142765164e-01,  2.094395102393195e+00, -8.572951685025499e-04, -1.526556658859590e-16,  0.000000000000000e+00
  2.850000000000000e+00, -3.878638557469046e-02, -1.914929111635727e-01,  3.517171637029636e-02, -4.832631417560542e-02,  7.182129950432816e-01, -2.641219149753241e-02,  4.732190296303399e-01, -6.699242660337237e-01,  4.139873142765153e-01,  2.094395102393195e+00, -8.572951685021058e-04,  8.326672684688673e-17,  0.000000000000000e+00
  2.860000000000000e+00, -3.878638557469398e-02, -1.914929111635730e-01,  3.517171637029573e-02, -4.832631417560204e-02,  7.182129950432821e-01, -2.641219149753063e-02,  4.732190296303388e-01, -6.699242660337237e-01,  4.139873142765160e-01,  2.094395102393195e+00, -8.572951685019947e-04, -1.387778780781446e-16, -2.775557561562891e-17
  2.870000000000000e+00, -3.878638557469520e-02, -1.914929111635728e-01,  3.517171637029576e-02, -4.832631417560290e-02,  7.182129950432811e-01, -2.641219149752988e-02,  4.732190296303393e-01, -6.699242660337229e-01,  4.139873142765182e-01,  2.094395102393196e+00, -8.572951685022171e-04, -5.551115123125781e-17,  0.000000000000000e+00
  2.880000000000000e+00, -3.878638557469486e-02, -1.914929111635729e-01,  3.517171637029541e-02, -4.832631417560272e-02,  7.182129950432821e-01, -2.641219149753001e-02,  4.732190296303388e-01, -6.699242660337228e-01,  4.139873142765180e-01,  2.094395102393196e+00, -8.572951685019949e-04, -8.326672684688674e-17,  0.000000000000000e+00
  2.890000000000000e+00, -3.878638557468870e-02, -1.914929111635722e-01,  3.517171637029624e-02, -4.832631417561008e-02,  7.182129950432813e-01, -2.641219149753182e-02,  4.732190296303386e-01, -6.699242660337219e-01,  4.139873142765202e-01,  2.094395102393196e+00, -8.572951685021060e-04, -1.249000902703301e-16,  0.000000000000000e+00
  2.900000000000000e+00, -3.878638557469462e-02, -1.914929111635729e-01,  3.517171637029575e-02, -4.832631417560216e-02,  7.182129950432821e-01, -2.641219149753057e-02,  4.732190296303377e-01, -6.699242660337226e-01,  4.139873142765187e-01,  2.094395102393196e+00, -8.572951685019947e-04, -9.714451465470117e-17,  2.775557561562891e-17
  2.910000000000000e+00, -3.878638557469546e-02, -1.914929111635727e-01,  3.517171637029581e-02, -4.832631417560253e-02,  7.182129950432812e-01, -2.641219149753000e-02,  4.732190296303375e-01, -6.699242660337220e-01,  4.139873142765202e-01,  2.094395102393195e+00, -8.572951685022172e-04, -8.326672684688674e-17,  0.000000000000000e+00
  2.920000000000000e+00, -3.878638557468835e-02, -1.914929111635722e-01,  3.517171637029652e-02, -4.832631417560961e-02,  7.182129950432805e-01, -2.641219149753232e-02,  4.732190296303371e-01, -6.699242660337220e-01,  4.139873142765207e-01,  2.094395102393196e+00, -8.572951685021060e-04, -9.714451465470120e-17,  2.775557561562891e-17
  2.930000000000000e+00, -3.878638557469281e-02, -1.914929111635723e-01,  3.517171637029599e-02, -4.832631417560667e-02,  7.182129950432816e-01, -2.641219149753025e-02,  4.732190296303372e-01, -6.699242660337220e-01,  4.139873142765228e-01,  2.094395102393196e+00, -8.572951685016616e-04, -1.387778780781446e-16,  2.775557561562891e-17
  2.940000000000000e+00, -3.878638557468816e-02, -1.914929111635722e-01,  3.517171637029651e-02, -4.832631417560915e-02,  7.182129950432805e-01, -2.641219149753242e-02,  4.732190296303359e-01, -6.699242660337216e-01,  4.139873142765214e-01,  2.094395102393195e+00, -8.572951685022171e-04,  1.387778780781446e-16, -2.775557561562892e-17
  2.950000000000000e+00, -3.878638557469067e-02, -1.914929111635727e-01,  3.517171637029626e-02, -4.832631417560559e-02,  7.182129950432808e-01, -2.641219149753179e-02,  4.732190296303355e-01, -6.699242660337221e-01,  4.139873142765210e-01,  2.094395102393195e+00, -8.572951685016616e-04, -1.526556658859590e-16,  0.000000000000000e+00
  2.960000000000000e+00, -3.878638557469630e-02, -1.914929111635726e-01,  3.517171637029561e-02, -4.832631417560370e-02,  7.182129950432810e-01, -2.641219149752842e-02,  4.732190296303359e-01, -6.699242660337208e-01,  4.139873142765246e-01,  2.094395102393195e+00, -8.572951685018839e-04,  1.110223024625156e-16,  0.000000000000000e+00
  2.970000000000000e+00, -3.878638557469081e-02, -1.914929111635726e-01,  3.517171637029624e-02, -4.832631417560556e-02,  7.182129950432816e-01, -2.641219149753193e-02,  4.732190296303346e-01, -6.699242660337219e-01,  4.139873142765216e-01,  2.094395102393196e+00, -8.572951685016619e-04,  4.163336342344337e-17, -2.775557561562892e-17
  2.980000000000000e+00, -3.878638557469229e-02, -1.914929111635724e-01,  3.517171637029610e-02, -4.832631417560618e-02,  7.182129950432808e-01, -2.641219149753082e-02,  4.732190296303345e-01, -6.699242660337208e-01,  4.139873142765242e-01,  2.094395102393196e+00, -8.572951685014398e-04, -1.804112415015880e-16, -2.775557561562891e-17
  2.990000000000000e+00, -3.878638557463623e-02, -1.914929111635704e-01,  3.517171637029866e-02, -4.832631417556251e-02,  7.182129950432791e-01, -2.641219149758492e-02,  4.732190296302986e-01, -6.699242660337416e-01,  4.139873142764284e-01,  2.094395102393195e+00, -8.572951685012176e-04,  1.387778780781445e-17,  0.000000000000000e+00
  3.000000000000000e+00, -3.878638557463590e-02, -1.914929111635704e-01,  3.517171637029883e-02, -4.832631417556538e-02,  7.182129950432790e-01, -2.641219149758487e-02,  4.732190296302994e-01, -6.699242660337414e-01,  4.139873142764307e-01,  2.094395102393196e+00, -8.572951685015508e-04,  0.000000000000000e+00,  0.000000000000000e+00
