Main.Studies.MarkerTracking.t,Main.Studies.MarkerTracking.JointAngleOutputs.OutputFile_RightArm.ThoraxClavicula[0],Main.Studies.MarkerTracking.JointAngleOutputs.OutputFile_RightArm.ThoraxClavicula[1],Main.Studies.MarkerTracking.JointAngleOutputs.OutputFile_RightArm.ThoraxClavicula[2],Main.Studies.MarkerTracking.JointAngleOutputs.OutputFile_RightArm.ClaviculaScapula[0],Main.Studies.MarkerTracking.JointAngleOutputs.OutputFile_RightArm.ClaviculaScapula[1],Main.Studies.MarkerTracking.JointAngleOutputs.OutputFile_RightArm.ClaviculaScapula[2],Main.Studies.MarkerTracking.JointAngleOutputs.OutputFile_RightArm.ScapulaHumerus[0],Main.Studies.MarkerTracking.JointAngleOutputs.OutputFile_RightArm.ScapulaHumerus[1],Main.Studies.MarkerTracking.JointAngleOutputs.OutputFile_RightArm.ScapulaHumerus[2],Main.Studies.MarkerTracking.JointAngleOutputs.OutputFile_RightArm.HumerusUlna,Main.Studies.MarkerTracking.JointAngleOutputs.OutputFile_RightArm.UlnaRadius,Main.Studies.MarkerTracking.JointAngleOutputs.OutputFile_RightArm.RadiusWrist,Main.Studies.MarkerTracking.JointAngleOutputs.OutputFile_RightArm.WristHand
  1.300000000000000e+00, -2.924765278158357e-02, -2.577017429494982e-01,  6.323209717166023e-02, -2.345201318790013e-02,  7.214412664989159e-01, -1.797795862960570e-03,  1.331075024338221e-02,  9.421725295810712e-01,  1.869853461517580e-01,  1.659375266342007e-01,  2.872489485791192e+00,  3.048211721896256e+00,  2.569568752577951e+00
  1.310000000000000e+00, -2.924291701831270e-02, -2.576698960736120e-01,  6.322147199838381e-02, -2.345248411429488e-02,  7.214529547593160e-01, -1.805394796053923e-03,  1.336501262988718e-02,  9.420898707792481e-01,  1.873037863271324e-01,  1.659936919709345e-01,  2.871926925712312e+00,  3.048483772731125e+00,  2.569557835873294e+00
  1.320000000000000e+00, -2.923740967039362e-02, -2.576390667854520e-01,  6.321150602740162e-02, -2.345174574683038e-02,  7.214656068750559e-01, -1.812326898446606e-03,  1.342267181929485e-02,  9.420172876307640e-01,  1.876227827171658e-01,  1.660515144953295e-01,  2.871352765762680e+00,  3.048761161920469e+00,  2.569548388726085e+00
  1.330000000000000e+00, -2.923092135735518e-02, -2.576096385495360e-01,  6.320241946804547e-02, -2.344944784959715e-02,  7.214794680729572e-01, -1.818378291077026e-03,  1.348460304846104e-02,  9.419571878510812e-01,  1.879415845852113e-01,  1.661125502365297e-01,  2.870769175165202e+00,  3.049044776154628e+00,  2.569538860527707e+00
  1.340000000000000e+00, -2.922334402109597e-02, -2.575818209860271e-01,  6.319433043140701e-02, -2.344540728519863e-02,  7.214946631269129e-01, -1.823435071103782e-03,  1.355120116513488e-02,  9.419113138649959e-01,  1.882597179324670e-01,  1.661770522783516e-01,  2.870175680089113e+00,  3.049334981509604e+00,  2.569529354044192e+00
  1.350000000000000e+00, -2.921466276382474e-02, -2.575557023858140e-01,  6.318727802914588e-02, -2.343958656685077e-02,  7.215112002507618e-01, -1.827463397149914e-03,  1.362245537450929e-02,  9.418801917411579e-01,  1.885766285264327e-01,  1.662449828134097e-01,  2.869572914645699e+00,  3.049631579046755e+00,  2.569519868891093e+00
  1.360000000000000e+00, -2.920482625691901e-02, -2.575314224161129e-01,  6.318133378668173e-02, -2.343189043273210e-02,  7.215291326498079e-01, -1.830396939952502e-03,  1.369851034491927e-02,  9.418648232473696e-01,  1.888917611755359e-01,  1.663164167220519e-01,  2.868961102666336e+00,  3.049934589240824e+00,  2.569510437540756e+00
  1.370000000000000e+00, -2.919378296179613e-02, -2.575091246344785e-01,  6.317657080776085e-02, -2.342222253879948e-02,  7.215485132491133e-01, -1.832168101749310e-03,  1.377950824315147e-02,  9.418662208112268e-01,  1.892045312410664e-01,  1.663914221520119e-01,  2.868340487078542e+00,  3.050244027264805e+00,  2.569501090036296e+00
  1.380000000000000e+00, -2.918144035050533e-02, -2.574889987850460e-01,  6.317309415806734e-02, -2.341042393681745e-02,  7.215694473322186e-01, -1.832676343075745e-03,  1.386567646383887e-02,  9.418869552570701e-01,  1.895144727804242e-01,  1.664696566152104e-01,  2.867708797333465e+00,  3.050560230975427e+00,  2.569493094665384e+00
  1.390000000000000e+00, -2.916782801464041e-02, -2.574711085048759e-01,  6.317091814773179e-02, -2.339651978366442e-02,  7.215918824765774e-01, -1.831915837441529e-03,  1.395697573956321e-02,  9.419249938566218e-01,  1.898206730149097e-01,  1.665519346833790e-01,  2.867071320787546e+00,  3.050882552546352e+00,  2.569484015946114e+00
  1.400000000000000e+00, -2.915285580125910e-02, -2.574556516244736e-01,  6.317015016011664e-02, -2.338035250647785e-02,  7.216159193130723e-01, -1.829784707309686e-03,  1.405362186614611e-02,  9.419828169063329e-01,  1.901225701961599e-01,  1.666379565995129e-01,  2.866425911301870e+00,  3.051211296004217e+00,  2.569475084470612e+00
  1.410000000000000e+00, -2.913647339746982e-02, -2.574427871246037e-01,  6.317086886722108e-02, -2.336182410809560e-02,  7.216416066840700e-01, -1.826211292399223e-03,  1.415573981658419e-02,  9.420614264276953e-01,  1.904194386664386e-01,  1.667277786675895e-01,  2.865772906047690e+00,  3.051546446747946e+00,  2.569466311469726e+00
  1.420000000000000e+00, -2.911863246777247e-02, -2.574326745318806e-01,  6.317315248617557e-02, -2.334083901789249e-02,  7.216689904947480e-01, -1.821124705172557e-03,  1.426344506966227e-02,  9.421617876206984e-01,  1.907105253637772e-01,  1.668214586835119e-01,  2.865112683634753e+00,  3.051887969587697e+00,  2.569457699383689e+00
  1.430000000000000e+00, -2.909928637171878e-02, -2.574254749699099e-01,  6.317707928504604e-02, -2.331730350512845e-02,  7.216981139640780e-01, -1.814454379998871e-03,  1.437684383336287e-02,  9.422848408253759e-01,  1.909950445819824e-01,  1.669190541468444e-01,  2.864445655648726e+00,  3.052235818710682e+00,  2.569449239492356e+00
  1.440000000000000e+00, -2.907844420329446e-02, -2.574212120474750e-01,  6.318265528546292e-02, -2.329122439551351e-02,  7.217289604287168e-01, -1.806197567289529e-03,  1.449593376878594e-02,  9.424297717281480e-01,  1.912726818191139e-01,  1.670208069017479e-01,  2.863773093767776e+00,  3.052589212843766e+00,  2.569440706247903e+00
  1.450000000000000e+00, -2.905595025982512e-02, -2.574203443138348e-01,  6.319011114705277e-02, -2.326230521550674e-02,  7.217616860397540e-01, -1.796142441195021e-03,  1.462100591031428e-02,  9.426010882079897e-01,  1.915414983819752e-01,  1.671264095254014e-01,  2.863093804643007e+00,  3.052949629292658e+00,  2.569432464503178e+00
  1.460000000000000e+00, -2.903182694550701e-02, -2.574228658063613e-01,  6.319943695447740e-02, -2.323057607054009e-02,  7.217962593649355e-01, -1.784301515086177e-03,  1.475202057796661e-02,  9.427976623212015e-01,  1.918012688689180e-01,  1.672360724669141e-01,  2.862409156038701e+00,  3.053316159528695e+00,  2.569424279317403e+00
  1.470000000000000e+00, -2.900603514439898e-02, -2.574289434679634e-01,  6.321071073446832e-02, -2.319595163351144e-02,  7.218327118965112e-01, -1.770606040677923e-03,  1.488903958205934e-02,  9.430203848158724e-01,  1.920510746827073e-01,  1.673498414049246e-01,  2.861719679313797e+00,  3.053688758084373e+00,  2.569416089155653e+00
  1.480000000000000e+00, -2.897854185258432e-02, -2.574387317154335e-01,  6.322400361067609e-02, -2.315835703778563e-02,  7.218710681882733e-01, -1.754993957715921e-03,  1.503210529670609e-02,  9.432700273945251e-01,  1.922900299667480e-01,  1.674677462803440e-01,  2.861025947532890e+00,  3.054067332447540e+00,  2.569407828272333e+00
  1.490000000000000e+00, -2.894931786901020e-02, -2.574523802634880e-01,  6.323938361981618e-02, -2.311772326596950e-02,  7.219113480150625e-01, -1.737406433063150e-03,  1.518124323117191e-02,  9.435473259957057e-01,  1.925172446050586e-01,  1.675898061826122e-01,  2.860328565898784e+00,  3.054451777916344e+00,  2.569399420699363e+00
  1.500000000000000e+00, -2.891833828526267e-02, -2.574700324480166e-01,  6.325691489864331e-02, -2.307398812734387e-02,  7.219535659182099e-01, -1.717788599161360e-03,  1.533646090181959e-02,  9.438529723195487e-01,  1.927318324333571e-01,  1.677160275028734e-01,  2.859628174907733e+00,  3.054841977396472e+00,  2.569390779696419e+00
  1.510000000000000e+00, -2.888558286626658e-02, -2.574918240529155e-01,  6.327665710226413e-02, -2.302709699058500e-02,  7.219977308321925e-01, -1.696090087436558e-03,  1.549774722799581e-02,  9.441876042257605e-01,  1.929329164538826e-01,  1.678464056972665e-01,  2.858925450130160e+00,  3.055237798622461e+00,  2.569381805449191e+00
  1.520000000000000e+00, -2.885103647765244e-02, -2.575178820762771e-01,  6.329866478247005e-02, -2.297700358964344e-02,  7.220438456527750e-01, -1.672265600943761e-03,  1.566507186997964e-02,  9.445517940508504e-01,  1.931196339610482e-01,  1.679809292917717e-01,  2.858221102968578e+00,  3.055639086090104e+00,  2.569372380635089e+00
  1.530000000000000e+00, -2.881468939020879e-02, -2.575483236660116e-01,  6.332298687335620e-02, -2.292367063623315e-02,  7.220919069571792e-01, -1.646275378061745e-03,  1.583838482668419e-02,  9.449460412720245e-01,  1.932911417449881e-01,  1.681195823840907e-01,  2.857515876419570e+00,  3.056045654207987e+00,  2.569362369056428e+00
  1.540000000000000e+00, -2.877676212918769e-02, -2.575831331985816e-01,  6.334954147404413e-02, -2.286738621555615e-02,  7.221415977842240e-01, -1.618225801976229e-03,  1.601734412741380e-02,  9.453596200324814e-01,  1.934448026185774e-01,  1.682671196399655e-01,  2.856819275387796e+00,  3.056454336159070e+00,  2.569346945703163e+00
  1.550000000000000e+00, -2.873681622350711e-02, -2.576226572194908e-01,  6.337861443859197e-02, -2.280751065578680e-02,  7.221935012886467e-01, -1.587810570819925e-03,  1.620240904346085e-02,  9.458144912062084e-01,  1.935832775614656e-01,  1.684143974582105e-01,  2.856114580945208e+00,  3.056870485761900e+00,  2.569335243171027e+00
  1.560000000000000e+00, -2.869507269751247e-02, -2.576668465821955e-01,  6.341011090387884e-02, -2.274433951355503e-02,  7.222473049391550e-01, -1.555146653582219e-03,  1.639320175647241e-02,  9.463004947194620e-01,  1.937042199426125e-01,  1.685656753088357e-01,  2.855411216282334e+00,  3.057291217235230e+00,  2.569322538839959e+00
  1.570000000000000e+00, -2.865154439137848e-02, -2.577157774082174e-01,  6.344405637173488e-02, -2.267787296625003e-02,  7.223029788994025e-01, -1.520217334128639e-03,  1.658959345215771e-02,  9.468178096623486e-01,  1.938068660639697e-01,  1.687209533755636e-01,  2.854710051769749e+00,  3.057716241818903e+00,  2.569308651366562e+00
  1.580000000000000e+00, -2.860624957935458e-02, -2.577695074188265e-01,  6.348046742587832e-02, -2.260812198020769e-02,  7.223604882715874e-01, -1.483014040698378e-03,  1.679143960350526e-02,  9.473665552801607e-01,  1.938905428182923e-01,  1.688801812912752e-01,  2.854011891413351e+00,  3.058145255331578e+00,  2.569293430139747e+00
  1.590000000000000e+00, -2.855921208432394e-02, -2.578280813083977e-01,  6.351935375232640e-02, -2.253510734538199e-02,  7.224197921071392e-01, -1.443534751801641e-03,  1.699857791733430e-02,  9.479467772560751e-01,  1.939546210832848e-01,  1.690433047515992e-01,  2.853317552812661e+00,  3.058577925229549e+00,  2.569276724710390e+00
  1.600000000000000e+00, -2.851046126906244e-02, -2.578915302188453e-01,  6.356071793713194e-02, -2.245885977609608e-02,  7.224808434975780e-01, -1.401784147042427e-03,  1.721082999629099e-02,  9.485584346228861e-01,  1.939985197976793e-01,  1.692102692094639e-01,  2.852627865375572e+00,  3.059013884277183e+00,  2.569258388606615e+00
  1.610000000000000e+00, -2.846003173858958e-02, -2.579598720386175e-01,  6.360455568094102e-02, -2.237941946755947e-02,  7.225435899584040e-01, -1.357773373084960e-03,  1.742800366019546e-02,  9.492013938206882e-01,  1.940217066190754e-01,  1.693810232914354e-01,  2.851943664326842e+00,  3.059452730517157e+00,  2.569238283117237e+00
  1.620000000000000e+00, -2.840796291498817e-02, -2.580331118345640e-01,  6.365085610857688e-02, -2.229683546032443e-02,  7.226079739776384e-01, -1.311519710531431e-03,  1.764989546878216e-02,  9.498754278692231e-01,  1.940236990498327e-01,  1.695555190597472e-01,  2.851265785399979e+00,  3.059894029436387e+00,  2.569216279494857e+00
  1.630000000000000e+00, -2.835404653996337e-02, -2.581111961420708e-01,  6.369967169913253e-02, -2.221084838775934e-02,  7.226743060824524e-01, -1.262945381427420e-03,  1.787647638900168e-02,  9.505948993005565e-01,  1.940077058764756e-01,  1.697245495258609e-01,  2.850591962743202e+00,  3.060344180136605e+00,  2.569197177393971e+00
  1.640000000000000e+00, -2.829879578042941e-02, -2.581943516103374e-01,  6.375091283716823e-02, -2.212207422244728e-02,  7.227418082234613e-01, -1.212215875848906e-03,  1.810707891087360e-02,  9.513325800752833e-01,  1.939652939513484e-01,  1.699082819721898e-01,  2.849923870377757e+00,  3.060786473631318e+00,  2.569170135180467e+00
  1.650000000000000e+00, -2.824191296689024e-02, -2.582821928931244e-01,  6.380453505241934e-02, -2.203020675106717e-02,  7.228109709490976e-01, -1.159314448710253e-03,  1.834237824495686e-02,  9.521031130667549e-01,  1.939034769494131e-01,  1.700836801864081e-01,  2.849281749807316e+00,  3.061244907438516e+00,  2.569146054133194e+00
  1.660000000000000e+00, -2.818395733460245e-02, -2.583747163377755e-01,  6.386034386744084e-02, -2.193596942804124e-02,  7.228809842658392e-01, -1.104497980654134e-03,  1.858029744207880e-02,  9.528922804345613e-01,  1.938155291734457e-01,  1.702819795094098e-01,  2.848626266767671e+00,  3.061678492263890e+00,  2.569111111813261e+00
  1.670000000000000e+00, -2.812438131162895e-02, -2.584721632970889e-01,  6.391862335432220e-02, -2.183860230813318e-02,  7.229526060903975e-01, -1.047443548199388e-03,  1.882263717827905e-02,  9.537159293047190e-01,  1.937061324173385e-01,  1.704729545859770e-01,  2.847995036500615e+00,  3.062126763935380e+00,  2.569078684281982e+00
  1.680000000000000e+00, -2.806351175080923e-02, -2.585742252754025e-01,  6.397914206952697e-02, -2.173859139880263e-02,  7.230254096707144e-01, -9.883955874878403e-04,  1.906821389004103e-02,  9.545672504544568e-01,  1.935739598352793e-01,  1.706684544538507e-01,  2.847372494634120e+00,  3.062572210988385e+00,  2.569043505786952e+00
  1.690000000000000e+00, -2.800137774816431e-02, -2.586808946177114e-01,  6.404188796239488e-02, -2.163597480135687e-02,  7.230993544193689e-01, -9.273704296075295e-04,  1.931695610573006e-02,  9.554455895618184e-01,  1.934187418728679e-01,  1.708672667692350e-01,  2.846761913990005e+00,  3.063016192356079e+00,  2.569006078822317e+00
  1.700000000000000e+00, -2.793804307346252e-02, -2.587920871344207e-01,  6.410680741342246e-02, -2.153085139792364e-02,  7.231743610644791e-01, -8.644236594734315e-04,  1.956864064066909e-02,  9.563500489316494e-01,  1.932404436411024e-01,  1.710692868786046e-01,  2.846164130224798e+00,  3.063458016849543e+00,  2.568966460120438e+00
  1.710000000000000e+00, -2.787357411453441e-02, -2.589077065050323e-01,  6.417384120414980e-02, -2.142332598466131e-02,  7.232503483668843e-01, -7.996157318265690e-04,  1.982304419827088e-02,  9.572796438512206e-01,  1.930390985820981e-01,  1.712743995879107e-01,  2.845580000237853e+00,  3.063896936624359e+00,  2.568924732302537e+00
  1.720000000000000e+00, -2.780803929376511e-02, -2.590276459340563e-01,  6.424292535116344e-02, -2.131350818008574e-02,  7.233272337118573e-01, -7.330111933167914e-04,  2.007994466121388e-02,  9.582333148821263e-01,  1.928148015211452e-01,  1.714824777959343e-01,  2.845010411308910e+00,  3.064332153997085e+00,  2.568881004300800e+00
  1.730000000000000e+00, -2.774150887215106e-02, -2.591517884082456e-01,  6.431399126634606e-02, -2.120151212617118e-02,  7.234049333513322e-01, -6.646785103918673e-04,  2.033912147901490e-02,  9.592099312419016e-01,  1.925677087409579e-01,  1.716933821294861e-01,  2.844456285605542e+00,  3.064762820140075e+00,  2.568835410414153e+00
  1.740000000000000e+00, -2.767405480557508e-02, -2.592800068079044e-01,  6.438696584262957e-02, -2.108745628754923e-02,  7.234833625925878e-01, -5.946899660191547e-04,  2.060035574273822e-02,  9.602082945268211e-01,  1.922980386906681e-01,  1.719069610487639e-01,  2.843918588561636e+00,  3.065188034656369e+00,  2.568788108665961e+00
  1.750000000000000e+00, -2.760575058743869e-02, -2.594121639841607e-01,  6.446177153130932e-02, -2.097146324025812e-02,  7.235624360119101e-01, -5.231215609885146e-04,  2.086343016798149e-02,  9.612271441861800e-01,  1.920060731888036e-01,  1.721230510445012e-01,  2.843398331488123e+00,  3.065606848801927e+00,  2.568739281324945e+00
  1.760000000000000e+00, -2.753667093136940e-02, -2.595481129985828e-01,  6.453832653768908e-02, -2.085365921978078e-02,  7.236420678756508e-01, -4.500527933008448e-04,  2.112812951897049e-02,  9.622651677080879e-01,  1.916921592425767e-01,  1.723414750245486e-01,  2.842896559785167e+00,  3.066018274700374e+00,  2.568689138802955e+00
  1.770000000000000e+00, -2.746689127134480e-02, -2.596876975986609e-01,  6.461654517161876e-02, -2.073417338300463e-02,  7.237221727908489e-01, -3.755662828982941e-04,  2.139424165354304e-02,  9.633210148289764e-01,  1.913567111218009e-01,  1.725620392895338e-01,  2.842414331966905e+00,  3.066421298205806e+00,  2.568637923484876e+00
  1.780000000000000e+00, -2.739648720840488e-02, -2.598307527439850e-01,  6.469633823660635e-02, -2.061313699041833e-02,  7.238026664257399e-01, -2.997473576855132e-04,  2.166155882334440e-02,  9.643933121896562e-01,  1.910002126569885e-01,  1.727845311077478e-01,  2.841952697563311e+00,  3.066814892524984e+00,  2.568585911833928e+00
  1.790000000000000e+00, -2.732548292829476e-02, -2.599771269649240e-01,  6.477763947240002e-02, -2.049061189662890e-02,  7.238835368816415e-01, -2.226539750229184e-04,  2.192970276081326e-02,  9.654858017404362e-01,  1.906237618157927e-01,  1.730071845779837e-01,  2.841510981029697e+00,  3.067199033084890e+00,  2.568533771741953e+00
  1.800000000000000e+00, -2.725405842065949e-02, -2.601265822987194e-01,  6.486029531446234e-02, -2.036687998938711e-02,  7.239645595009770e-01, -1.444407317640128e-04,  2.219880732011172e-02,  9.665869458218557e-01,  1.902269758613652e-01,  1.732327019362986e-01,  2.841093685866811e+00,  3.067570767848024e+00,  2.568481167916199e+00
  1.810000000000000e+00, -2.718223331509623e-02, -2.602789625427054e-01,  6.494423914244896e-02, -2.024199836642071e-02,  7.240457296581800e-01, -6.516480893320646e-05,  2.246852649082030e-02,  9.677004119336480e-01,  1.898110391594632e-01,  1.734593901024571e-01,  2.840699884827565e+00,  3.067930063118077e+00,  2.568428818888257e+00
  1.820000000000000e+00, -2.711007995001380e-02, -2.604340684079758e-01,  6.502936939185971e-02, -2.011610150033645e-02,  7.241269728132715e-01,  1.507969236181136e-05,  2.273867302732878e-02,  9.688249039146329e-01,  1.893767558260387e-01,  1.736869433507051e-01,  2.840330396097798e+00,  3.068276010213840e+00,  2.568377156833713e+00
  1.830000000000000e+00, -2.703766871980816e-02, -2.605916929830620e-01,  6.511558214931375e-02, -1.998932302678477e-02,  7.242082183654543e-01,  9.619727330007631e-05,  2.300906565999722e-02,  9.699591927924602e-01,  1.889250165458513e-01,  1.739150347346430e-01,  2.839985930893251e+00,  3.068607775385634e+00,  2.568326651635963e+00
  1.840000000000000e+00, -2.696506801330821e-02, -2.607516205148072e-01,  6.520277069790945e-02, -1.986179592615249e-02,  7.242893999257828e-01,  1.780906879740053e-04,  2.327952759120476e-02,  9.711021378303439e-01,  1.884568101079769e-01,  1.741433120793058e-01,  2.839667081745168e+00,  3.068924617474272e+00,  2.568277806182655e+00
  1.850000000000000e+00, -2.689234410305706e-02, -2.609136259105308e-01,  6.529082535865986e-02, -1.973365249113529e-02,  7.243704555518470e-01,  2.606608373340511e-04,  2.354988581883265e-02,  9.722526987057429e-01,  1.879732292541279e-01,  1.743714010160028e-01,  2.839374308920510e+00,  3.069225902562871e+00,  2.568231148311328e+00
  1.860000000000000e+00, -2.681956104027638e-02, -2.610774743718352e-01,  6.537963338103417e-02, -1.960502427370385e-02,  7.244513279545707e-01,  3.438067007790764e-04,  2.381997036471450e-02,  9.734099479162347e-01,  1.874754753811838e-01,  1.745989076834075e-01,  2.839107918198242e+00,  3.069511124091089e+00,  2.568187225611029e+00
  1.870000000000000e+00, -2.674678059706127e-02, -2.612429212108443e-01,  6.546907888780099e-02, -1.947604205522964e-02,  7.245319646086800e-01,  4.274253020758367e-04,  2.408961340103657e-02,  9.745730806049612e-01,  1.869648611116677e-01,  1.748254227317713e-01,  2.838868035529065e+00,  3.069779924339083e+00,  2.568146599850209e+00
  1.880000000000000e+00, -2.667406229899542e-02, -2.614097118301028e-01,  6.555904285194018e-02, -1.934683589914583e-02,  7.246123177072604e-01,  5.114116846681073e-04,  2.435864842763205e-02,  9.757414174434095e-01,  1.864428102673026e-01,  1.750505275370978e-01,  2.838654587309121e+00,  3.070032111522002e+00,  2.568109836839683e+00
  1.890000000000000e+00, -2.660146352611009e-02, -2.615775818582461e-01,  6.564940311029233e-02, -1.921753525930947e-02,  7.246923439935105e-01,  5.956589040332193e-04,  2.462690959284868e-02,  9.769144010342258e-01,  1.859108555709272e-01,  1.752738010532083e-01,  2.838467286157478e+00,  3.070267672525925e+00,  2.568077492950652e+00
  1.900000000000000e+00, -2.652903964273573e-02, -2.617462575171517e-01,  6.574003445712856e-02, -1.908826907655570e-02,  7.247720045157563e-01,  6.800580783417521e-04,  2.489423124516637e-02,  9.780915871630991e-01,  1.853706339316260e-01,  1.754948261159229e-01,  2.838305615199107e+00,  3.070486784436061e+00,  2.568050102678847e+00
  1.910000000000000e+00, -2.645684410790326e-02, -2.619154564235227e-01,  6.583080891324615e-02, -1.895916575848068e-02,  7.248512643450038e-01,  7.644985814613593e-04,  2.516044800514998e-02,  9.792726300914069e-01,  1.848238781459995e-01,  1.757131953507302e-01,  2.838168807935507e+00,  3.070689825614480e+00,  2.568028170071643e+00
  1.920000000000000e+00, -2.638492862804367e-02, -2.620848888229597e-01,  6.592159614854613e-02, -1.883035312229855e-02,  7.249300921658834e-01,  8.488683500636687e-04,  2.542539516478401e-02,  9.804572599703946e-01,  1.842724042607192e-01,  1.759285185050216e-01,  2.838055833004203e+00,  3.070877381102324e+00,  2.568012161933173e+00
  1.930000000000000e+00, -2.631334352353379e-02, -2.622542589006757e-01,  6.601226386041086e-02, -1.870195859736855e-02,  7.250084595459080e-01,  9.330541187157166e-04,  2.568890845554072e-02,  9.816452530061351e-01,  1.837180955989940e-01,  1.761404323193599e-01,  2.837965397725343e+00,  3.071050235762628e+00,  2.568002497302590e+00
  1.940000000000000e+00, -2.624213840764979e-02, -2.624232658197271e-01,  6.610267793788445e-02, -1.857410988930422e-02,  7.250863397921065e-01,  1.016941431631425e-03,  2.595082236193261e-02,  9.828363982706073e-01,  1.831628853258788e-01,  1.763486113097080e-01,  2.837895977339140e+00,  3.071209353071130e+00,  2.567999529437840e+00
  1.950000000000000e+00, -2.617136300676361e-02, -2.625916047066613e-01,  6.619270255649674e-02, -1.844693583712544e-02,  7.251637066107326e-01,  1.100414576205883e-03,  2.621096745890948e-02,  9.840304664578489e-01,  1.826087378408264e-01,  1.765527764375477e-01,  2.837845859100792e+00,  3.071355846378893e+00,  2.568003525833965e+00
  1.960000000000000e+00, -2.610106777410530e-02, -2.627589682300832e-01,  6.628220057551402e-02, -1.832056687757994e-02,  7.252405329770262e-01,  1.183356792444994e-03,  2.646916825451385e-02,  9.852271850101829e-01,  1.820576277486703e-01,  1.767526989078572e-01,  2.837813178454331e+00,  3.071490954666540e+00,  2.568014658077584e+00
  1.970000000000000e+00, -2.603130421438417e-02, -2.629250488485672e-01,  6.637103429678161e-02, -1.819513499186347e-02,  7.253167903244828e-01,  1.265650818861853e-03,  2.672524218659905e-02,  9.864262179585086e-01,  1.815115166960311e-01,  1.769481991964400e-01,  2.837795942271162e+00,  3.071616023739928e+00,  2.568033003622317e+00
  1.980000000000000e+00, -2.596212515228166e-02, -2.630895411142017e-01,  6.645906626586130e-02, -1.807077356680108e-02,  7.253924478072218e-01,  1.347179480911635e-03,  2.697899915309729e-02,  9.876271442313805e-01,  1.809723303280252e-01,  1.771391446443000e-01,  2.837792055479633e+00,  3.071732481975742e+00,  2.568058550516709e+00
  1.990000000000000e+00, -2.589358515422325e-02, -2.632521435490351e-01,  6.654615985502182e-02, -1.794761754226259e-02,  7.254674714051805e-01,  1.427826080435977e-03,  2.723024072950464e-02,  9.888294316284253e-01,  1.804419369015558e-01,  1.773254491809676e-01,  2.837799364948525e+00,  3.071841803552432e+00,  2.568091197683382e+00
  2.000000000000000e+00, -2.582574110977910e-02, -2.634125600806891e-01,  6.663217962001837e-02, -1.782580385811050e-02,  7.255418228636485e-01,  1.507474578562872e-03,  2.747875877062428e-02,  9.900324092938461e-01,  1.799221276619684e-01,  1.775070760782902e-01,  2.837815721666157e+00,  3.071945461671194e+00,  2.568130749588159e+00
  2.010000000000000e+00, -2.575865272412453e-02, -2.635705014219310e-01,  6.671699166693212e-02, -1.770547179581126e-02,  7.256154587711642e-01,  1.586009802220735e-03,  2.772433413307877e-02,  9.912352457761465e-01,  1.794145988594953e-01,  1.776840398837295e-01,  2.837839044893796e+00,  3.072044882875441e+00,  2.568176911246434e+00
  2.020000000000000e+00, -2.569238262532970e-02, -2.637256868135778e-01,  6.680046429562755e-02, -1.758676274328323e-02,  7.256883301421064e-01,  1.663317934846798e-03,  2.796673651629159e-02,  9.924369400189760e-01,  1.789209355507790e-01,  1.778564024025145e-01,  2.837867366344024e+00,  3.072141414981797e+00,  2.568229292913111e+00
  2.030000000000000e+00, -2.562699610914464e-02, -2.638778460416915e-01,  6.688246887776220e-02, -1.746981943014573e-02,  7.257603824851107e-01,  1.739287253301093e-03,  2.820572527920345e-02,  9.936363259417906e-01,  1.784425977080150e-01,  1.780242631970206e-01,  2.837898855286414e+00,  3.072236308801894e+00,  2.568287425767253e+00
  2.040000000000000e+00, -2.556258511419980e-02, -2.640265989046686e-01,  6.696282463585171e-02, -1.735484249037626e-02,  7.258315391476429e-01,  1.813760379700359e-03,  2.844088800708924e-02,  9.948326912020103e-01,  1.779816678226903e-01,  1.781872234186574e-01,  2.837932187341216e+00,  3.072330957462199e+00,  2.568350847958858e+00
  2.050000000000000e+00, -2.549917374930811e-02, -2.641719385316294e-01,  6.704151950861419e-02, -1.724186578061358e-02,  7.259017656910182e-01,  1.886725018313418e-03,  2.867228591347709e-02,  9.960232222568611e-01,  1.775378310747937e-01,  1.783465088450239e-01,  2.837965215373022e+00,  3.072425791491046e+00,  2.568418851447400e+00
  2.060000000000000e+00, -2.543685392041037e-02, -2.643135212465590e-01,  6.711838678463518e-02, -1.713108233147804e-02,  7.259709799412533e-01,  1.958035123700056e-03,  2.889949668271955e-02,  9.972070985789216e-01,  1.771128590747378e-01,  1.785017224382335e-01,  2.837996967712931e+00,  3.072522017701961e+00,  2.568490903128667e+00
  2.070000000000000e+00, -2.537569713830329e-02, -2.644511347773155e-01,  6.719331787965693e-02, -1.702263102729231e-02,  7.260391095094880e-01,  2.027594196166593e-03,  2.912225076800723e-02,  9.983826572462114e-01,  1.767076353035880e-01,  1.786530250078700e-01,  2.838026361655980e+00,  3.072620370605386e+00,  2.568566383891643e+00
  2.080000000000000e+00, -2.531577462633641e-02, -2.645845859464053e-01,  6.726621167975338e-02, -1.691664639745714e-02,  7.261060795221789e-01,  2.095311779675917e-03,  2.934027647262014e-02,  9.995481818305447e-01,  1.763228839467045e-01,  1.788005764218280e-01,  2.838052552211574e+00,  3.072721438410771e+00,  2.568644671327547e+00
  2.090000000000000e+00, -2.525717467581286e-02, -2.647136583423597e-01,  6.733695200429229e-02, -1.681329008419529e-02,  7.261717937800408e-01,  2.161082721043121e-03,  2.955327965860396e-02,  1.000701081568989e+00,  1.759592975713879e-01,  1.789446591567486e-01,  2.838074896798047e+00,  3.072825324402421e+00,  2.568725173160662e+00
  2.100000000000000e+00, -2.519993198626488e-02, -2.648382672405145e-01,  6.740549264053972e-02, -1.671262635074882e-02,  7.262362141100894e-01,  2.224866251146269e-03,  2.976104006533792e-02,  1.001841164884552e+00,  1.756171608662075e-01,  1.790851246025491e-01,  2.838092703464770e+00,  3.072933007264607e+00,  2.568807285212435e+00
  2.110000000000000e+00, -2.514413022205757e-02, -2.649582413843966e-01,  6.747173653392961e-02, -1.661480132750095e-02,  7.262992442058783e-01,  2.286573232708327e-03,  2.996327630605176e-02,  1.002965837466162e+00,  1.752968400353947e-01,  1.792222596395734e-01,  2.838105766079210e+00,  3.073044298489911e+00,  2.568890455550612e+00
  2.120000000000000e+00, -2.508983297683464e-02, -2.650734637455096e-01,  6.753561474153821e-02, -1.651992363252083e-02,  7.263608087505747e-01,  2.346140168648138e-03,  3.015973908209498e-02,  1.004073337548759e+00,  1.749985047734171e-01,  1.793561791022685e-01,  2.838113933497596e+00,  3.073159229854441e+00,  2.568974159694336e+00
  2.130000000000000e+00, -2.503710007877945e-02, -2.651838379575180e-01,  6.759706767421622e-02, -1.642809261801890e-02,  7.264208347835625e-01,  2.403511615848375e-03,  3.035019250475822e-02,  1.005161944868250e+00,  1.747221959900173e-01,  1.794869866718741e-01,  2.838117209646357e+00,  3.073277712012868e+00,  2.569057906202028e+00
  2.140000000000000e+00, -2.498598718931420e-02, -2.652892880317676e-01,  6.765604513731563e-02, -1.633939789739548e-02,  7.264792523311913e-01,  2.458640270017062e-03,  3.053441629278655e-02,  1.006229991206131e+00,  1.744678333111320e-01,  1.796147782844824e-01,  2.838115744347743e+00,  3.073399540638041e+00,  2.569141235847407e+00
  2.150000000000000e+00, -2.493654548021800e-02, -2.653897578524571e-01,  6.771250625753802e-02, -1.625391902186925e-02,  7.265359949563595e-01,  2.511486947563795e-03,  3.071220738104209e-02,  1.007275872426869e+00,  1.742352235662190e-01,  1.797396440052600e-01,  2.838109821461279e+00,  3.073524406865619e+00,  2.569223721991446e+00
  2.160000000000000e+00, -2.488882121934197e-02, -2.654852108180406e-01,  6.776641949808664e-02, -1.617172500828185e-02,  7.265910004188175e-01,  2.562020652839104e-03,  3.088338169171675e-02,  1.008298063833648e+00,  1.740240692310709e-01,  1.798616667408985e-01,  2.838099837175279e+00,  3.073651914721907e+00,  2.569304973866015e+00
  2.170000000000000e+00, -2.484283979006153e-02, -2.655757118439219e-01,  6.781780019838725e-02, -1.609283618049877e-02,  7.266442215622152e-01,  2.610250877981047e-03,  3.104784428805500e-02,  1.009295194981561e+00,  1.738334711116175e-01,  1.799811966392404e-01,  2.838085957964049e+00,  3.073781760619250e+00,  2.569384554531311e+00
  2.180000000000000e+00, -2.479866546411352e-02, -2.656611000320043e-01,  6.786656218424128e-02, -1.601737122189122e-02,  7.266955887160629e-01,  2.656100418351768e-03,  3.120531618318469e-02,  1.010265980617080e+00,  1.736639681598714e-01,  1.800976866586617e-01,  2.838069369593581e+00,  3.073913155498852e+00,  2.569462330930049e+00
  2.190000000000000e+00, -2.475631400124751e-02, -2.657414745620520e-01,  6.791273758388831e-02, -1.594533059954245e-02,  7.267450635830195e-01,  2.699593564250893e-03,  3.135574973931081e-02,  1.011209122341858e+00,  1.735144883388810e-01,  1.802115126335792e-01,  2.838050357595648e+00,  3.074045651815411e+00,  2.569537941780323e+00
  2.200000000000000e+00, -2.471580885726806e-02, -2.658168717318289e-01,  6.795633139882870e-02, -1.587673805409551e-02,  7.267926061680811e-01,  2.740731838393381e-03,  3.149905071165632e-02,  1.012123535973182e+00,  1.733844025120149e-01,  1.803227093426867e-01,  2.838029559302099e+00,  3.074178659139061e+00,  2.569611161928060e+00
  2.210000000000000e+00, -2.467716739571959e-02, -2.658873444214998e-01,  6.799735727739277e-02, -1.581160583482171e-02,  7.268381828577517e-01,  2.779524545190539e-03,  3.163514952373179e-02,  1.013008261720279e+00,  1.732730177744488e-01,  1.804313001385939e-01,  2.838007630045251e+00,  3.074311569270337e+00,  2.569681808442628e+00
  2.220000000000000e+00, -2.464040106522037e-02, -2.659529609056697e-01,  6.803583699390604e-02, -1.574993517827990e-02,  7.268817663429477e-01,  2.815988321386130e-03,  3.176400061915021e-02,  1.013862464742185e+00,  1.731795854945852e-01,  1.805372974606402e-01,  2.837985240924383e+00,  3.074443764078445e+00,  2.569749737145960e+00
  2.230000000000000e+00, -2.460551555529906e-02, -2.660138037154067e-01,  6.807179995387358e-02, -1.569171674928181e-02,  7.269233355654727e-01,  2.850146712355961e-03,  3.188558162985257e-02,  1.014685438477049e+00,  1.731033092641563e-01,  1.806407027301461e-01,  2.837963077607757e+00,  3.074574622075319e+00,  2.569814839496727e+00
  2.240000000000000e+00, -2.457251094452895e-02, -2.660699686445384e-01,  6.810528275703624e-02, -1.563693104281629e-02,  7.269628756532277e-01,  2.882029796620593e-03,  3.199989262898938e-02,  1.015476606437548e+00,  1.730433516696970e-01,  1.807415073542700e-01,  2.837941834282219e+00,  3.074703525302906e+00,  2.569877040167772e+00
  2.250000000000000e+00, -2.454138180573853e-02, -2.661215638898223e-01,  6.813632882685158e-02, -1.558554870231093e-02,  7.270003778976486e-01,  2.911673871310647e-03,  3.210695560793338e-02,  1.016235523371517e+00,  1.729988404161748e-01,  1.808396931219863e-01,  2.837922202704688e+00,  3.074829869352939e+00,  2.569936295760002e+00
  2.260000000000000e+00, -2.451211733338203e-02, -2.661687091254031e-01,  6.816498800578359e-02, -1.553753088172780e-02,  7.270358397083357e-01,  2.939121108110647e-03,  3.220681365382481e-02,  1.016961878008663e+00,  1.729688747777366e-01,  1.809352311545491e-01,  2.837904862952015e+00,  3.074953074571757e+00,  2.569992594059631e+00
  2.270000000000000e+00, -2.448470152974291e-02, -2.662115344168858e-01,  6.819131606667661e-02, -1.549282971916935e-02,  7.270692645058289e-01,  2.964419134343404e-03,  3.229952957186502e-02,  1.017655498156449e+00,  1.729525327634523e-01,  1.810280796997217e-01,  2.837890481031884e+00,  3.075072595114350e+00,  2.570045952841895e+00
  2.280000000000000e+00, -2.445911341475910e-02, -2.662501790141782e-01,  6.821537416795917e-02, -1.545138886719611e-02,  7.271006615983130e-01,  2.987620567101618e-03,  3.238518427414208e-02,  1.018316356709753e+00,  1.729488790411514e-01,  1.811181808487731e-01,  2.837879711862876e+00,  3.075187925982505e+00,  2.570096418159367e+00
  2.290000000000000e+00, -2.443532727268582e-02, -2.662847900940311e-01,  6.823722827560855e-02, -1.541314408289701e-02,  7.271300460116920e-01,  3.008782515981901e-03,  3.246387522117809e-02,  1.018944574118634e+00,  1.729569727262500e-01,  1.812054584355634e-01,  2.837873201438536e+00,  3.075298608718164e+00,  2.570144062249630e+00
  2.300000000000000e+00, -2.441331298619211e-02, -2.663155215252848e-01,  6.825694856268767e-02, -1.537802392675482e-02,  7.271574381891547e-01,  3.027966054892235e-03,  3.253571491793094e-02,  1.019540413771074e+00,  1.729758737253091e-01,  1.812898199595261e-01,  2.837871584256299e+00,  3.075404234430574e+00,  2.570188980793522e+00
  2.310000000000000e+00, -2.439303640320829e-02, -2.663425327323499e-01,  6.827460883512393e-02, -1.534595048394178e-02,  7.271828636278804e-01,  3.045235710029136e-03,  3.260082958552581e-02,  1.020104272527260e+00,  1.730046477045287e-01,  1.813711611300005e-01,  2.837875478077213e+00,  3.075504443606902e+00,  2.570231289041109e+00
  2.320000000000000e+00, -2.437445962128179e-02, -2.663659877027071e-01,  6.829028604227018e-02, -1.531683994816637e-02,  7.272063526139088e-01,  3.060659029145931e-03,  3.265935834017938e-02,  1.020636670384491e+00,  1.730423707748047e-01,  1.814493696615588e-01,  2.837885477545120e+00,  3.075598924913641e+00,  2.570271117016732e+00
  2.330000000000000e+00, -2.435754119947406e-02, -2.663860540753549e-01,  6.830405984426188e-02, -1.529060309423363e-02,  7.272279400502478e-01,  3.074306208245435e-03,  3.271145283174497e-02,  1.021138239346968e+00,  1.730881343090772e-01,  1.815243279754621e-01,  2.837902144656884e+00,  3.075687415380562e+00,  2.570308604951721e+00
  2.340000000000000e+00, -2.434223641143760e-02, -2.664029022328451e-01,  6.831601216603317e-02, -1.526714580400000e-02,  7.272476652240774e-01,  3.086249701343536e-03,  3.275727695515066e-02,  1.021609708503281e+00,  1.731410491127522e-01,  1.815959173074645e-01,  2.837925995506272e+00,  3.075769701117705e+00,  2.570343898980899e+00
  2.350000000000000e+00, -2.432849755293388e-02, -2.664167044761442e-01,  6.832622676437339e-02, -1.524636964473241e-02,  7.272655714827424e-01,  3.096563832284661e-03,  3.279700663440754e-02,  1.022051884379773e+00,  1.732002481064258e-01,  1.816640244197064e-01,  2.837957484493101e+00,  3.075845616752674e+00,  2.570377146460825e+00
  2.360000000000000e+00, -2.431627422586469e-02, -2.664276343137875e-01,  6.833478884763905e-02, -1.522817239345497e-02,  7.272817059261033e-01,  3.105324452070251e-03,  3.283082966515586e-02,  1.022465632044250e+00,  1.732648883337124e-01,  1.817285482138369e-01,  2.837996988984707e+00,  3.075915044925484e+00,  2.570408491798799e+00
  2.370000000000000e+00, -2.430551360819816e-02, -2.664358656773337e-01,  6.834178467174372e-02, -1.521244855815428e-02,  7.272961191308014e-01,  3.112608580207371e-03,  3.285894509830153e-02,  1.022851862899428e+00,  1.733341539556932e-01,  1.817894032236090e-01,  2.838044798866296e+00,  3.075977918045065e+00,  2.570438074113826e+00
  2.380000000000000e+00, -2.429616076647417e-02, -2.664415719765731e-01,  6.834730105873507e-02, -1.519908998833079e-02,  7.273088648366629e-01,  3.118493978108317e-03,  3.288156203879481e-02,  1.023211526929207e+00,  1.734072602221033e-01,  1.818465207249989e-01,  2.838101110940818e+00,  3.076034220983002e+00,  2.570466026913056e+00
  2.390000000000000e+00, -2.428815896910487e-02, -2.664449252365477e-01,  6.835142494701124e-02, -1.518798646937518e-02,  7.273199996194314e-01,  3.123058747382468e-03,  3.289889848954480e-02,  1.023545604333187e+00,  1.734834567224308e-01,  1.818998498132051e-01,  2.838166024307107e+00,  3.076083991687482e+00,  2.570492479061415e+00
  2.400000000000000e+00, -2.428144992395036e-02, -2.664460955531966e-01,  6.835424309248751e-02, -1.517902615028745e-02,  7.273295826259248e-01,  3.126381059779768e-03,  3.291118065720555e-02,  1.023855096457293e+00,  1.735620288314297e-01,  1.819493591475056e-01,  2.838239534785900e+00,  3.076127319989871e+00,  2.570517556403895e+00
  2.410000000000000e+00, -2.427597396057607e-02, -2.664452507455194e-01,  6.835584186596233e-02, -1.517209585762860e-02,  7.273376753600576e-01,  3.128538972048077e-03,  3.291864244875835e-02,  1.024141018080479e+00,  1.736422981967072e-01,  1.819950384575297e-01,  2.838321528682137e+00,  3.076164347691023e+00,  2.570541384377385e+00
  2.420000000000000e+00, -2.427167022340596e-02, -2.664425559457295e-01,  6.835630702263885e-02, -1.516708143675986e-02,  7.273443414622839e-01,  3.129610216866225e-03,  3.292152479668237e-02,  1.024404391291996e+00,  1.737236236658843e-01,  1.820368988228596e-01,  2.838411778713221e+00,  3.076195269975044e+00,  2.570564091465688e+00
  2.430000000000000e+00, -2.426847689621765e-02, -2.664381730828861e-01,  6.835572341931770e-02, -1.516386815585659e-02,  7.273496464597794e-01,  3.129671947289795e-03,  3.292007476336226e-02,  1.024646240232793e+00,  1.738054027675351e-01,  1.820749718661096e-01,  2.838509947012103e+00,  3.076220334135579e+00,  2.570585811278153e+00
  2.440000000000000e+00, -2.426633142951548e-02, -2.664322603695289e-01,  6.835417473189558e-02, -1.516234111332104e-02,  7.273536575116956e-01,  3.128800480658696e-03,  3.291454453986145e-02,  1.024867587051007e+00,  1.738870731690637e-01,  1.821093081917252e-01,  2.838615596026250e+00,  3.076239833873190e+00,  2.570606681429626e+00
  2.450000000000000e+00, -2.426497629161032e-02, -2.664251303309276e-01,  6.835187344132936e-02, -1.516209938303296e-02,  7.273567022013768e-01,  3.127205688004785e-03,  3.290520518870568e-02,  1.025082222268937e+00,  1.739694698351262e-01,  1.821336913454531e-01,  2.838730319444717e+00,  3.076261055964748e+00,  2.570628125610382e+00
  2.460000000000000e+00, -2.426474103182879e-02, -2.664165980185128e-01,  6.834863142390411e-02, -1.516361021158108e-02,  7.273583289481115e-01,  3.124685153866384e-03,  3.289227054117815e-02,  1.025265550037618e+00,  1.740494993651746e-01,  1.821607602676234e-01,  2.838849309810815e+00,  3.076270362721694e+00,  2.570647671125391e+00
  2.470000000000000e+00, -2.426536424995889e-02, -2.664069901057670e-01,  6.834466805363011e-02, -1.516646463048839e-02,  7.273588688468784e-01,  3.121454798201336e-03,  3.287604094850517e-02,  1.025431260294584e+00,  1.741279209021955e-01,  1.821844399066058e-01,  2.838974029906838e+00,  3.076275099271029e+00,  2.570666721126755e+00
  2.480000000000000e+00, -2.426678378408683e-02, -2.663964372104259e-01,  6.834005613113120e-02, -1.517055410007777e-02,  7.273583926589250e-01,  3.117582232209901e-03,  3.285676747793458e-02,  1.025580409823884e+00,  1.742044012745994e-01,  1.822047779839397e-01,  2.839103838701514e+00,  3.076275663412060e+00,  2.570685380502203e+00
  2.490000000000000e+00, -2.426893764370614e-02, -2.663850719093856e-01,  6.833486916401001e-02, -1.517576988653121e-02,  7.273569706057916e-01,  3.113135591882502e-03,  3.283470924972842e-02,  1.025713943542308e+00,  1.742785856072526e-01,  1.822219231041737e-01,  2.839238093746161e+00,  3.076272394785140e+00,  2.570703696416518e+00
  2.500000000000000e+00, -2.427176506256485e-02, -2.663730196809443e-01,  6.832917746192199e-02, -1.518200635787483e-02,  7.273546721975940e-01,  3.108180284521962e-03,  3.281012214157786e-02,  1.025832771769007e+00,  1.743501632651204e-01,  1.822360444884547e-01,  2.839376156398330e+00,  3.076265612684735e+00,  2.570721689911687e+00
  2.510000000000000e+00, -2.427520608342812e-02, -2.663604003484862e-01,  6.832304884474516e-02, -1.518916013843560e-02,  7.273515666194212e-01,  3.102779617920379e-03,  3.278325952424898e-02,  1.025937787004211e+00,  1.744188611248369e-01,  1.822473274793411e-01,  2.839517382721630e+00,  3.076255627020671e+00,  2.570739363286269e+00
  2.520000000000000e+00, -2.427920158143905e-02, -2.663473280544414e-01,  6.831654862346732e-02, -1.519713014535949e-02,  7.273477227008175e-01,  3.096994783335812e-03,  3.275437161923336e-02,  1.026029869775479e+00,  1.744844436737759e-01,  1.822559682915371e-01,  2.839661126965757e+00,  3.076242740411138e+00,  2.570756705398766e+00
  2.530000000000000e+00, -2.428369330537750e-02, -2.663339111041693e-01,  6.830973952428761e-02, -1.520581767577700e-02,  7.273432088789706e-01,  3.090884790483792e-03,  3.272370507564218e-02,  1.026109890956196e+00,  1.745467138802279e-01,  1.822621697058277e-01,  2.839806747242758e+00,  3.076227247658179e+00,  2.570773695093245e+00
  2.540000000000000e+00, -2.428862394361152e-02, -2.663202517888829e-01,  6.830268159596876e-02, -1.521512653078370e-02,  7.273380931289138e-01,  3.084506384879815e-03,  3.269150292549177e-02,  1.026178708029457e+00,  1.746055137583121e-01,  1.822661391217861e-01,  2.839953608431935e+00,  3.076209433561755e+00,  2.570790303089762e+00
  2.550000000000000e+00, -2.429393722037267e-02, -2.663064462702640e-01,  6.829543213074615e-02, -1.522496316486334e-02,  7.273324428408008e-01,  3.077913970847903e-03,  3.265800465994786e-02,  1.026237157864210e+00,  1.746607239563593e-01,  1.822680886851333e-01,  2.840101087195886e+00,  3.076189567806105e+00,  2.570806491213176e+00
  2.560000000000000e+00, -2.429971229873715e-02, -2.662925141740952e-01,  6.828797092456040e-02, -1.523542617275585e-02,  7.273261399130529e-01,  3.071078605545672e-03,  3.262344492475859e-02,  1.026277104307646e+00,  1.747109947574765e-01,  1.822728285369851e-01,  2.840246630117586e+00,  3.076163125895644e+00,  2.570821530239821e+00
  2.570000000000000e+00, -2.430540138988148e-02, -2.662786441555693e-01,  6.828056430474012e-02, -1.524576417196835e-02,  7.273199527813112e-01,  3.064300200697162e-03,  3.258801977432127e-02,  1.026332949648778e+00,  1.747622557744970e-01,  1.822617065267156e-01,  2.840398310814841e+00,  3.076149148127612e+00,  2.570838575654985e+00
  2.580000000000000e+00, -2.431162434109381e-02, -2.662650351043243e-01,  6.827307159184506e-02, -1.525673962303070e-02,  7.273129498453821e-01,  3.057366181068080e-03,  3.255207997406899e-02,  1.026358374276885e+00,  1.748041095028519e-01,  1.822640490949298e-01,  2.840541454818990e+00,  3.076119978339329e+00,  2.570851890236988e+00
  2.590000000000000e+00, -2.431751876183514e-02, -2.662515856591224e-01,  6.826575682998640e-02, -1.526725441190629e-02,  7.273064008319161e-01,  3.050626224087461e-03,  3.251613420057837e-02,  1.026405780210042e+00,  1.748491719323798e-01,  1.822444699038502e-01,  2.840693247054136e+00,  3.076110333966234e+00,  2.570869767925156e+00
  2.600000000000000e+00, -2.432424881000154e-02, -2.662381955061368e-01,  6.825817120035181e-02, -1.527884135801075e-02,  7.272986274345871e-01,  3.043535305932187e-03,  3.247922922713535e-02,  1.026407988949428e+00,  1.748825126452402e-01,  1.822512972039529e-01,  2.840830327388155e+00,  3.076070988594300e+00,  2.570879384797848e+00
  2.610000000000000e+00, -2.433075108281140e-02, -2.662251830262608e-01,  6.825081302066921e-02, -1.529005206222425e-02,  7.272911285652487e-01,  3.036661008708544e-03,  3.244276880434826e-02,  1.026419725387741e+00,  1.749156607817933e-01,  1.822459545484662e-01,  2.840970330299037e+00,  3.076042766662800e+00,  2.570891431234405e+00
  2.620000000000000e+00, -2.433727206657682e-02, -2.662125529789230e-01,  6.824359738506616e-02, -1.530120554426375e-02,  7.272835449604078e-01,  3.029895929230087e-03,  3.240659062633863e-02,  1.026426261323596e+00,  1.749452215451191e-01,  1.822402360431571e-01,  2.841107217554875e+00,  3.076013743974628e+00,  2.570902437619596e+00
  2.630000000000000e+00, -2.434376393213977e-02, -2.662003508597723e-01,  6.823655884401399e-02, -1.531223003666349e-02,  7.272759393398399e-01,  3.023275187339446e-03,  3.237091098530136e-02,  1.026428204649575e+00,  1.749713938819533e-01,  1.822341874723340e-01,  2.841240547893245e+00,  3.075984239575583e+00,  2.570912445463551e+00
  2.640000000000000e+00, -2.435030186550308e-02, -2.661884714674428e-01,  6.822962994516460e-02, -1.532324554474520e-02,  7.272682181781484e-01,  3.016733211963158e-03,  3.233579304018942e-02,  1.026419911605999e+00,  1.749939999578761e-01,  1.822309114322692e-01,  2.841368640018530e+00,  3.075950894185385e+00,  2.570921066365016e+00
  2.650000000000000e+00, -2.435650794399557e-02, -2.661773043067218e-01,  6.822309542021208e-02, -1.533367855833925e-02,  7.272608725386553e-01,  3.010556764349262e-03,  3.230177678390288e-02,  1.026419885521094e+00,  1.750147906901983e-01,  1.822214725352509e-01,  2.841494752031088e+00,  3.075924388813239e+00,  2.570929560594341e+00
  2.660000000000000e+00, -2.436274874044767e-02, -2.661665154806231e-01,  6.821669617594199e-02, -1.534407604674724e-02,  7.272534194869428e-01,  3.004481210810321e-03,  3.226866717424663e-02,  1.026406239592734e+00,  1.750315761342248e-01,  1.822177258649022e-01,  2.841613216809155e+00,  3.075891870935756e+00,  2.570936302147054e+00
  2.670000000000000e+00, -2.436859971642658e-02, -2.661565055166285e-01,  6.821073763112406e-02, -1.535380164449620e-02,  7.272464162245711e-01,  2.998817315691977e-03,  3.223701610277885e-02,  1.026400457981219e+00,  1.750466547816132e-01,  1.822089804545353e-01,  2.841728249200934e+00,  3.075865725164422e+00,  2.570942746859369e+00
  2.680000000000000e+00, -2.437439379854004e-02, -2.661469002378321e-01,  6.820495684867148e-02, -1.536336719864747e-02,  7.272394348286726e-01,  2.993302911617458e-03,  3.220660021927224e-02,  1.026383324706472e+00,  1.750586533277027e-01,  1.822050630612541e-01,  2.841835245582592e+00,  3.075834967037378e+00,  2.570947826724837e+00
  2.690000000000000e+00, -2.437973878169271e-02, -2.661381629674719e-01,  6.819967232092031e-02, -1.537216497494345e-02,  7.272329760048993e-01,  2.988253810609130e-03,  3.217798135267571e-02,  1.026373921894567e+00,  1.750688887980863e-01,  1.821972941513617e-01,  2.841937336293658e+00,  3.075810283892300e+00,  2.570952469887672e+00
  2.700000000000000e+00, -2.438494140896321e-02, -2.661298598342078e-01,  6.819460707796218e-02, -1.538068551656456e-02,  7.272266589104409e-01,  2.983401046135259e-03,  3.215089019869042e-02,  1.026355438159746e+00,  1.750768711401469e-01,  1.821935154151329e-01,  2.842031050117158e+00,  3.075782386927802e+00,  2.570956126524750e+00
  2.710000000000000e+00, -2.438965379701757e-02, -2.661224694069387e-01,  6.819006994580062e-02, -1.538837539713867e-02,  7.272209174798658e-01,  2.979045549723477e-03,  3.212585676836137e-02,  1.026344315303738e+00,  1.750831864096955e-01,  1.821868774531893e-01,  2.842118638716399e+00,  3.075760219847836e+00,  2.570959303743725e+00
  2.720000000000000e+00, -2.439414965749099e-02, -2.661155381047858e-01,  6.818578790788449e-02, -1.539568645972034e-02,  7.272154218888528e-01,  2.974926880531182e-03,  3.210258743580305e-02,  1.026326288344843e+00,  1.750879773993091e-01,  1.821834339384928e-01,  2.842197648022005e+00,  3.075736140288434e+00,  2.570961837890494e+00
  2.730000000000000e+00, -2.439813378314733e-02, -2.661095239013623e-01,  6.818204322591777e-02, -1.540213805214019e-02,  7.272105325495427e-01,  2.971316368059163e-03,  3.208154672406608e-02,  1.026315050885967e+00,  1.750912983335025e-01,  1.821779831319653e-01,  2.842269699430409e+00,  3.075717335174026e+00,  2.570963897451987e+00
  2.740000000000000e+00, -2.440184377290114e-02, -2.661039833209806e-01,  6.817857953432849e-02, -1.540813297592766e-02,  7.272059706470886e-01,  2.967972629943012e-03,  3.206242948282570e-02,  1.026298892737498e+00,  1.750937112914480e-01,  1.821750113771586e-01,  2.842333253329263e+00,  3.075697692777685e+00,  2.570965582711568e+00
  2.750000000000000e+00, -2.440504272998077e-02, -2.660993231990508e-01,  6.817563865397720e-02, -1.541327716082919e-02,  7.272020194782883e-01,  2.965125503522575e-03,  3.204560789058959e-02,  1.026288745638269e+00,  1.750949282670816e-01,  1.821707480744960e-01,  2.842389490397830e+00,  3.075682724541938e+00,  2.570966834281337e+00
  2.760000000000000e+00, -2.440793024341648e-02, -2.660951370123579e-01,  6.817299199442839e-02, -1.541791619492211e-02,  7.271984499531415e-01,  2.962561761895247e-03,  3.203077647789080e-02,  1.026275406423406e+00,  1.750957262962328e-01,  1.821683433625162e-01,  2.842437621690907e+00,  3.075667745577833e+00,  2.570967923717423e+00
  2.770000000000000e+00, -2.441033054945022e-02, -2.660917561498196e-01,  6.817083047688970e-02, -1.542175142120410e-02,  7.271954678107714e-01,  2.960461021186517e-03,  3.201819366631788e-02,  1.026267146369990e+00,  1.750956490623953e-01,  1.821652127826970e-01,  2.842478555231489e+00,  3.075656742944262e+00,  2.570968665398926e+00
  2.780000000000000e+00, -2.441234816799914e-02, -2.660889717689994e-01,  6.816903596944363e-02, -1.542496295645926e-02,  7.271929524735218e-01,  2.958712866059309e-03,  3.200772223902629e-02,  1.026258871875387e+00,  1.750950610460163e-01,  1.821631866974804e-01,  2.842511758755681e+00,  3.075647160781044e+00,  2.570969250557456e+00
  2.790000000000000e+00, -2.441406438927299e-02, -2.660864595560932e-01,  6.816745353435801e-02, -1.542772531259952e-02,  7.271908345393675e-01,  2.957181625359134e-03,  3.199881683891120e-02,  1.026252044332235e+00,  1.750957721117513e-01,  1.821608705453625e-01,  2.842539378414504e+00,  3.075637998735580e+00,  2.570969865589795e+00
  2.800000000000000e+00, -2.441546015073974e-02, -2.660845812449738e-01,  6.816623077989488e-02, -1.542993681512188e-02,  7.271890872568921e-01,  2.955986985954263e-03,  3.199155830644913e-02,  1.026246414640011e+00,  1.750949671496523e-01,  1.821599488698197e-01,  2.842561061078291e+00,  3.075630601171378e+00,  2.570970130351903e+00
