Main.Studies.MarkerTracking.t,Main.Studies.MarkerTracking.JointAngleOutputs.OutputFile_LeftLeg.HipFlexion,Main.Studies.MarkerTracking.JointAngleOutputs.OutputFile_LeftLeg.HipAbduction,Main.Studies.MarkerTracking.JointAngleOutputs.OutputFile_LeftLeg.HipExternalRotation,Main.Studies.MarkerTracking.JointAngleOutputs.OutputFile_LeftLeg.KneeFlexion,Main.Studies.MarkerTracking.JointAngleOutputs.OutputFile_LeftLeg.AnklePlantarFlexion,Main.Studies.MarkerTracking.JointAngleOutputs.OutputFile_LeftLeg.SubTalarEversion
  1.000000000000000e+00,  2.147156284874720e-01,  1.737171698535844e-02,  2.487506149225548e-02,  1.722238086058785e-01, -3.894249797013723e-02,  3.100290192025433e-01
  1.010000000000000e+00,  2.194980494434151e-01,  1.703242899095470e-02,  2.460819098700064e-02,  1.738499192279356e-01, -4.037629136087707e-02,  3.096659791481728e-01
  1.020000000000000e+00,  2.245721907639406e-01,  1.667658159069640e-02,  2.433521006830456e-02,  1.755868740687430e-01, -4.186720003542811e-02,  3.092793475991152e-01
  1.030000000000000e+00,  2.300254650613215e-01,  1.629973257706441e-02,  2.405418864826151e-02,  1.774654128077611e-01, -4.343858206929298e-02,  3.088619758246025e-01
  1.040000000000000e+00,  2.359009445603140e-01,  1.589963262291016e-02,  2.376522174353728e-02,  1.795023153774087e-01, -4.509502128780483e-02,  3.084098784109462e-01
  1.050000000000000e+00,  2.422116224004626e-01,  1.547603932634423e-02,  2.346960042824963e-02,  1.817046240634229e-01, -4.682961499822599e-02,  3.079209850765531e-01
  1.060000000000000e+00,  2.489818838920453e-01,  1.502877653495971e-02,  2.316855215367357e-02,  1.840832574321206e-01, -4.863942181815375e-02,  3.073917865667701e-01
  1.070000000000000e+00,  2.562388052070206e-01,  1.455718924514504e-02,  2.286319922024939e-02,  1.866497556546019e-01, -5.051967038785314e-02,  3.068189274345201e-01
  1.080000000000000e+00,  2.640068170199810e-01,  1.406092618986210e-02,  2.255540200798382e-02,  1.894147031328232e-01, -5.246492299318010e-02,  3.061987767914537e-01
  1.090000000000000e+00,  2.723111551431775e-01,  1.353992939665738e-02,  2.224695260725018e-02,  1.923886217514932e-01, -5.446827791707529e-02,  3.055277175669976e-01
  1.100000000000000e+00,  2.811738770161446e-01,  1.299452084493513e-02,  2.194008240844066e-02,  1.955806059533515e-01, -5.652142359279255e-02,  3.048021170205134e-01
  1.110000000000000e+00,  2.906183821238055e-01,  1.242513363934905e-02,  2.163694805399945e-02,  1.989995149132730e-01, -5.861470745739947e-02,  3.040186540368785e-01
  1.120000000000000e+00,  3.006593892485756e-01,  1.183294133889179e-02,  2.134032185415234e-02,  2.026507420189412e-01, -6.073664821192414e-02,  3.031742477066566e-01
  1.130000000000000e+00,  3.113092803964312e-01,  1.121943583594498e-02,  2.105289853214732e-02,  2.065379474820203e-01, -6.287423300774028e-02,  3.022664925803674e-01
  1.140000000000000e+00,  3.225755697308946e-01,  1.058656581179895e-02,  2.077732449348925e-02,  2.106620959874831e-01, -6.501275016091110e-02,  3.012938793353151e-01
  1.150000000000000e+00,  3.344495010672958e-01,  9.937180993836892e-03,  2.051689339789506e-02,  2.150179294490546e-01, -6.713592940408887e-02,  3.002557171511634e-01
  1.160000000000000e+00,  3.469234074605453e-01,  9.274250290343122e-03,  2.027391170112238e-02,  2.195989575175762e-01, -6.922609988865737e-02,  2.991530236175611e-01
  1.170000000000000e+00,  3.599723872986919e-01,  8.601536907264284e-03,  2.005093338178224e-02,  2.243920370193315e-01, -7.126438277388529e-02,  2.979881989996193e-01
  1.180000000000000e+00,  3.735623021998138e-01,  7.923141999274019e-03,  1.984995680747427e-02,  2.293797098542205e-01, -7.323107868413765e-02,  2.967655249658182e-01
  1.190000000000000e+00,  3.876425393769694e-01,  7.243765478762709e-03,  1.967270550773726e-02,  2.345383657569595e-01, -7.510608927403542e-02,  2.954909551816324e-01
  1.200000000000000e+00,  4.021537522682091e-01,  6.568165472951026e-03,  1.952009933487710e-02,  2.398405684169398e-01, -7.686939497063255e-02,  2.941724571058933e-01
  1.210000000000000e+00,  4.170237281343355e-01,  5.901094190282619e-03,  1.939254105472829e-02,  2.452542996078287e-01, -7.850148273871591e-02,  2.928197813488768e-01
  1.220000000000000e+00,  4.321680141406279e-01,  5.247707585599670e-03,  1.928960752614026e-02,  2.507434211759941e-01, -7.998408545272731e-02,  2.914440486230321e-01
  1.230000000000000e+00,  4.474946424794167e-01,  4.612552000195391e-03,  1.921029878539070e-02,  2.562695210825267e-01, -8.130022767197509e-02,  2.900578265928373e-01
  1.240000000000000e+00,  4.629021472290544e-01,  3.999827703442982e-03,  1.915303333212921e-02,  2.617917996948026e-01, -8.243478184747004e-02,  2.886748012698629e-01
  1.250000000000000e+00,  4.782829448696894e-01,  3.413337736613675e-03,  1.911585865909335e-02,  2.672684359275671e-01, -8.337471490250023e-02,  2.873089101135274e-01
  1.260000000000000e+00,  4.935323909324003e-01,  2.857126073587013e-03,  1.909568169670739e-02,  2.726586742141879e-01, -8.410901948491697e-02,  2.859740349943060e-01
  1.270000000000000e+00,  5.085364803878166e-01,  2.333663846232348e-03,  1.909001776878276e-02,  2.779208176329444e-01, -8.462873572256943e-02,  2.846844839089110e-01
  1.280000000000000e+00,  5.231906014935136e-01,  1.845978689213990e-03,  1.909528805587841e-02,  2.830159557968920e-01, -8.492665279103322e-02,  2.834536104428234e-01
  1.290000000000000e+00,  5.373811855849693e-01,  1.395910887831642e-03,  1.910838855402086e-02,  2.879043227309341e-01, -8.499735030190275e-02,  2.822951185203110e-01
  1.300000000000000e+00,  5.510007646923162e-01,  9.850037058052319e-04,  1.912635897175121e-02,  2.925485113490676e-01, -8.483676358104832e-02,  2.812214223401216e-01
  1.310000000000000e+00,  5.639526555278397e-01,  6.153322062667499e-04,  1.914547731220845e-02,  2.969136518487607e-01, -8.444153860033976e-02,  2.802440982760955e-01
  1.320000000000000e+00,  5.761276361034521e-01,  2.876234592303906e-04,  1.916311869233523e-02,  3.009629666443774e-01, -8.380941789252350e-02,  2.793752045393926e-01
  1.330000000000000e+00,  5.874423931874793e-01,  3.853782406970652e-06,  1.917598157775923e-02,  3.046647975971415e-01, -8.293795755478266e-02,  2.786242766658121e-01
  1.340000000000000e+00,  5.977982899015561e-01, -2.354701548332727e-04,  1.918171368262288e-02,  3.079839004004711e-01, -8.182491984400915e-02,  2.780027653510547e-01
  1.350000000000000e+00,  6.071211453926720e-01, -4.286010673375529e-04,  1.917787103203800e-02,  3.108894953268730e-01, -8.046763867630001e-02,  2.775191640290541e-01
  1.360000000000000e+00,  6.153319640438045e-01, -5.745397162497667e-04,  1.916260271837795e-02,  3.133485304046660e-01, -7.886287857034847e-02,  2.771833360274606e-01
  1.370000000000000e+00,  6.223691370534035e-01, -6.716934785504503e-04,  1.913411290486001e-02,  3.153299684246688e-01, -7.700640818975105e-02,  2.770040888094961e-01
  1.380000000000000e+00,  6.281858892728193e-01, -7.181833080949218e-04,  1.909096489892616e-02,  3.168042617905675e-01, -7.489307291053468e-02,  2.769894145371433e-01
  1.390000000000000e+00,  6.327471903423940e-01, -7.131687671033671e-04,  1.903296821732961e-02,  3.177425310803328e-01, -7.251656314116849e-02,  2.771476338064479e-01
  1.400000000000000e+00,  6.360418646681824e-01, -6.551290609921878e-04,  1.896021483360366e-02,  3.181197097064912e-01, -6.986996637902304e-02,  2.774851280644334e-01
  1.410000000000000e+00,  6.380927183396523e-01, -5.419412404281676e-04,  1.887266362344613e-02,  3.179166381757620e-01, -6.694569514365438e-02,  2.780064526238547e-01
  1.420000000000000e+00,  6.389361248759760e-01, -3.733313362721535e-04,  1.877239167993854e-02,  3.171173327271646e-01, -6.373638657475786e-02,  2.787154920150432e-01
  1.430000000000000e+00,  6.386497388825777e-01, -1.486559406518317e-04,  1.866141479396032e-02,  3.157153208315076e-01, -6.023533010772064e-02,  2.796131016953157e-01
  1.440000000000000e+00,  6.373547158252589e-01,  1.315882978334404e-04,  1.854329933097940e-02,  3.137167331628130e-01, -5.643810213591723e-02,  2.806953291441649e-01
  1.450000000000000e+00,  6.351830901178113e-01,  4.659311118939691e-04,  1.842216635495655e-02,  3.111336071092576e-01, -5.234280267810499e-02,  2.819571119577283e-01
  1.460000000000000e+00,  6.323152260361747e-01,  8.515730114861952e-04,  1.830352559416195e-02,  3.079949620752221e-01, -4.795207463178372e-02,  2.833866983534276e-01
  1.470000000000000e+00,  6.289440407803573e-01,  1.284547314965412e-03,  1.819342402755584e-02,  3.043391225817655e-01, -4.327313783341886e-02,  2.849693917764278e-01
  1.480000000000000e+00,  6.252720826048589e-01,  1.759186136035318e-03,  1.809922360500541e-02,  3.002144922718158e-01, -3.831869474409820e-02,  2.866863259459255e-01
  1.490000000000000e+00,  6.215121870167726e-01,  2.268968172901342e-03,  1.802836868994086e-02,  2.956793804236300e-01, -3.310685254838214e-02,  2.885148635215207e-01
  1.500000000000000e+00,  6.178558517993684e-01,  2.805922414032880e-03,  1.798940487076017e-02,  2.907944338812771e-01, -2.766044157324964e-02,  2.904307107878014e-01
  1.510000000000000e+00,  6.144647958126391e-01,  3.361623594005936e-03,  1.799113450498148e-02,  2.856187212547024e-01, -2.200554060557836e-02,  2.924094764207179e-01
  1.520000000000000e+00,  6.114874711163227e-01,  3.927399597277503e-03,  1.804229055378388e-02,  2.802130758412086e-01, -1.617144507809882e-02,  2.944253608896261e-01
  1.530000000000000e+00,  6.090403474959946e-01,  4.494937293902934e-03,  1.815123981185303e-02,  2.746333990231611e-01, -1.018862560280280e-02,  2.964538252482073e-01
  1.540000000000000e+00,  6.071962506623817e-01,  5.056000955688589e-03,  1.832689881592828e-02,  2.689269185568906e-01, -4.087683931975484e-03,  2.984724436268610e-01
  1.550000000000000e+00,  6.060011978009567e-01,  5.603479911531206e-03,  1.857739463763095e-02,  2.631344942072525e-01,  2.101605454951457e-03,  3.004607468248502e-01
  1.560000000000000e+00,  6.054885901701471e-01,  6.131041740612186e-03,  1.891000805022991e-02,  2.572939700681150e-01,  8.350011980444437e-03,  3.023994854132680e-01
  1.570000000000000e+00,  6.056585344098668e-01,  6.633374321558971e-03,  1.933173804017732e-02,  2.514338928667067e-01,  1.463051631005611e-02,  3.042724819149900e-01
  1.580000000000000e+00,  6.064876890414874e-01,  7.106384440591862e-03,  1.984895713059214e-02,  2.455757003974120e-01,  2.091833153764509e-02,  3.060659684490374e-01
  1.590000000000000e+00,  6.079633974284243e-01,  7.546526429799361e-03,  2.046660301740339e-02,  2.397424744436995e-01,  2.718954537686769e-02,  3.077670750386826e-01
  1.600000000000000e+00,  6.100381489604998e-01,  7.951699626112196e-03,  2.118928519910671e-02,  2.339469234633988e-01,  3.342337982001544e-02,  3.093660816432112e-01
  1.610000000000000e+00,  6.126846557102072e-01,  8.319799859847432e-03,  2.202025250163711e-02,  2.282056141537592e-01,  3.959983931049579e-02,  3.108540971911944e-01
  1.620000000000000e+00,  6.158454528822743e-01,  8.650299977942311e-03,  2.296215039615611e-02,  2.225260994756050e-01,  4.570193760202108e-02,  3.122247583325833e-01
  1.630000000000000e+00,  6.194871181776257e-01,  8.942045427782430e-03,  2.401668103385739e-02,  2.169206875381097e-01,  5.171336852263437e-02,  3.134727253447934e-01
  1.640000000000000e+00,  6.235492512569811e-01,  9.195615574247418e-03,  2.518461058297452e-02,  2.113938776452521e-01,  5.762052267704432e-02,  3.145945300810191e-01
  1.650000000000000e+00,  6.279856399467149e-01,  9.411164074182299e-03,  2.646603448426542e-02,  2.059525426627830e-01,  6.341086968284627e-02,  3.155878586604306e-01
  1.660000000000000e+00,  6.327633803577781e-01,  9.587946371479417e-03,  2.786118417196197e-02,  2.006054743078473e-01,  6.907303426871368e-02,  3.164517541324826e-01
  1.670000000000000e+00,  6.378271069320554e-01,  9.726806298077317e-03,  2.936922396319740e-02,  1.953551542427526e-01,  7.459800367607998e-02,  3.171865997320819e-01
  1.680000000000000e+00,  6.431313402642225e-01,  9.828029069877564e-03,  3.098941579639482e-02,  1.902056412197083e-01,  7.997767054250762e-02,  3.177934382235653e-01
  1.690000000000000e+00,  6.486300649220209e-01,  9.891840372318939e-03,  3.272090111813127e-02,  1.851597460479875e-01,  8.520558950504947e-02,  3.182744341651559e-01
  1.700000000000000e+00,  6.542788125828959e-01,  9.918418955523256e-03,  3.456280701129703e-02,  1.802202236539671e-01,  9.027615516706479e-02,  3.186322407312803e-01
  1.710000000000000e+00,  6.600320077203078e-01,  9.908075781179360e-03,  3.651397768100872e-02,  1.753886084531869e-01,  9.518523812022436e-02,  3.188702277214885e-01
  1.720000000000000e+00,  6.658457720231938e-01,  9.861469154444524e-03,  3.857235945869050e-02,  1.706666531538875e-01,  9.992923847175700e-02,  3.189922177819495e-01
  1.730000000000000e+00,  6.716787835031391e-01,  9.780180860549104e-03,  4.073352093952498e-02,  1.660567994778527e-01,  1.045047303962652e-01,  3.190026661943209e-01
  1.740000000000000e+00,  6.774954141905543e-01,  9.667480312553822e-03,  4.298827576656915e-02,  1.615632882918560e-01,  1.089078392457239e-01,  3.189070913857033e-01
  1.750000000000000e+00,  6.832707435323991e-01,  9.529185409850927e-03,  4.531959557730628e-02,  1.571940197079511e-01,  1.131332012251485e-01,  3.187128097007894e-01
  1.760000000000000e+00,  6.889970988722182e-01,  9.374178966156776e-03,  4.769975631780666e-02,  1.529628360784514e-01,  1.171728658310892e-01,  3.184299381631953e-01
  1.770000000000000e+00,  6.946804652185645e-01,  9.212905423568785e-03,  5.009346970320520e-02,  1.488877113417239e-01,  1.210174001312152e-01,  3.180715922637347e-01
  1.780000000000000e+00,  7.003301185499924e-01,  9.055489146404527e-03,  5.246330142372060e-02,  1.449869752704207e-01,  1.246579145537210e-01,  3.176529838283461e-01
  1.790000000000000e+00,  7.059454820851396e-01,  8.909988873468722e-03,  5.477610390156989e-02,  1.412750465194013e-01,  1.280880852627386e-01,  3.171895743604311e-01
  1.800000000000000e+00,  7.115063740743521e-01,  8.780189923198289e-03,  5.701110178234942e-02,  1.377583969556667e-01,  1.313061607432703e-01,  3.166947512241935e-01
  1.810000000000000e+00,  7.169781690347108e-01,  8.666515205511649e-03,  5.915829286861528e-02,  1.344372925496221e-01,  1.343139280605309e-01,  3.161792712347399e-01
  1.820000000000000e+00,  7.223202934993341e-01,  8.567580885856962e-03,  6.121404352867105e-02,  1.313087501227862e-01,  1.371150817286916e-01,  3.156518983924174e-01
  1.830000000000000e+00,  7.274935122836397e-01,  8.481008288756753e-03,  6.317852026612435e-02,  1.283692267732214e-01,  1.397138016586994e-01,  3.151197668251672e-01
  1.840000000000000e+00,  7.324632422476163e-01,  8.404231327719502e-03,  6.505294368868432e-02,  1.256156854683389e-01,  1.421141560401169e-01,  3.145893138321871e-01
  1.850000000000000e+00,  7.371979757841122e-01,  8.334876049540751e-03,  6.683870112382008e-02,  1.230455149546753e-01,  1.443199950582479e-01,  3.140664433186689e-01
  1.860000000000000e+00,  7.416722633717515e-01,  8.270847690827310e-03,  6.853673496714704e-02,  1.206575154009125e-01,  1.463344715682697e-01,  3.135567049966641e-01
  1.870000000000000e+00,  7.458652265075911e-01,  8.209335462496137e-03,  7.015038276847296e-02,  1.184507084127632e-01,  1.481607459995598e-01,  3.130649262437315e-01
  1.880000000000000e+00,  7.497578449874693e-01,  8.149122077614424e-03,  7.167913185411885e-02,  1.164251964243209e-01,  1.498011080055170e-01,  3.125962017825747e-01
  1.890000000000000e+00,  7.533344262180384e-01,  8.088221777227789e-03,  7.312499976133138e-02,  1.145808991210404e-01,  1.512579979326349e-01,  3.121549284459948e-01
  1.900000000000000e+00,  7.565812079222821e-01,  8.025512132560531e-03,  7.448810783852339e-02,  1.129183832767367e-01,  1.525332792238558e-01,  3.117453878388565e-01
  1.910000000000000e+00,  7.594857436903274e-01,  7.960697755883039e-03,  7.576674685379686e-02,  1.114386494077473e-01,  1.536283279654111e-01,  3.113717417899710e-01
  1.920000000000000e+00,  7.620375480372616e-01,  7.892895451029336e-03,  7.696125820234412e-02,  1.101422592807599e-01,  1.545446948411568e-01,  3.110374512363155e-01
  1.930000000000000e+00,  7.642276599339877e-01,  7.821443702882069e-03,  7.807177756667043e-02,  1.090298264710329e-01,  1.552837102208849e-01,  3.107455717775963e-01
  1.940000000000000e+00,  7.660478113425708e-01,  7.746378845046031e-03,  7.909695300157468e-02,  1.081020902644232e-01,  1.558463359665790e-01,  3.104988899983245e-01
  1.950000000000000e+00,  7.674917070950455e-01,  7.667620869705960e-03,  8.003589473899786e-02,  1.073598099202408e-01,  1.562334213986781e-01,  3.102998711220378e-01
  1.960000000000000e+00,  7.685526411904581e-01,  7.585278946501850e-03,  8.088803841903570e-02,  1.068032318575466e-01,  1.564457420911501e-01,  3.101499718169304e-01
  1.970000000000000e+00,  7.692278881566290e-01,  7.498264001264632e-03,  8.165611993612798e-02,  1.064322928373002e-01,  1.564843264785163e-01,  3.100499246485733e-01
  1.980000000000000e+00,  7.695151232043992e-01,  7.407126876037173e-03,  8.233837541233682e-02,  1.062475232029459e-01,  1.563494767822935e-01,  3.100009941714633e-01
  1.990000000000000e+00,  7.694125300347776e-01,  7.311989485239589e-03,  8.293488379895540e-02,  1.062489292046297e-01,  1.560415714335445e-01,  3.100032782542534e-01
  2.000000000000000e+00,  7.689198851261663e-01,  7.213386988986770e-03,  8.344477860589390e-02,  1.064366229084369e-01,  1.555606903237524e-01,  3.100565871830222e-01
  2.010000000000000e+00,  7.680389557308362e-01,  7.111158791760053e-03,  8.386936677848127e-02,  1.068102143083699e-01,  1.549071034676059e-01,  3.101599579904258e-01
  2.020000000000000e+00,  7.667722124808800e-01,  7.006375100894635e-03,  8.420681487347249e-02,  1.073697291253008e-01,  1.540804755012304e-01,  3.103124220891016e-01
  2.030000000000000e+00,  7.651241995280945e-01,  6.899514184619537e-03,  8.445722091740288e-02,  1.081147467882853e-01,  1.530806158991529e-01,  3.105122392109521e-01
  2.040000000000000e+00,  7.631008928861062e-01,  6.791535899329570e-03,  8.461964905703226e-02,  1.090449118136235e-01,  1.519070442667512e-01,  3.107573628215854e-01
  2.050000000000000e+00,  7.607100078651743e-01,  6.683664598933214e-03,  8.469275758942682e-02,  1.101598474869171e-01,  1.505590801912580e-01,  3.110453513635969e-01
  2.060000000000000e+00,  7.579611827475370e-01,  6.577393090637207e-03,  8.467481422672037e-02,  1.114591864256163e-01,  1.490358396625874e-01,  3.113733745060991e-01
  2.070000000000000e+00,  7.548662077282303e-01,  6.474461731372116e-03,  8.456377968569864e-02,  1.129426028623288e-01,  1.473362384690259e-01,  3.117382086049353e-01
  2.080000000000000e+00,  7.514392920166296e-01,  6.376804135957537e-03,  8.435748146701412e-02,  1.146098395839546e-01,  1.454590083206020e-01,  3.121362166224964e-01
  2.090000000000000e+00,  7.476973429191575e-01,  6.286456643946892e-03,  8.405388576562382e-02,  1.164607204295610e-01,  1.434027302868193e-01,  3.125633076231504e-01
  2.100000000000000e+00,  7.436599340781311e-01,  6.205719511739982e-03,  8.365071294354935e-02,  1.184952201958812e-01,  1.411657931848530e-01,  3.130149685117447e-01
  2.110000000000000e+00,  7.393504403891810e-01,  6.135782191314387e-03,  8.314907719481311e-02,  1.207130007884024e-01,  1.387469117289751e-01,  3.134857648471549e-01
  2.120000000000000e+00,  7.347949046375563e-01,  6.078209918317867e-03,  8.254955026662728e-02,  1.231140043539573e-01,  1.361445866581145e-01,  3.139698446052896e-01
  2.130000000000000e+00,  7.300206764115069e-01,  6.034129226449858e-03,  8.185447258442376e-02,  1.256974657422574e-01,  1.333577408504505e-01,  3.144605171574230e-01
  2.140000000000000e+00,  7.250582812319201e-01,  6.003341031123988e-03,  8.107007965771633e-02,  1.284623079649896e-01,  1.303857676239166e-01,  3.149500210463559e-01
  2.150000000000000e+00,  7.199378467423200e-01,  5.984375749745974e-03,  8.020640272771630e-02,  1.314060092573548e-01,  1.272290590879196e-01,  3.154295256423783e-01
  2.160000000000000e+00,  7.146872458788283e-01,  5.974554806532861e-03,  7.927706467541516e-02,  1.345242560556003e-01,  1.238891918522481e-01,  3.158891305050796e-01
  2.170000000000000e+00,  7.093315700009423e-01,  5.969642930078178e-03,  7.829984026335117e-02,  1.378108032217526e-01,  1.203691171510106e-01,  3.163180437037681e-01
  2.180000000000000e+00,  7.038932167417347e-01,  5.964163719594850e-03,  7.729538275798317e-02,  1.412578929561321e-01,  1.166729543732420e-01,  3.167051150438326e-01
  2.190000000000000e+00,  6.983895582835945e-01,  5.951837782442793e-03,  7.628598835788564e-02,  1.448553650009389e-01,  1.128064168286625e-01,  3.170390766724011e-01
  2.200000000000000e+00,  6.928388690697637e-01,  5.926156605781774e-03,  7.529322775287942e-02,  1.485931399163758e-01,  1.087756137947791e-01,  3.173095903156010e-01
  2.210000000000000e+00,  6.872585180311301e-01,  5.881042987240459e-03,  7.433651783119422e-02,  1.524603099089282e-01,  1.045874729977142e-01,  3.175072313548245e-01
  2.220000000000000e+00,  6.816707131321859e-01,  5.811185470935953e-03,  7.343169293913583e-02,  1.564474122587143e-01,  1.002486376198887e-01,  3.176242340088664e-01
  2.230000000000000e+00,  6.760994073640056e-01,  5.712246097174134e-03,  7.259115189149537e-02,  1.605449689002537e-01,  9.576623488087796e-02,  3.176539831085309e-01
  2.240000000000000e+00,  6.705730543147183e-01,  5.580757818417048e-03,  7.182391924902783e-02,  1.647446133605837e-01,  9.114736197293098e-02,  3.175913145782057e-01
  2.250000000000000e+00,  6.651235116340758e-01,  5.413972006864221e-03,  7.113629380333611e-02,  1.690386224413252e-01,  8.639936940754639e-02,  3.174323372275018e-01
  2.260000000000000e+00,  6.597842153493660e-01,  5.209697939061231e-03,  7.053259641848796e-02,  1.734191398937211e-01,  8.153033259540052e-02,  3.171741616171043e-01
  2.270000000000000e+00,  6.545793097701857e-01,  4.966897321500019e-03,  7.001532302643214e-02,  1.778759228998886e-01,  7.654937849820903e-02,  3.168147372977771e-01
  2.280000000000000e+00,  6.495710781613449e-01,  4.682283205691640e-03,  6.958650670309356e-02,  1.824066362788021e-01,  7.146515002256312e-02,  3.163540553926630e-01
  2.290000000000000e+00,  6.447810808485269e-01,  4.355699553245440e-03,  6.924623301112609e-02,  1.869995604619321e-01,  6.628871232870687e-02,  3.157920306740867e-01
  2.300000000000000e+00,  6.402430537531753e-01,  3.986293505182426e-03,  6.899409007586797e-02,  1.916450666879623e-01,  6.103168329367127e-02,  3.151301452121035e-01
  2.310000000000000e+00,  6.359979530916440e-01,  3.573064070734544e-03,  6.882879526281771e-02,  1.963347437676205e-01,  5.570638031197320e-02,  3.143711062020183e-01
  2.320000000000000e+00,  6.320814639535040e-01,  3.115591499124326e-03,  6.874819680701112e-02,  2.010585563313324e-01,  5.032628661083703e-02,  3.135186793141655e-01
  2.330000000000000e+00,  6.285365886637507e-01,  2.613562472693287e-03,  6.874904196652779e-02,  2.058080203495694e-01,  4.490537931239154e-02,  3.125777077896672e-01
  2.340000000000000e+00,  6.253814250719208e-01,  2.067928927818929e-03,  6.882789251018012e-02,  2.105681042248763e-01,  3.945972403206854e-02,  3.115541872497342e-01
  2.350000000000000e+00,  6.226549883303582e-01,  1.479398946220511e-03,  6.897983404286880e-02,  2.153289852622159e-01,  3.400496171190245e-02,  3.104550201762599e-01
  2.360000000000000e+00,  6.203688619264044e-01,  8.499371956627311e-04,  6.920005302348212e-02,  2.200737821208229e-01,  2.855872101311818e-02,  3.092883032264970e-01
  2.370000000000000e+00,  6.185546079359726e-01,  1.816887908352438e-04,  6.948209058471502e-02,  2.247910388695896e-01,  2.313788875812720e-02,  3.080624679914949e-01
  2.380000000000000e+00,  6.172053599347879e-01, -5.218909734407973e-04,  6.982033309069050e-02,  2.294595658057808e-01,  1.776161912818121e-02,  3.067872593808603e-01
  2.390000000000000e+00,  6.163347929064062e-01, -1.256913908358914e-03,  7.020747232772753e-02,  2.340642610094712e-01,  1.244781503237917e-02,  3.054721392315730e-01
  2.400000000000000e+00,  6.159131235418787e-01, -2.018402835221256e-03,  7.063758755682981e-02,  2.385793647017726e-01,  7.216426098168353e-03,  3.041278619741196e-01
  2.410000000000000e+00,  6.159207970247794e-01, -2.800766507075059e-03,  7.110364637800244e-02,  2.429830708124834e-01,  2.086172307500478e-03,  3.027645641805113e-01
  2.420000000000000e+00,  6.163044583238041e-01, -3.597698621402801e-03,  7.159977275255659e-02,  2.472461756085891e-01, -2.923374893290473e-03,  3.013930403421676e-01
  2.430000000000000e+00,  6.170135435186218e-01, -4.402287254638981e-03,  7.211949931083489e-02,  2.513422286924853e-01, -7.794112849196932e-03,  3.000230754118263e-01
  2.440000000000000e+00,  6.179542136394208e-01, -5.207391524553184e-03,  7.265821943807402e-02,  2.552358299214879e-01, -1.250739938269665e-02,  2.986651992524382e-01
  2.450000000000000e+00,  6.190415925753565e-01, -6.005531055923274e-03,  7.321065270947799e-02,  2.588968620200196e-01, -1.704706311153658e-02,  2.973282034844398e-01
  2.460000000000000e+00,  6.190415925753565e-01, -6.005531055923274e-03,  7.321065270947799e-02,  2.588968620200196e-01, -1.704706311153658e-02,  2.973282034844398e-01
