Main.Studies.MarkerTracking.t,Main.Studies.MarkerTracking.JointAngleOutputs.OutputFile_RightArm.ThoraxClavicula[0],Main.Studies.MarkerTracking.JointAngleOutputs.OutputFile_RightArm.ThoraxClavicula[1],Main.Studies.MarkerTracking.JointAngleOutputs.OutputFile_RightArm.ThoraxClavicula[2],Main.Studies.MarkerTracking.JointAngleOutputs.OutputFile_RightArm.ClaviculaScapula[0],Main.Studies.MarkerTracking.JointAngleOutputs.OutputFile_RightArm.ClaviculaScapula[1],Main.Studies.MarkerTracking.JointAngleOutputs.OutputFile_RightArm.ClaviculaScapula[2],Main.Studies.MarkerTracking.JointAngleOutputs.OutputFile_RightArm.ScapulaHumerus[0],Main.Studies.MarkerTracking.JointAngleOutputs.OutputFile_RightArm.ScapulaHumerus[1],Main.Studies.MarkerTracking.JointAngleOutputs.OutputFile_RightArm.ScapulaHumerus[2],Main.Studies.MarkerTracking.JointAngleOutputs.OutputFile_RightArm.HumerusUlna,Main.Studies.MarkerTracking.JointAngleOutputs.OutputFile_RightArm.UlnaRadius,Main.Studies.MarkerTracking.JointAngleOutputs.OutputFile_RightArm.RadiusWrist,Main.Studies.MarkerTracking.JointAngleOutputs.OutputFile_RightArm.WristHand
  1.000000000000000e+00, -3.091731144622518e-02, -2.541858575431367e-01,  6.130412268225714e-02, -2.633515037275718e-02,  7.195580619179287e-01, -3.648726854347086e-03,  7.667386483357656e-03,  9.125038352304455e-01,  1.966773518901742e-01,  1.598076817937859e-01,  2.834682984359679e+00,  3.063800596492590e+00,  2.548176188124963e+00
  1.010000000000000e+00, -3.093417785014314e-02, -2.534965085112214e-01,  6.103396792017417e-02, -2.649816186301029e-02,  7.196385909325087e-01, -3.867931173784607e-03,  8.214325806664702e-03,  9.106977944550113e-01,  2.022012817496408e-01,  1.605117232698345e-01,  2.834518868481481e+00,  3.063814261742362e+00,  2.548374988110670e+00
  1.020000000000000e+00, -3.095125872565108e-02, -2.527809893052377e-01,  6.075380868773401e-02, -2.666658955495607e-02,  7.197229278109938e-01, -4.095210218769778e-03,  8.795642626482749e-03,  9.088980155087044e-01,  2.079409106913915e-01,  1.612086621800969e-01,  2.834423574154122e+00,  3.063826372392744e+00,  2.548604983797459e+00
  1.030000000000000e+00, -3.096857823172864e-02, -2.520314994522307e-01,  6.046065915315919e-02, -2.684203220512354e-02,  7.198122443010486e-01, -4.332959606644249e-03,  9.414416896574471e-03,  9.071413574395761e-01,  2.139619172378724e-01,  1.618820354601014e-01,  2.834436303089507e+00,  3.063849180402704e+00,  2.548876273366387e+00
  1.040000000000000e+00, -3.098677129261955e-02, -2.512450183845737e-01,  6.015315994106906e-02, -2.702589162429065e-02,  7.199061044476863e-01, -4.582392564683012e-03,  1.007592902073046e-02,  9.053768168926903e-01,  2.202814028182395e-01,  1.625511569623952e-01,  2.834559540109593e+00,  3.063861578537236e+00,  2.549188710453632e+00
  1.050000000000000e+00, -3.100546895330380e-02, -2.504220742579030e-01,  5.983165731860142e-02, -2.721754588199407e-02,  7.200049852460930e-01, -4.843166496125256e-03,  1.078321771858905e-02,  9.036146775192375e-01,  2.268994944571349e-01,  1.632090569811759e-01,  2.834782326731442e+00,  3.063866958346067e+00,  2.549546913070601e+00
  1.060000000000000e+00, -3.102429332249934e-02, -2.495615881960294e-01,  5.949588537929532e-02, -2.741668729953008e-02,  7.201096241174957e-01, -5.115426213387658e-03,  1.153748278699715e-02,  9.018917380626856e-01,  2.338304952331352e-01,  1.638400016613649e-01,  2.835103970835740e+00,  3.063871182160537e+00,  2.549955506421152e+00
  1.070000000000000e+00, -3.104348504694024e-02, -2.486631300934777e-01,  5.914561605177780e-02, -2.762367162186069e-02,  7.202197657670339e-01, -5.399405273743897e-03,  1.234658138333687e-02,  9.001479027918305e-01,  2.410740578273581e-01,  1.644634396013475e-01,  2.835506623124397e+00,  3.063856391776779e+00,  2.550416996402854e+00
  1.080000000000000e+00, -3.106266187861177e-02, -2.477256429401349e-01,  5.878059523488380e-02, -2.783817546637085e-02,  7.203361549619345e-01, -5.695238016517872e-03,  1.321172086968346e-02,  8.984218916183470e-01,  2.486444339946551e-01,  1.650632018544598e-01,  2.835989090178323e+00,  3.063828069135189e+00,  2.550936080454380e+00
  1.090000000000000e+00, -3.108183252214669e-02, -2.467484828315095e-01,  5.840059442585194e-02, -2.806029299020781e-02,  7.204589093427597e-01, -6.003113612634651e-03,  1.413884145638338e-02,  8.966890079617922e-01,  2.565464842966014e-01,  1.656461240303966e-01,  2.836537342649476e+00,  3.063774611771362e+00,  2.551515848843488e+00
  1.100000000000000e+00, -3.110079068674864e-02, -2.457310768862818e-01,  5.800548643897802e-02, -2.828982401302636e-02,  7.205884491735285e-01, -6.323098382435453e-03,  1.513260765216981e-02,  8.949483687322985e-01,  2.647874760557544e-01,  1.662111236173484e-01,  2.837140732234841e+00,  3.063690096973571e+00,  2.552159855240370e+00
  1.110000000000000e+00, -3.111967742159981e-02, -2.446725343576799e-01,  5.759490576507733e-02, -2.852707698549727e-02,  7.207247430290731e-01, -6.655516868779603e-03,  1.620052790500534e-02,  8.931642582274713e-01,  2.733724198599990e-01,  1.667667248656456e-01,  2.837780526816513e+00,  3.063558418261438e+00,  2.552871938911874e+00
  1.120000000000000e+00, -3.113819357057910e-02, -2.435724278136801e-01,  5.716881430484284e-02, -2.877169677950677e-02,  7.208683280571951e-01, -7.000345674429768e-03,  1.734773013340288e-02,  8.913412735490367e-01,  2.823084701466601e-01,  1.673103764348619e-01,  2.838445628808697e+00,  3.063373464382820e+00,  2.553655640824179e+00
  1.130000000000000e+00, -3.115629226602773e-02, -2.424300857313273e-01,  5.672699608768512e-02, -2.902369945607711e-02,  7.210194161787269e-01, -7.357752660210906e-03,  1.858164584467678e-02,  8.894585428395931e-01,  2.916012007665885e-01,  1.678465342923704e-01,  2.839119329770652e+00,  3.063121341267841e+00,  2.554514663066159e+00
  1.140000000000000e+00, -3.117387071083067e-02, -2.412450766360856e-01,  5.626934662427048e-02, -2.928297788970226e-02,  7.211782656531435e-01, -7.727805249939263e-03,  1.991061197259344e-02,  8.874938126490781e-01,  3.012546504546914e-01,  1.683807253995206e-01,  2.839782393943656e+00,  3.062787035391947e+00,  2.555452593739789e+00
  1.150000000000000e+00, -3.119081741173033e-02, -2.400164123618602e-01,  5.579555314974363e-02, -2.954952168190028e-02,  7.213452367245093e-01, -8.110735683392361e-03,  2.134179481487805e-02,  8.854402668687645e-01,  3.112780065769462e-01,  1.689125251576034e-01,  2.840426333671678e+00,  3.062358351649181e+00,  2.556472816018851e+00
  1.160000000000000e+00, -3.120712268432689e-02, -2.387435237309839e-01,  5.530542954056283e-02, -2.982336412979558e-02,  7.215204798453178e-01, -8.506694566937470e-03,  2.288570352349617e-02,  8.832655674992694e-01,  3.216748382331957e-01,  1.694502189037910e-01,  2.841029797049909e+00,  3.061815417653668e+00,  2.557578730342166e+00
  1.170000000000000e+00, -3.122270402113639e-02, -2.374255549368113e-01,  5.479870623918013e-02, -3.010449815022232e-02,  7.217042988578354e-01, -8.915884756461243e-03,  2.455226803018358e-02,  8.809511122216647e-01,  3.324522176632924e-01,  1.699975636952201e-01,  2.841580190968808e+00,  3.061141280905961e+00,  2.558773364703861e+00
  1.180000000000000e+00, -3.123758191518113e-02, -2.360613696923955e-01,  5.427497398576059e-02, -3.039310020245034e-02,  7.218968957096569e-01, -9.338641274783179e-03,  2.635275733884867e-02,  8.784721484481192e-01,  3.436180117353870e-01,  1.705591491477702e-01,  2.842064212015153e+00,  3.060316513438150e+00,  2.560059937215319e+00
  1.190000000000000e+00, -3.125164592933156e-02, -2.346500108744346e-01,  5.373393712347715e-02, -3.068913826757447e-02,  7.220986380550910e-01, -9.775181855756892e-03,  2.829899701432649e-02,  8.758097994123036e-01,  3.551800694922739e-01,  1.711399048878785e-01,  2.842473574922073e+00,  3.059322381038058e+00,  2.561440189516571e+00
  1.200000000000000e+00, -3.126493542484462e-02, -2.331900293413764e-01,  5.317506482845142e-02, -3.099286444333594e-02,  7.223097578618026e-01, -1.022594234713446e-02,  3.040420033889047e-02,  8.729394083002463e-01,  3.671482357473513e-01,  1.717444594451062e-01,  2.842799856683741e+00,  3.058138193502036e+00,  2.562916402340529e+00
  1.210000000000000e+00, -3.127740160339879e-02, -2.316800406142182e-01,  5.259788244623158e-02, -3.130439874375286e-02,  7.225306096911180e-01, -1.069129579272548e-02,  3.268247257890204e-02,  8.698399198853165e-01,  3.795326881194165e-01,  1.723774177752250e-01,  2.843036627573654e+00,  3.056744223527894e+00,  2.564490088202401e+00
  1.220000000000000e+00, -3.128920105841743e-02, -2.301178750119170e-01,  5.200155194477483e-02, -3.162427118821738e-02,  7.227613797132246e-01, -1.117194779237872e-02,  3.514894604067503e-02,  8.664877426266494e-01,  3.923475103018202e-01,  1.730423135351806e-01,  2.843185729151543e+00,  3.055118535482611e+00,  2.566162068049674e+00
  1.230000000000000e+00, -3.130034427872414e-02, -2.285016605860672e-01,  5.138540005000458e-02, -3.195275760497707e-02,  7.230024254273524e-01, -1.166844252916022e-02,  3.781992400728262e-02,  8.628627521595060e-01,  4.056057692810814e-01,  1.737428847731284e-01,  2.843247045753192e+00,  3.053241227029317e+00,  2.567932721778182e+00
  1.240000000000000e+00, -3.131094560030404e-02, -2.268289463422818e-01,  5.074850330889933e-02, -3.229037036584382e-02,  7.232540525941814e-01, -1.218154579957659e-02,  4.071294967513726e-02,  8.589445955274868e-01,  4.193238981522586e-01,  1.744815253018925e-01,  2.843224080610552e+00,  3.051092289825563e+00,  2.569802218785845e+00
  1.250000000000000e+00, -3.132097468451111e-02, -2.250976117210226e-01,  5.009011498119602e-02, -3.263736218183682e-02,  7.235167322500483e-01, -1.271185223279951e-02,  4.384662908403106e-02,  8.547168198857132e-01,  4.335170093100447e-01,  1.752616154356663e-01,  2.843122553829468e+00,  3.048653032017239e+00,  2.571769059950075e+00
  1.260000000000000e+00, -3.133069542244803e-02, -2.233048370583112e-01,  4.940913161858720e-02, -3.299448636836839e-02,  7.237906281571842e-01, -1.326030247783037e-02,  4.724107708394697e-02,  8.501567335811395e-01,  4.482021068365160e-01,  1.760844509617975e-01,  2.842953875867248e+00,  3.045902421346053e+00,  2.573831886461277e+00
  1.270000000000000e+00, -3.134005314148219e-02, -2.214482842553254e-01,  4.870474106558750e-02, -3.336198338374675e-02,  7.240762991410828e-01, -1.382753845305595e-02,  5.091766497252841e-02,  8.452499803521253e-01,  4.633957012436098e-01,  1.769522627713107e-01,  2.842724388218398e+00,  3.042823822799252e+00,  2.575988211928152e+00
  1.280000000000000e+00, -3.134925729025637e-02, -2.195252343279155e-01,  4.797590589872422e-02, -3.374049194509669e-02,  7.243739910933394e-01, -1.441443665268279e-02,  5.489934960413182e-02,  8.399756859994441e-01,  4.791137459116881e-01,  1.778653397148130e-01,  2.842445239118571e+00,  3.039398403558811e+00,  2.578235529510375e+00
  1.290000000000000e+00, -3.135841551384767e-02, -2.175327898359108e-01,  4.722156025924362e-02, -3.413054016120599e-02,  7.246841376833381e-01, -1.502187542661038e-02,  5.921097742358506e-02,  8.343162403892582e-01,  4.953744763292439e-01,  1.788237750175684e-01,  2.842125879542062e+00,  3.035609413186944e+00,  2.580570574117765e+00
  1.300000000000000e+00, -3.136750322627866e-02, -2.154686903587717e-01,  4.644092675626771e-02, -3.453235177703582e-02,  7.250072729921629e-01, -1.565047370675301e-02,  6.387887373358858e-02,  8.282548224177977e-01,  5.121917043710609e-01,  1.798287848147867e-01,  2.841773565425386e+00,  3.031441196419652e+00,  2.582988625101558e+00
  1.310000000000000e+00, -3.137669769283563e-02, -2.133305039802417e-01,  4.563310342961791e-02, -3.494642659718469e-02,  7.253436765149893e-01, -1.630099153859079e-02,  6.893128948606526e-02,  8.217691174021603e-01,  5.295774362704000e-01,  1.808792053129140e-01,  2.841397004258249e+00,  3.026877106489682e+00,  2.585485282506957e+00
  1.320000000000000e+00, -3.138603358577761e-02, -2.111155849514183e-01,  4.479715962154143e-02, -3.537310711971639e-02,  7.256938826699347e-01, -1.697418167300085e-02,  7.439918603765687e-02,  8.148392014646912e-01,  5.475464353742872e-01,  1.819747736213618e-01,  2.841001238275411e+00,  3.021902264530102e+00,  2.588054894338884e+00
  1.330000000000000e+00, -3.139552103082932e-02, -2.088225842152911e-01,  4.393266535117871e-02, -3.581244702932344e-02,  7.260582609151278e-01, -1.767038850004679e-02,  8.031447344588807e-02,  8.074417133073509e-01,  5.661017343578965e-01,  1.831149829689880e-01,  2.840589308440129e+00,  3.016502017351141e+00,  2.590690920321265e+00
  1.340000000000000e+00, -3.140520149836070e-02, -2.064493276801035e-01,  4.303887523741471e-02, -3.626468027015661e-02,  7.264372826705033e-01, -1.839021481101301e-02,  8.671248419415142e-02,  7.995526071376300e-01,  5.852519099138818e-01,  1.842986472181162e-01,  2.840162244046574e+00,  3.010662462617694e+00,  2.593386362099297e+00
  1.350000000000000e+00, -3.141497281452566e-02, -2.039952707866299e-01,  4.211570540035893e-02, -3.672954254790275e-02,  7.268313707419835e-01, -1.913370009116905e-02,  9.362934720319023e-02,  7.911463729675285e-01,  6.049921878173870e-01,  1.855254108193681e-01,  2.839716957313446e+00,  3.004371023920479e+00,  2.596132675217362e+00
  1.360000000000000e+00, -3.142477799855078e-02, -2.014595446565376e-01,  4.116293859900316e-02, -3.720687704186009e-02,  7.272409459200049e-01, -1.990099818633651e-02,  1.011041231320855e-01,  7.821956841503988e-01,  6.253186092033417e-01,  1.867938150038720e-01,  2.839248484658869e+00,  2.997616026946765e+00,  2.598920924815391e+00
  1.370000000000000e+00, -3.143449784320203e-02, -1.988423656343737e-01,  4.018078575405055e-02, -3.769623982955075e-02,  7.276663479783790e-01, -2.069190333923257e-02,  1.091768405947511e-01,  7.726722368563003e-01,  6.462172815809636e-01,  1.881017144548536e-01,  2.838749430971634e+00,  2.990387766710999e+00,  2.601741241968643e+00
  1.380000000000000e+00, -3.144392937160241e-02, -1.961449694710050e-01,  3.916986522910579e-02, -3.819689063983059e-02,  7.281078743148904e-01, -2.150586169844305e-02,  1.178881250549154e-01,  7.625481645043752e-01,  6.676651514684828e-01,  1.894461686944516e-01,  2.838209963056882e+00,  2.982679423234514e+00,  2.604582785531970e+00
  1.390000000000000e+00, -3.145280515387795e-02, -1.933694723868807e-01,  3.813114196479745e-02, -3.870784874525457e-02,  7.285657712939433e-01, -2.234202385575327e-02,  1.272781487799813e-01,  7.517986546304836e-01,  6.896311281315390e-01,  1.908235861537350e-01,  2.837617533062545e+00,  2.974488617772950e+00,  2.607433558024663e+00
  1.400000000000000e+00, -3.146079527893994e-02, -1.905193274678759e-01,  3.706609414510287e-02, -3.922782013794191e-02,  7.290401493943680e-01, -2.319911109167088e-02,  1.373853158495123e-01,  7.404016256340846e-01,  7.120721651974807e-01,  1.922281753793139e-01,  2.836958548049124e+00,  2.965818231843331e+00,  2.610280980511243e+00
  1.410000000000000e+00, -3.146747511356721e-02, -1.875998554720528e-01,  3.597691669641134e-02, -3.975507191109132e-02,  7.295309326862512e-01, -2.407524476780440e-02,  1.482433344761117e-01,  7.283413691240417e-01,  7.349296040702066e-01,  1.936502721799439e-01,  2.836221125057732e+00,  2.956678653540308e+00,  2.613112417364527e+00
  1.420000000000000e+00, -3.147239345794884e-02, -1.846171288596672e-01,  3.486608022585883e-02, -4.028772775593148e-02,  7.300379426385327e-01, -2.496831536426497e-02,  1.598812211731096e-01,  7.156110200255661e-01,  7.581382590386393e-01,  1.950784335137677e-01,  2.835391503018925e+00,  2.947089187331335e+00,  2.615914584392797e+00
  1.430000000000000e+00, -3.147498350999311e-02, -1.815793524338257e-01,  3.373686803840754e-02, -4.082342077885094e-02,  7.305607836159006e-01, -2.587553208768522e-02,  1.723186556380144e-01,  7.022152768303623e-01,  7.816164936531125e-01,  1.964961410183962e-01,  2.834459700103268e+00,  2.937079958486907e+00,  2.618674837024522e+00
  1.440000000000000e+00, -3.147487092546736e-02, -1.784962781016485e-01,  3.259306006106227e-02, -4.135979902126798e-02,  7.310984823433659e-01, -2.679374513130032e-02,  1.855613593821693e-01,  6.881751840005954e-01,  8.052691247517748e-01,  1.978815992081760e-01,  2.833419046686202e+00,  2.926696036820439e+00,  2.621380913965589e+00
  1.450000000000000e+00, -3.147142707989947e-02, -1.753784587950601e-01,  3.143878799337450e-02, -4.189410131316512e-02,  7.316502635311893e-01, -2.771946474656947e-02,  1.996066629684336e-01,  6.735232089157599e-01,  8.289983214122598e-01,  1.992102388226460e-01,  2.832264999747504e+00,  2.915991129194054e+00,  2.624022045735487e+00
  1.460000000000000e+00, -3.146445409950645e-02, -1.722375973072565e-01,  3.027845635819473e-02, -4.242396775248091e-02,  7.322144786960617e-01, -2.864907738566858e-02,  2.144323988049413e-01,  6.583113162675439e-01,  8.526956622696467e-01,  2.004514515225525e-01,  2.830999070055808e+00,  2.905035508722919e+00,  2.626588804246791e+00
  1.470000000000000e+00, -3.145366953708033e-02, -1.690858928296946e-01,  2.911665478725093e-02, -4.294690820958631e-02,  7.327894691877077e-01, -2.957880396196777e-02,  2.300036897595882e-01,  6.426042573822468e-01,  8.762529243793616e-01,  2.015729543128268e-01,  2.829626171006164e+00,  2.893907517299920e+00,  2.629073620884429e+00
  1.480000000000000e+00, -3.143922202943101e-02, -1.659348602086273e-01,  2.795756937863800e-02, -4.346115263741313e-02,  7.333730169112296e-01, -3.050528875784963e-02,  2.462717785664428e-01,  6.264778331939502e-01,  8.995672287700748e-01,  2.025411214908594e-01,  2.828154089360599e+00,  2.882693574929478e+00,  2.631470640483125e+00
  1.490000000000000e+00, -3.142141665789232e-02, -1.627960274862964e-01,  2.680532598433675e-02, -4.396518265729963e-02,  7.339626230172023e-01, -3.142526462099211e-02,  2.631740327991842e-01,  6.100178415838526e-01,  9.225388034396679e-01,  2.033225125389417e-01,  2.826595096452639e+00,  2.871484292259359e+00,  2.633775803065682e+00
  1.500000000000000e+00, -3.140111048540348e-02, -1.596787247058555e-01,  2.566306355470123e-02, -4.445859213395863e-02,  7.345553259419507e-01, -3.233638663730037e-02,  2.806415321837305e-01,  5.933103011849137e-01,  9.450841309431335e-01,  2.038870444876206e-01,  2.824960942492630e+00,  2.860368823815232e+00,  2.635986309566321e+00
  1.510000000000000e+00, -3.137912194650896e-02, -1.565910555173708e-01,  2.453347215512709e-02, -4.494116964879775e-02,  7.351484020809727e-01, -3.323666822958768e-02,  2.986041886612329e-01,  5.764364487329670e-01,  9.671330870025482e-01,  2.042119267860255e-01,  2.823260871999236e+00,  2.849427764781526e+00,  2.638099891522835e+00
  1.520000000000000e+00, -3.135698064195302e-02, -1.535392236904994e-01,  2.341833335442329e-02, -4.541393766896590e-02,  7.357383931358220e-01, -3.412501969801153e-02,  3.169865920819103e-01,  5.594753389600668e-01,  9.886275206043861e-01,  2.042774722963772e-01,  2.821506311312254e+00,  2.838737227591202e+00,  2.640115201949768e+00
  1.530000000000000e+00, -3.133601101384135e-02, -1.505286330870722e-01,  2.231919549218522e-02, -4.587781245276992e-02,  7.363222597093924e-01, -3.500049917153050e-02,  3.357159861886490e-01,  5.424977156972220e-01,  1.009519956102241e+00,  2.040725331287961e-01,  2.819706397604609e+00,  2.828360228549459e+00,  2.642030710394200e+00
  1.540000000000000e+00, -3.131850552410707e-02, -1.475609989137651e-01,  2.123598239869924e-02, -4.633552882576697e-02,  7.368961946470011e-01, -3.586369412570410e-02,  3.547273983758323e-01,  5.255593749213007e-01,  1.029783528576262e+00,  2.035918643773254e-01,  2.817865769955494e+00,  2.818348788702829e+00,  2.643844892561960e+00
  1.550000000000000e+00, -3.130648338644562e-02, -1.446376816005399e-01,  2.016857896262816e-02, -4.678953172544022e-02,  7.374568466169398e-01, -3.671516767552808e-02,  3.739618249850359e-01,  5.087062530083324e-01,  1.049397442814089e+00,  2.028379858552094e-01,  2.815986687901326e+00,  2.808741155701724e+00,  2.645555680238081e+00
  1.560000000000000e+00, -3.130268664561179e-02, -1.417583688939583e-01,  1.911606796490761e-02, -4.724342556667384e-02,  7.380001023909143e-01, -3.755629761185321e-02,  3.933614357217602e-01,  4.919788568146397e-01,  1.068348524010875e+00,  2.018153918048404e-01,  2.814073917676167e+00,  2.799568683801660e+00,  2.647161270001810e+00
  1.570000000000000e+00, -3.131015588765798e-02, -1.389209256068553e-01,  1.807680186044638e-02, -4.770145633390742e-02,  7.385217473165370e-01, -3.838912195806934e-02,  4.128795182288261e-01,  4.754038704806671e-01,  1.086633812464801e+00,  2.005345346206232e-01,  2.812127391447278e+00,  2.790850503933260e+00,  2.648659360384308e+00
  1.580000000000000e+00, -3.133236563588237e-02, -1.361215434311363e-01,  1.704842500354017e-02, -4.816864495869428e-02,  7.390172460780529e-01, -3.921635285570573e-02,  4.324794420506876e-01,  4.589960806037832e-01,  1.104257612987380e+00,  1.990099639774272e-01,  2.810143172165710e+00,  2.782596082296392e+00,  2.650047489410388e+00
  1.590000000000000e+00, -3.137393201531998e-02, -1.333550898690920e-01,  1.602781168529919e-02, -4.865160070629376e-02,  7.394806399232365e-01, -4.004159234992918e-02,  4.521197654845459e-01,  4.427740471602528e-01,  1.121225786857171e+00,  1.972529096459150e-01,  2.808125848060472e+00,  2.774814601458545e+00,  2.651324093378462e+00
  1.600000000000000e+00, -3.143998671740585e-02, -1.306140085718088e-01,  1.501084784524856e-02, -4.915790087707523e-02,  7.399056851766619e-01, -4.086936536766724e-02,  4.717781919541075e-01,  4.267368376380321e-01,  1.137553303837177e+00,  1.952805988326104e-01,  2.806068845991845e+00,  2.767503438724797e+00,  2.652487296938758e+00
  1.610000000000000e+00, -3.153753407943165e-02, -1.278886120057867e-01,  1.399217607433534e-02, -4.969771209382161e-02,  7.402838054541823e-01, -4.170564606911487e-02,  4.914240527750884e-01,  4.108924270225425e-01,  1.153256798475069e+00,  1.931037025859811e-01,  2.803977573298981e+00,  2.760664047452142e+00,  2.653536609106566e+00
  1.620000000000000e+00, -3.167467019025052e-02, -1.251659407422515e-01,  1.296501153057314e-02, -5.028297397818102e-02,  7.406054735761822e-01, -4.255783335440088e-02,  5.110488976421121e-01,  3.952274415944066e-01,  1.168361110835894e+00,  1.907379586354742e-01,  2.801843343743015e+00,  2.754287900391842e+00,  2.654471883809998e+00
  1.630000000000000e+00, -3.186241509434787e-02, -1.224293755459697e-01,  1.192052434324123e-02, -5.092969799755403e-02,  7.408575983500029e-01, -4.343569188226955e-02,  5.306348688197225e-01,  3.797399810439629e-01,  1.182894823109080e+00,  1.881906224835568e-01,  2.799670920456237e+00,  2.748373133372067e+00,  2.655294603722012e+00
  1.640000000000000e+00, -3.211385446436337e-02, -1.196574806385201e-01,  1.084768481573290e-02, -5.165703769137493e-02,  7.410250381562307e-01, -4.435130259054181e-02,  5.501917440616244e-01,  3.644027953524013e-01,  1.196894397322404e+00,  1.854736253428342e-01,  2.797445481700373e+00,  2.742909103310149e+00,  2.656007644563786e+00
  1.650000000000000e+00, -3.244628529946001e-02, -1.168225572878742e-01,  9.732204504995290e-03, -5.249010290359993e-02,  7.410877474247913e-01, -4.532046244660007e-02,  5.697311355048770e-01,  3.491908460912005e-01,  1.210403483781404e+00,  1.825921822893839e-01,  2.795155797576332e+00,  2.737890624795629e+00,  2.656616197892078e+00
  1.660000000000000e+00, -3.288169834130900e-02, -1.138900460414991e-01,  8.556258174444459e-03, -5.346056123434303e-02,  7.410202305329215e-01, -4.636310079481524e-02,  5.892658315447585e-01,  3.340840789903721e-01,  1.223473590166219e+00,  1.795449447262897e-01,  2.792795219056432e+00,  2.733316933054181e+00,  2.657127667787225e+00
  1.670000000000000e+00, -3.344824663640073e-02, -1.108139571464314e-01,  7.296536572865075e-03, -5.460900723082866e-02,  7.407903466320507e-01, -4.750531142801385e-02,  6.088476075167716e-01,  3.190301820224731e-01,  1.236170337896688e+00,  1.763326898395974e-01,  2.790326173706602e+00,  2.729185210491633e+00,  2.657553369904634e+00
  1.680000000000000e+00, -3.418036346197642e-02, -1.075388178831280e-01,  5.925057231485631e-03, -5.598464983635232e-02,  7.403588720178400e-01, -4.877893218181410e-02,  6.285443760739995e-01,  3.039719374399698e-01,  1.248565122107566e+00,  1.729524725862966e-01,  2.787699003265018e+00,  2.725495117949183e+00,  2.657909143089196e+00
  1.690000000000000e+00, -3.512235998198947e-02, -1.039931391526036e-01,  4.406064172196634e-03, -5.765045276933305e-02,  7.396756582165674e-01, -5.022521357167936e-02,  6.484552278558809e-01,  2.888355595894117e-01,  1.260745273666804e+00,  1.693979389196675e-01,  2.784836847387135e+00,  2.722254637196733e+00,  2.658216760454878e+00
  1.700000000000000e+00, -3.632750124243476e-02, -1.000914099569422e-01,  2.697285104481889e-03, -5.968135262692480e-02,  7.386808762474164e-01, -5.189407932112701e-02,  6.687164274954944e-01,  2.735298361930936e-01,  1.272803618477688e+00,  1.656638626162082e-01,  2.781623901536057e+00,  2.719475183759227e+00,  2.658505460365245e+00
  1.710000000000000e+00, -3.785956487054872e-02, -9.573168234019222e-02,  7.490608535193772e-04, -6.216604590393249e-02,  7.373035929989095e-01, -5.384592795392579e-02,  6.895085786663583e-01,  2.579450922130539e-01,  1.284838417907172e+00,  1.617496917035502e-01,  2.777891785425001e+00,  2.717177169656253e+00,  2.658812590737461e+00
  1.720000000000000e+00, -3.978851257540278e-02, -9.080331331767179e-02, -1.491264442180187e-03, -6.519999855612947e-02,  7.354671274666192e-01, -5.614798897967911e-02,  7.110556137103371e-01,  2.419590215966207e-01,  1.296932832984302e+00,  1.576701460779049e-01,  2.773406229934265e+00,  2.715385292502745e+00,  2.659182646711543e+00
  1.730000000000000e+00, -4.218152972454683e-02, -8.520218593388497e-02, -4.071155361341223e-03, -6.887182049402306e-02,  7.330997383409876e-01, -5.886648008157311e-02,  7.336113621421478e-01,  2.254502810626559e-01,  1.309125187014424e+00,  1.534720486796430e-01,  2.767861787400469e+00,  2.714122999414256e+00,  2.659661366024221e+00
  1.740000000000000e+00, -4.508188914956589e-02, -7.886591284813520e-02, -7.014961980207057e-03, -7.323256276489649e-02,  7.301588269737079e-01, -6.204712207126670e-02,  7.574116116261841e-01,  2.083330810757961e-01,  1.321354330552391e+00,  1.492619073658591e-01,  2.760903955091715e+00,  2.713396406501286e+00,  2.660280099294723e+00
  1.750000000000000e+00, -4.847713307042777e-02, -7.182564438188403e-02, -1.029869234988066e-02, -7.825123445292619e-02,  7.266662940370191e-01, -6.568482391680533e-02,  7.825878751428302e-01,  1.906051694289599e-01,  1.333394862395914e+00,  1.452328312317460e-01,  2.752202604740482e+00,  2.713164884451948e+00,  2.661029959838161e+00
  1.760000000000000e+00, -5.225646115863553e-02, -6.427414272613569e-02, -1.381865979186491e-02, -8.375771416763898e-02,  7.227540495489592e-01, -6.968131215378863e-02,  8.090251306800096e-01,  1.724185359637142e-01,  1.344798612296602e+00,  1.416792046019117e-01,  2.741596573112389e+00,  2.713303367601939e+00,  2.661828736340098e+00
  1.770000000000000e+00, -5.621595983884631e-02, -5.655264714724499e-02, -1.740198630789298e-02, -8.945627576059920e-02,  7.186543335557536e-01, -7.384675849699893e-02,  8.363107329829548e-01,  1.540722241747363e-01,  1.354981645872190e+00,  1.389286892873499e-01,  2.729233349878556e+00,  2.713600669120835e+00,  2.662524084383431e+00
  1.780000000000000e+00, -6.009302250918672e-02, -4.909079517525480e-02, -2.083954279281994e-02, -9.497923358277729e-02,  7.146577356862477e-01, -7.792932963145775e-02,  8.637598039423742e-01,  1.359736704621910e-01,  1.363374880327382e+00,  1.372481852657431e-01,  2.715611105710126e+00,  2.713800171462246e+00,  2.662930615092133e+00
  1.790000000000000e+00, -6.363426492817831e-02, -4.229441691862906e-02, -2.394119618461796e-02, -9.998310156653843e-02,  7.110370873403886e-01, -8.167961148263547e-02,  8.905708396617802e-01,  1.185437743702631e-01,  1.369601636977972e+00,  1.367532663518595e-01,  2.701459074428710e+00,  2.713676216814085e+00,  2.662894142102872e+00
  1.800000000000000e+00, -6.668832870446552e-02, -3.639657535980762e-02, -2.660433790704547e-02, -1.042730611453244e-01,  7.079488671168532e-01, -8.494358748305920e-02,  9.161122884543565e-01,  1.020703038942900e-01,  1.373624975728405e+00,  1.373587572957102e-01,  2.687464998280486e+00,  2.713120507930692e+00,  2.662360386683091e+00
  1.810000000000000e+00, -6.920762567401646e-02, -3.145986572456448e-02, -2.880825744205594e-02, -1.077985814524576e-01,  7.054358779424147e-01, -8.766829401218922e-02,  9.399996276441993e-01,  8.669657781984910e-02,  1.375662404051649e+00,  1.388535010927097e-01,  2.674123960144160e+00,  2.712141140325285e+00,  2.661364723385979e+00
  1.820000000000000e+00, -7.121247525809658e-02, -2.743827461749260e-02, -3.058201141184902e-02, -1.105998690074213e-01,  7.034690458429437e-01, -8.986902329163998e-02,  9.620514426769941e-01,  7.246374996964067e-02,  1.376047204228961e+00,  1.409893384561197e-01,  2.661725599986787e+00,  2.710817857854918e+00,  2.659990504407516e+00
  1.830000000000000e+00, -7.276374285166794e-02, -2.422306919809877e-02, -3.198183531676067e-02, -1.127689169426217e-01,  7.019780268782969e-01, -9.160314884242768e-02,  9.822432512683271e-01,  5.933929579838603e-02,  1.375137177932792e+00,  1.435338168449193e-01,  2.650387563436527e+00,  2.709260483656327e+00,  2.658337286252407e+00
  1.840000000000000e+00, -7.393109025095276e-02, -2.169434569043341e-02, -3.306714539723733e-02, -1.144064262614247e-01,  7.008851257046380e-01, -9.293839973104538e-02,  1.000615826873450e+00,  4.726983787456090e-02,  1.373254263732145e+00,  1.462962267180624e-01,  2.640134900995759e+00,  2.707576658435394e+00,  2.656496045544371e+00
  1.850000000000000e+00, -7.478818370266856e-02, -1.972816378055398e-02, -3.389767709285446e-02, -1.156160181309457e-01,  7.001099816633520e-01, -9.394768046273752e-02,  1.017272156553179e+00,  3.617396577110796e-02,  1.370669146268644e+00,  1.491332447953385e-01,  2.630919962965200e+00,  2.705857923451195e+00,  2.654544125030285e+00
  1.860000000000000e+00, -7.539855457006843e-02, -1.821885728824621e-02, -3.452365451259646e-02, -1.164858756507594e-01,  6.995840371386020e-01, -9.469442009465766e-02,  1.032313330176049e+00,  2.598096757272195e-02,  1.367597964159421e+00,  1.519402446186514e-01,  2.622678740116408e+00,  2.704175568787096e+00,  2.652541845519285e+00
  1.870000000000000e+00, -7.583752977359118e-02, -1.704347374721966e-02, -3.500260312743110e-02, -1.171187958279443e-01,  6.992269159608312e-01, -9.525422993980219e-02,  1.045905391498090e+00,  1.659180617022255e-02,  1.364231184526181e+00,  1.546428766095563e-01,  2.615302976908679e+00,  2.702585853679537e+00,  2.650539814906230e+00
  1.880000000000000e+00, -7.614905051765340e-02, -1.613014413360564e-02, -3.536803564977826e-02, -1.175746606934551e-01,  6.989918725804253e-01, -9.567140116850104e-02,  1.058141016532556e+00,  7.949251482223512e-03,  1.360693061829217e+00,  1.571961486894336e-01,  2.608722305948524e+00,  2.701120951220642e+00,  2.648570714735663e+00
  1.890000000000000e+00, -7.638897440404066e-02, -1.538879943316803e-02, -3.566164281109922e-02, -1.179288558507867e-01,  6.988197372449839e-01, -9.600217056364455e-02,  1.069165642550524e+00, -2.742248686492801e-05,  1.357097271813294e+00,  1.595717021720631e-01,  2.602840343855523e+00,  2.699803219355563e+00,  2.646661718010646e+00
  1.900000000000000e+00, -7.659426138887042e-02, -1.475991962864476e-02, -3.591089775738522e-02, -1.182311512705632e-01,  6.986714346719956e-01, -9.628379248187281e-02,  1.079075175767767e+00, -7.389793641766602e-03,  1.353522735657554e+00,  1.617531302749353e-01,  2.597589667898807e+00,  2.698643263491602e+00,  2.644831379204044e+00
  1.910000000000000e+00, -7.678424145364235e-02, -1.421218673427034e-02, -3.613021455553127e-02, -1.185075804526965e-01,  6.985265859325052e-01, -9.653582721306725e-02,  1.087914276031536e+00, -1.416028808103438e-02,  1.350023931109668e+00,  1.637279396401235e-01,  2.592929416494246e+00,  2.697646337042361e+00,  2.643094301959247e+00
  1.920000000000000e+00, -7.698742145056903e-02, -1.369991651646940e-02, -3.634059015456139e-02, -1.187963577083029e-01,  6.983551335379266e-01, -9.678700473340074e-02,  1.095763081508858e+00, -2.037837926867784e-02,  1.346654524813947e+00,  1.654894418943445e-01,  2.588804568264439e+00,  2.696814443414745e+00,  2.641463174810605e+00
  1.930000000000000e+00, -7.722563663441391e-02, -1.318809946344484e-02, -3.655806978357325e-02, -1.191267037246143e-01,  6.981341104099518e-01, -9.705937777321304e-02,  1.102682425187800e+00, -2.607191882767394e-02,  1.343457747250075e+00,  1.670320490674883e-01,  2.585171717398263e+00,  2.696147918453518e+00,  2.639949015847126e+00
  1.940000000000000e+00, -7.750608783462422e-02, -1.266486943014365e-02, -3.678801684155636e-02, -1.195082531129914e-01,  6.978560609415055e-01, -9.736037924793856e-02,  1.108685935345699e+00, -3.124364775806300e-02,  1.340463875427045e+00,  1.683469807349840e-01,  2.582009734019931e+00,  2.695648099593131e+00,  2.638562694418679e+00
  1.950000000000000e+00, -7.783449921565982e-02, -1.212068319598191e-02, -3.703470920791155e-02, -1.199486518101152e-01,  6.975151200224609e-01, -9.769600321455255e-02,  1.113782921305430e+00, -3.589386700429007e-02,  1.337700643458914e+00,  1.694239615578330e-01,  2.579298949654173e+00,  2.695317945233360e+00,  2.637315848101514e+00
  1.960000000000000e+00, -7.821472451565407e-02, -1.154898705411752e-02, -3.730104086733738e-02, -1.204530308723260e-01,  6.971074175067314e-01, -9.807040298406017e-02,  1.117985996224487e+00, -4.003049519948933e-02,  1.335185089887449e+00,  1.702591564931620e-01,  2.577030863537116e+00,  2.695153881979137e+00,  2.636211742782077e+00
  1.970000000000000e+00, -7.866590987138161e-02, -1.091916367291486e-02, -3.760093562799979e-02, -1.210468686957896e-01,  6.966129808048152e-01, -9.850312997736489e-02,  1.121351479230155e+00, -4.368008278459925e-02,  1.332947699380046e+00,  1.708484849331853e-01,  2.575181763504652e+00,  2.695154445535765e+00,  2.635253645818411e+00
  1.980000000000000e+00, -7.917383722776482e-02, -1.025288410708865e-02, -3.792425125352320e-02, -1.217111931006383e-01,  6.960471444048456e-01, -9.898039119024116e-02,  1.123816085646995e+00, -4.680114470768595e-02,  1.331008098537636e+00,  1.711655692026376e-01,  2.573747279307491e+00,  2.695338567385440e+00,  2.634465301397286e+00
  1.990000000000000e+00, -7.973295661755442e-02, -9.558375277012338e-03, -3.826706532905576e-02, -1.224385840010039e-01,  6.954160329865812e-01, -9.949703628448661e-02,  1.125359727712395e+00, -4.938538217247901e-02,  1.329375646280810e+00,  1.711999563159730e-01,  2.572734706792985e+00,  2.695709157274424e+00,  2.633851112222997e+00
  2.000000000000000e+00, -8.032771536991042e-02, -8.859570312697955e-03, -3.861828344693392e-02, -1.232083509598115e-01,  6.947362822095047e-01, -1.000378333892942e-01,  1.125926272132055e+00, -5.140398055771693e-02,  1.328055386533777e+00,  1.709343831985152e-01,  2.572157844821093e+00,  2.696275898631599e+00,  2.633421374203088e+00
  2.010000000000000e+00, -8.095230660104653e-02, -8.165081401013534e-03, -3.897386487952813e-02, -1.240128011698436e-01,  6.940142228011810e-01, -1.005973088359158e-01,  1.125494733982394e+00, -5.284756353248386e-02,  1.327054008131637e+00,  1.703568680265224e-01,  2.572022710528358e+00,  2.697045345951510e+00,  2.633182044623897e+00
  2.020000000000000e+00, -8.157873736569352e-02, -7.518543220936095e-03, -3.931383133589086e-02, -1.248148214318419e-01,  6.932793953580404e-01, -1.011474697766744e-01,  1.123972744874844e+00, -5.367019998315233e-02,  1.326360503029998e+00,  1.694500866189606e-01,  2.572358819775167e+00,  2.698027768849588e+00,  2.633142677627864e+00
  2.030000000000000e+00, -8.218774442282371e-02, -6.949951777342173e-03, -3.962453124935266e-02, -1.255889691252339e-01,  6.925520307882973e-01, -1.016689406309843e-01,  1.121301642908651e+00, -5.384414348459030e-02,  1.325961757203842e+00,  1.682044038677807e-01,  2.573189548816114e+00,  2.699228081714884e+00,  2.633307345847650e+00
  2.040000000000000e+00, -8.275123302070424e-02, -6.503399918039571e-03, -3.988598328350989e-02, -1.262981409047059e-01,  6.918614598064406e-01, -1.021331674358065e-01,  1.117398942401506e+00, -5.332931624192654e-02,  1.325830237856443e+00,  1.666135803586868e-01,  2.574549461799036e+00,  2.700648287102712e+00,  2.633678255255212e+00
  2.050000000000000e+00, -8.323633760681289e-02, -6.230760667834385e-03, -4.007476802229862e-02, -1.268989493229135e-01,  6.912418260950273e-01, -1.025064599936139e-01,  1.112173707597327e+00, -5.208081256784280e-02,  1.325923506044836e+00,  1.646788203553474e-01,  2.576480473496688e+00,  2.702284344728632e+00,  2.634253482079647e+00
  2.060000000000000e+00, -8.360572169167664e-02, -6.191312647796329e-03, -4.016417936255672e-02, -1.273420697113777e-01,  6.907317814901571e-01, -1.027502676701511e-01,  1.105529486527732e+00, -5.004977240746474e-02,  1.326181288817991e+00,  1.624117859660691e-01,  2.579031369859379e+00,  2.704123773127236e+00,  2.635025592746515e+00
  2.070000000000000e+00, -8.381821568316661e-02, -6.450849559015730e-03, -4.012457742130662e-02, -1.275729924389548e-01,  6.903738711041196e-01, -1.028218423146328e-01,  1.097368514982322e+00, -4.718483251077826e-02,  1.326522579743572e+00,  1.598379571521099e-01,  2.582256451256734e+00,  2.706143156966195e+00,  2.635980145923212e+00
  2.080000000000000e+00, -8.382994438092375e-02, -7.080031381917194e-03, -3.992404437398740e-02, -1.275333724749036e-01,  6.902134625017591e-01, -1.026754590024326e-01,  1.087597541871154e+00, -4.343438282828696e-02,  1.326843162003360e+00,  1.570001151995422e-01,  2.586212821850009e+00,  2.708305847148450e+00,  2.637094206564984e+00
  2.090000000000000e+00, -8.359605139595877e-02, -8.151800424594607e-03, -3.952941938482350e-02, -1.271631157076140e-01,  6.902971132639846e-01, -1.022643149596154e-01,  1.076135389002579e+00, -3.874974933642638e-02,  1.327014082758150e+00,  1.539615590751153e-01,  2.590955844430189e+00,  2.710560293749506e+00,  2.638335093581605e+00
  2.100000000000000e+00, -8.306896086250772e-02, -9.744337507956471e-03, -3.890477605818268e-02, -1.263978112097741e-01,  6.906745975476795e-01, -1.015389369724233e-01,  1.062910743377967e+00, -3.308374153858365e-02,  1.326876046097046e+00,  1.508102701060457e-01,  2.596537056511470e+00,  2.712837957707203e+00,  2.639658743219632e+00
  2.110000000000000e+00, -8.221903080910598e-02, -1.190822289319175e-02, -3.802613532151993e-02, -1.251959214245746e-01,  6.913776471324816e-01, -1.004686217179883e-01,  1.047921368355748e+00, -2.641952784823835e-02,  1.326265885057955e+00,  1.476526241309358e-01,  2.602974827920547e+00,  2.715061385513415e+00,  2.641013632526804e+00
  2.120000000000000e+00, -8.101368907476242e-02, -1.469983679141901e-02, -3.686614082113745e-02, -1.235108407892944e-01,  6.924418622534476e-01, -9.902023088264793e-02,  1.031174942587654e+00, -1.874144495559425e-02,  1.324990980955464e+00,  1.446198421212100e-01,  2.610271368524999e+00,  2.717140156600405e+00,  2.642338143879602e+00
  2.130000000000000e+00, -7.943170648862038e-02, -1.815860200996988e-02, -3.540425296475257e-02, -1.213096979472210e-01,  6.938920038150284e-01, -9.717301323027147e-02,  1.012730388810819e+00, -1.005609306348084e-02,  1.322849829852001e+00,  1.418626715171694e-01,  2.618388327263228e+00,  2.718979241886789e+00,  2.643564112777690e+00
  2.140000000000000e+00, -7.747641255925002e-02, -2.228564214330957e-02, -3.363655799913133e-02, -1.185911280685877e-01,  6.957280777860796e-01, -9.493211960244763e-02,  9.927262739916597e-01, -4.069014702977589e-04,  1.319662898842068e+00,  1.395341441806377e-01,  2.627225841650852e+00,  2.720495072416262e+00,  2.644626378070657e+00
  2.150000000000000e+00, -7.517628426771272e-02, -2.704226715149228e-02, -3.157681306172506e-02, -1.153866207762688e-01,  6.979242799240905e-01, -9.232889680718483e-02,  9.713729919992290e-01,  1.012866400890837e-02,  1.315290406525987e+00,  1.377755638760227e-01,  2.636620745642203e+00,  2.721627615277465e+00,  2.645470180730146e+00
  2.160000000000000e+00, -7.258454990297272e-02, -3.234989077332232e-02, -2.925709007263678e-02, -1.117608869348761e-01,  7.004286789387741e-01, -8.941989714571930e-02,  9.489404149443015e-01,  2.144263495917244e-02,  1.309649978303050e+00,  1.367005457150002e-01,  2.646353338258641e+00,  2.722350875053975e+00,  2.646058553532026e+00
  2.170000000000000e+00, -6.978101105022107e-02, -3.808612540608446e-02, -2.673042343326032e-02, -1.078155650169835e-01,  7.031603291822643e-01, -8.628794410452127e-02,  9.257463759735108e-01,  3.339961251978242e-02,  1.302741861682984e+00,  1.363730739625973e-01,  2.656163229644917e+00,  2.722683684735959e+00,  2.646381115231932e+00
  2.180000000000000e+00, -6.686272507888687e-02, -4.409886404292813e-02, -2.406515762545324e-02, -1.036779151581661e-01,  7.060181946656912e-01, -8.303191289907215e-02,  9.021202583646645e-01,  4.585119858388067e-02,  1.294648941561138e+00,  1.367982404240746e-01,  2.665784177324250e+00,  2.722687196443125e+00,  2.646455016047468e+00
  2.190000000000000e+00, -6.393175936490572e-02, -5.022533076609615e-02, -2.133664074032155e-02, -9.948508275866107e-02,  7.088936474292894e-01, -7.975395866331648e-02,  8.783636799579291e-01,  5.865456218647373e-02,  1.285523456906495e+00,  1.379237706567575e-01,  2.674984523592211e+00,  2.722454713461230e+00,  2.646319842168912e+00
  2.200000000000000e+00, -6.108026249286818e-02, -5.631627633230103e-02, -1.861595951670919e-02, -9.536384741611931e-02,  7.116864615016698e-01, -7.654456684378294e-02,  8.547141364678870e-01,  7.168979570063472e-02,  1.275552765526236e+00,  1.396548432628064e-01,  2.683598919806021e+00,  2.722092583563729e+00,  2.646026696767431e+00
  2.210000000000000e+00, -5.837965062096617e-02, -6.225388258288030e-02, -1.596102433900490e-02, -9.141517036420656e-02,  7.143170634767341e-01, -7.347230608575535e-02,  8.313268377191023e-01,  8.487258409459163e-02,  1.264924853886461e+00,  1.418764877966074e-01,  2.691542207251241e+00,  2.721703574352415e+00,  2.645626282400980e+00
  2.220000000000000e+00, -5.587581150063903e-02, -6.796046525512014e-02, -1.341169894251268e-02, -8.770647532602570e-02,  7.167325635447216e-01, -7.057977046490936e-02,  8.082762224015360e-01,  9.815610923486379e-02,  1.253798449820682e+00,  1.444741595359036e-01,  2.698801074875021e+00,  2.721373871077537e+00,  2.645160036671803e+00
  2.230000000000000e+00, -5.359101116391554e-02, -7.339607888132185e-02, -1.099017182430630e-02, -8.427317084522787e-02,  7.189055263675455e-01, -6.788617191997774e-02,  7.855726174029452e-01,  1.115272783862410e-01,  1.242291488163951e+00,  1.473472218585035e-01,  2.705414981143211e+00,  2.721170630665112e+00,  2.644656781647499e+00
  2.240000000000000e+00, -5.152892017417378e-02, -7.855102906936386e-02, -8.703983174356144e-03, -8.112474849524536e-02,  7.208290590212046e-01, -6.539273672542004e-02,  7.631841702004630e-01,  1.249971129122850e-01,  1.230478648578425e+00,  1.504146726565207e-01,  2.711452481203920e+00,  2.721142485510149e+00,  2.644132943032405e+00
  2.250000000000000e+00, -4.968077534936850e-02, -8.343618114697954e-02, -6.550357229675491e-03, -7.825284760661821e-02,  7.225103868756912e-01, -6.308899177032831e-02,  7.410571968684053e-01,  1.385914852407101e-01,  1.218398133896858e+00,  1.536150499103956e-01,  2.716992424588715e+00,  2.721323937777241e+00,  2.643595117122782e+00
  2.260000000000000e+00, -4.803080378220658e-02, -8.807423374316599e-02, -4.520284819290844e-03, -7.563861687760849e-02,  7.239650118012368e-01, -6.095814092307196e-02,  7.191311123385226e-01,  1.523439195159915e-01,  1.206061603234007e+00,  1.569029514810755e-01,  2.722111994678122e+00,  2.721740810814013e+00,  2.643043377961679e+00
  2.270000000000000e+00, -4.655921939253651e-02, -9.249426063236642e-02, -2.601054946889762e-03, -7.325692444096740e-02,  7.252135391729816e-01, -5.898012987238920e-02,  6.973633850114141e-01,  1.662733702411231e-01,  1.193456431834844e+00,  1.602528861217172e-01,  2.726861888572949e+00,  2.722407740808373e+00,  2.642474107721380e+00
  2.280000000000000e+00, -4.524839986899397e-02, -9.672421171757851e-02, -7.804277865817656e-04, -7.108487990365071e-02,  7.262741692141633e-01, -5.713679552751102e-02,  6.756690584794902e-01,  1.804509166520054e-01,  1.180577955037338e+00,  1.636221556678469e-01,  2.731340521348445e+00,  2.723355676980686e+00,  2.641880001517805e+00
  2.290000000000000e+00, -4.407830850605747e-02, -1.007939712768818e-01,  9.555451937624190e-04, -6.909587893392208e-02,  7.271686759351946e-01, -5.540861274739009e-02,  6.540308813954817e-01,  1.948830902914575e-01,  1.167392716372596e+00,  1.670021332971624e-01,  2.735566516939415e+00,  2.724594260780169e+00,  2.641255261974570e+00
  2.300000000000000e+00, -4.303165919466860e-02, -1.047298171083591e-01,  2.619213853711338e-03, -6.726672648010128e-02,  7.279159204542268e-01, -5.377876222630182e-02,  6.324247303093182e-01,  2.095903752520537e-01,  1.153872511652991e+00,  1.703780540150721e-01,  2.739570745882058e+00,  2.726139225987813e+00,  2.640592638736053e+00
  2.310000000000000e+00, -4.209341627907046e-02, -1.085548315799277e-01,  4.221521893406636e-03, -6.557706110673783e-02,  7.285324105677613e-01, -5.223267791619630e-02,  6.108285532047757e-01,  2.245973748174930e-01,  1.139991190309296e+00,  1.737317029516994e-01,  2.743383948776079e+00,  2.728011142683509e+00,  2.639885590952021e+00
  2.320000000000000e+00, -4.125017181219622e-02, -1.122892158854702e-01,  5.772216778326816e-03, -6.400862060793262e-02,  7.290330806017651e-01, -5.075758844317728e-02,  5.892357931250164e-01,  2.399173362684666e-01,  1.125721991251404e+00,  1.770474823921122e-01,  2.747023280454870e+00,  2.730229440237619e+00,  2.639128294720911e+00
  2.330000000000000e+00, -4.049056627784676e-02, -1.159501570993726e-01,  7.279640380623244e-03, -6.254584131800471e-02,  7.294306479908313e-01, -4.934271375669346e-02,  5.676415827424047e-01,  2.555661868632996e-01,  1.111041341193050e+00,  1.803045423270613e-01,  2.750506910161673e+00,  2.732818354530299e+00,  2.638316348770338e+00
  2.340000000000000e+00, -3.980407805023024e-02, -1.195522848302775e-01,  8.751167756125810e-03, -6.117435434341491e-02,  7.297372503862649e-01, -4.797851088272280e-02,  5.460691419199283e-01,  2.715327939914891e-01,  1.095925682358928e+00,  1.834914545261899e-01,  2.753829374852538e+00,  2.735792668538801e+00,  2.637444861447561e+00
  2.350000000000000e+00, -3.918233666944939e-02, -1.231076056647152e-01,  1.019279996472234e-02, -5.988265935146315e-02,  7.299625013282430e-01, -4.665730438403581e-02,  5.245283298879406e-01,  2.878234797200466e-01,  1.080357932239760e+00,  1.865831797008737e-01,  2.757001475073874e+00,  2.739177868295077e+00,  2.636511445449849e+00
  2.360000000000000e+00, -3.861749414126367e-02, -1.266259632618404e-01,  1.160973252606588e-02, -5.866008505938569e-02,  7.301157555397315e-01, -4.537234668632502e-02,  5.030538511232335e-01,  3.044193370371055e-01,  1.064323427117446e+00,  1.895632096538520e-01,  2.760014818677621e+00,  2.742988802157989e+00,  2.635512928637609e+00
  2.370000000000000e+00, -3.810331045807301e-02, -1.301153318868394e-01,  1.300614572925935e-02, -5.749811787805251e-02,  7.302044408487282e-01, -4.411824380086739e-02,  4.816678609610460e-01,  3.213169642404047e-01,  1.047812914058502e+00,  1.924018451733747e-01,  2.762875918862759e+00,  2.747249605282422e+00,  2.634449272945813e+00
  2.380000000000000e+00, -3.763365674074831e-02, -1.335817568757139e-01,  1.438556926476123e-02, -5.638858360663331e-02,  7.302362423464278e-01, -4.289024339751594e-02,  4.604193125528472e-01,  3.384840013511527e-01,  1.030822084026649e+00,  1.950809515324420e-01,  2.765571690893410e+00,  2.751969015864603e+00,  2.633318652535079e+00
  2.390000000000000e+00, -3.720365987451137e-02, -1.370299834094059e-01,  1.575078183285648e-02, -5.532499159365620e-02,  7.302172915958391e-01, -4.168459589410733e-02,  4.393433219581664e-01,  3.559038367118155e-01,  1.013351585320727e+00,  1.975694767407791e-01,  2.768104934358305e+00,  2.757163585190863e+00,  2.632122641336414e+00
  2.400000000000000e+00, -3.680839733205998e-02, -1.404629452761593e-01,  1.710397214701977e-02, -5.430101139369134e-02,  7.301541614991376e-01, -4.049807346489528e-02,  4.184991286007105e-01,  3.735321280155473e-01,  9.954098038662286e-01,  1.998491309471427e-01,  2.770461956246106e+00,  2.762831788346274e+00,  2.630860483607856e+00
  2.410000000000000e+00, -3.644378777119740e-02, -1.438825436239460e-01,  1.844676457529547e-02, -5.331147436762002e-02,  7.300524043291164e-01, -3.932816717396677e-02,  3.979366599031712e-01,  3.913337262770057e-01,  9.770105019993840e-01,  2.018938807986077e-01,  2.772640851328328e+00,  2.768974042686429e+00,  2.629533915019449e+00
  2.420000000000000e+00, -3.610583618779550e-02, -1.472891127922552e-01,  1.978022645736213e-02, -5.235153173090563e-02,  7.299177472759037e-01, -3.817288045184247e-02,  3.777196408597704e-01,  4.092553704133052e-01,  9.581764465770235e-01,  2.036873028841837e-01,  2.774631878765314e+00,  2.775575175439764e+00,  2.628143073044654e+00
  2.430000000000000e+00, -3.579110358965311e-02, -1.506821593047070e-01,  2.110499722859855e-02, -5.141713537160304e-02,  7.297552588671729e-01, -3.703073657545271e-02,  3.579054272055029e-01,  4.272477839339049e-01,  9.389358436667055e-01,  2.052104605517313e-01,  2.776433746698120e+00,  2.782616761195581e+00,  2.626689612593346e+00
  2.440000000000000e+00, -3.549613897387695e-02, -1.540594753556605e-01,  2.242111969152280e-02, -5.050448162598870e-02,  7.295703360747572e-01, -3.590076769263496e-02,  3.385656242448384e-01,  4.452404396928442e-01,  9.193285225161929e-01,  2.064590532661339e-01,  2.778035888505714e+00,  2.790060135022801e+00,  2.625172488134740e+00
  2.450000000000000e+00, -3.521804567713488e-02, -1.574183284861871e-01,  2.372830602315174e-02, -4.961053851914303e-02,  7.293676497343551e-01, -3.478243599799880e-02,  3.197608658369194e-01,  4.631699779832694e-01,  8.993987186123252e-01,  2.074269973968167e-01,  2.779438164871955e+00,  2.797863882596795e+00,  2.623592351682202e+00
  2.460000000000000e+00, -3.521804567713488e-02, -1.574183284861871e-01,  2.372830602315174e-02, -4.961053851914303e-02,  7.293676497343551e-01, -3.478243599799880e-02,  3.197608658369194e-01,  4.631699779832694e-01,  8.993987186123252e-01,  2.074269973968167e-01,  2.779438164871955e+00,  2.797863882596795e+00,  2.623592351682202e+00
