Main.Studies.MarkerTracking.t,Main.Studies.MarkerTracking.JointAngleOutputs.OutputFile_LeftLeg.HipFlexion,Main.Studies.MarkerTracking.JointAngleOutputs.OutputFile_LeftLeg.HipAbduction,Main.Studies.MarkerTracking.JointAngleOutputs.OutputFile_LeftLeg.HipExternalRotation,Main.Studies.MarkerTracking.JointAngleOutputs.OutputFile_LeftLeg.KneeFlexion,Main.Studies.MarkerTracking.JointAngleOutputs.OutputFile_LeftLeg.AnklePlantarFlexion,Main.Studies.MarkerTracking.JointAngleOutputs.OutputFile_LeftLeg.SubTalarEversion
  4.000000000000000e-01,  3.638901526285797e-01,  2.556873561555761e-02,  5.378335532012639e-02,  2.158176581727769e-01, -4.984286890861483e-02,  3.357761806503339e-01
  4.100000000000000e-01,  3.731079584839190e-01,  2.517251696695300e-02,  5.333069272113160e-02,  2.183043218460309e-01, -5.005528126235144e-02,  3.370265285932695e-01
  4.200000000000000e-01,  3.822870406078351e-01,  2.478952406908475e-02,  5.287881169418988e-02,  2.207378335652741e-01, -5.014980897034156e-02,  3.382913036785675e-01
  4.300000000000000e-01,  3.914772151726176e-01,  2.441573309492973e-02,  5.242618464211017e-02,  2.231247975471330e-01, -5.012709040212660e-02,  3.395737751005830e-01
  4.400000000000000e-01,  4.006629574500426e-01,  2.404818179534129e-02,  5.197775571282733e-02,  2.254550161657833e-01, -4.998227667607552e-02,  3.408731792511279e-01
  4.500000000000000e-01,  4.097981987112685e-01,  2.368360922885882e-02,  5.154142591956001e-02,  2.277092546845796e-01, -4.970677979454398e-02,  3.421890413381192e-01
  4.600000000000000e-01,  4.188485771522668e-01,  2.331905763296471e-02,  5.112378652188725e-02,  2.298710786214659e-01, -4.929364198330661e-02,  3.435217415030650e-01
  4.700000000000000e-01,  4.277790933702450e-01,  2.295216435791336e-02,  5.073108317318663e-02,  2.319235346406103e-01, -4.873618026576151e-02,  3.448720857409870e-01
  4.800000000000000e-01,  4.365496847941319e-01,  2.258129801949549e-02,  5.036954893857089e-02,  2.338484254416095e-01, -4.802814932791770e-02,  3.462410349336473e-01
  4.900000000000000e-01,  4.451340205999814e-01,  2.220529892107748e-02,  5.004377001408390e-02,  2.356300538175993e-01, -4.716360895093350e-02,  3.476300956236945e-01
  5.000000000000000e-01,  4.534944931521442e-01,  2.182349875516354e-02,  4.975925501346268e-02,  2.372507019630920e-01, -4.613743504811507e-02,  3.490402340015174e-01
  5.100000000000000e-01,  4.615994390108046e-01,  2.143530594840404e-02,  4.952105761935322e-02,  2.386940709632370e-01, -4.494513777555965e-02,  3.504723393181660e-01
  5.200000000000000e-01,  4.694200826666296e-01,  2.104002806042016e-02,  4.933432201034373e-02,  2.399448876930518e-01, -4.358299619940416e-02,  3.519269093118564e-01
  5.300000000000000e-01,  4.769272344642726e-01,  2.063668244160843e-02,  4.920479665956309e-02,  2.409884011202640e-01, -4.204829174399120e-02,  3.534040317210445e-01
  5.400000000000000e-01,  4.841073371590810e-01,  2.022412548545871e-02,  4.913737797498269e-02,  2.418136433189536e-01, -4.033859385570414e-02,  3.549028440516254e-01
  5.500000000000000e-01,  4.909404824194086e-01,  1.980078787478901e-02,  4.913832519406233e-02,  2.424092183808506e-01, -3.845286744832636e-02,  3.564220327241605e-01
  5.600000000000001e-01,  4.974151218497329e-01,  1.936488739136188e-02,  4.921382558928061e-02,  2.427662832290907e-01, -3.639080198357933e-02,  3.579593614454308e-01
  5.700000000000001e-01,  5.035247687797030e-01,  1.891446271592701e-02,  4.937028228677420e-02,  2.428779852066354e-01, -3.415301212279694e-02,  3.595116833341183e-01
  5.800000000000000e-01,  5.092680632190441e-01,  1.844745861451691e-02,  4.961423949771540e-02,  2.427395573403898e-01, -3.174107303945625e-02,  3.610748812187995e-01
  5.900000000000000e-01,  5.146487276272171e-01,  1.796181366719907e-02,  4.995229071162920e-02,  2.423483883621104e-01, -2.915755703174991e-02,  3.626438300839100e-01
  6.000000000000000e-01,  5.196754123699713e-01,  1.745554358441570e-02,  5.039097570022991e-02,  2.417040649739416e-01, -2.640606804974461e-02,  3.642123864319393e-01
  6.100000000000000e-01,  5.243614306560779e-01,  1.692681559175924e-02,  5.093667105435678e-02,  2.408083819994005e-01, -2.349126966519337e-02,  3.657734102517973e-01
  6.200000000000000e-01,  5.287243843725672e-01,  1.637401091386059e-02,  5.159547727730640e-02,  2.396653157786980e-01, -2.041890207714393e-02,  3.673188240582190e-01
  6.300000000000000e-01,  5.327856858530833e-01,  1.579577379525832e-02,  5.237310585555228e-02,  2.382809579297767e-01, -1.719578405067703e-02,  3.688397096752683e-01
  6.400000000000000e-01,  5.365699861374484e-01,  1.519104695344020e-02,  5.327477045061450e-02,  2.366634084068509e-01, -1.382979521371069e-02,  3.703264410694293e-01
  6.500000000000000e-01,  5.401045249976325e-01,  1.455909405830536e-02,  5.430508558526200e-02,  2.348226273476955e-01, -1.032983450229050e-02,  3.717688514747247e-01
  6.599999999999999e-01,  5.434184217255773e-01,  1.389950995920985e-02,  5.546797561314535e-02,  2.327702471708831e-01, -6.705753692105468e-03,  3.731564297783471e-01
  6.699999999999999e-01,  5.465419313991151e-01,  1.321221985270626e-02,  5.676659661390775e-02,  2.305193507400600e-01, -2.968267894506518e-03,  3.744785361674026e-01
  6.799999999999999e-01,  5.495056960160966e-01,  1.249746874893298e-02,  5.820327338252841e-02,  2.280842239128896e-01,  8.711557042619301e-04,  3.757246274697157e-01
  6.899999999999999e-01,  5.523400196299518e-01,  1.175580298952128e-02,  5.977945269117333e-02,  2.254800910855749e-01,  4.800429323781486e-03,  3.768844840765869e-01
  7.000000000000000e-01,  5.550741946079263e-01,  1.098804672829390e-02,  6.149567271967844e-02,  2.227228441459254e-01,  8.806991542530403e-03,  3.779484278577395e-01
  7.100000000000000e-01,  5.577359036139318e-01,  1.019527613791738e-02,  6.335154746274704e-02,  2.198287766331859e-01,  1.287796301095482e-02,  3.789075199141594e-01
  7.200000000000000e-01,  5.603507157445108e-01,  9.378792916743706e-03,  6.534576407457751e-02,  2.168143329905562e-01,  1.700030408459417e-02,  3.797537299866419e-01
  7.300000000000000e-01,  5.629416868845659e-01,  8.540098260360285e-03,  6.747609110621608e-02,  2.136958800966346e-01,  2.116096813188557e-02,  3.804800724725662e-01
  7.400000000000000e-01,  5.655290677606978e-01,  7.680868281588760e-03,  6.973939615025340e-02,  2.104895064649143e-01,  2.534704586979675e-02,  3.810807078397194e-01
  7.500000000000000e-01,  5.681301182921118e-01,  6.802931123073952e-03,  7.213167151758429e-02,  2.072108528506873e-01,  2.954589754448164e-02,  3.815510109587029e-01
  7.600000000000000e-01,  5.707590224386446e-01,  5.908245747275664e-03,  7.464806666431224e-02,  2.038749764912854e-01,  3.374526953837522e-02,  3.818876067408614e-01
  7.700000000000000e-01,  5.734289891340717e-01,  4.998848094992070e-03,  7.728267263142485e-02,  2.004965917094733e-01,  3.793343570177334e-02,  3.820884496609681e-01
  7.800000000000000e-01,  5.761435746351770e-01,  4.076976813779165e-03,  8.002961991487442e-02,  1.970885612743012e-01,  4.209909329634063e-02,  3.821524981855881e-01
  7.900000000000000e-01,  5.789105936880123e-01,  3.144844547661840e-03,  8.288146983980325e-02,  1.936641337914344e-01,  4.623169861603629e-02,  3.820801084406976e-01
  8.000000000000000e-01,  5.817368871475377e-01,  2.204699018792722e-03,  8.582997966927841e-02,  1.902362290259114e-01,  5.032101897987492e-02,  3.818727991100496e-01
  8.100000000000001e-01,  5.846135423379800e-01,  1.259062140109846e-03,  8.886767062960807e-02,  1.868140893768617e-01,  5.435841364792406e-02,  3.815327603700684e-01
  8.200000000000000e-01,  5.875436738586476e-01,  3.102728141488598e-04,  9.198499969970234e-02,  1.834092238949768e-01,  5.833498188663888e-02,  3.810635609026459e-01
  8.300000000000000e-01,  5.905234231248598e-01, -6.392154838785746e-04,  9.517244464173134e-02,  1.800312988661615e-01,  6.224282991684601e-02,  3.804694813189065e-01
  8.400000000000000e-01,  5.935472722625821e-01, -1.586925993585453e-03,  9.842002611819251e-02,  1.766892602362367e-01,  6.607472902770838e-02,  3.797555727848794e-01
  8.500000000000000e-01,  5.966082962211667e-01, -2.530372422843818e-03,  1.017173658764291e-01,  1.733913727673087e-01,  6.982409391778223e-02,  3.789275659010263e-01
  8.600000000000000e-01,  5.996984018555193e-01, -3.467072987976882e-03,  1.050537459958140e-01,  1.701452608176985e-01,  7.348495573510280e-02,  3.779917814140371e-01
  8.700000000000000e-01,  6.028085520466705e-01, -4.394563378393723e-03,  1.084181693348017e-01,  1.669579501156536e-01,  7.705193110991627e-02,  3.769550429135484e-01
  8.800000000000000e-01,  6.059289736837273e-01, -5.310408464488603e-03,  1.117994195465385e-01,  1.638359095012600e-01,  8.052018803570601e-02,  3.758245922974291e-01
  8.899999999999999e-01,  6.090493496190642e-01, -6.212212817404472e-03,  1.151861194776111e-01,  1.607850918910442e-01,  8.388540863093280e-02,  3.746080073105333e-01
  8.999999999999999e-01,  6.121600803176603e-01, -7.097749331707925e-03,  1.185661445212133e-01,  1.578108099842754e-01,  8.714427901134199e-02,  3.733146009061409e-01
  9.100000000000000e-01,  6.152478309457994e-01, -7.964480205862712e-03,  1.219292606110211e-01,  1.549183963040807e-01,  9.029233697578301e-02,  3.719494528826296e-01
  9.199999999999999e-01,  6.183030462543806e-01, -8.810311877027521e-03,  1.252632928496642e-01,  1.521123622910923e-01,  9.332709225265576e-02,  3.705221307085627e-01
  9.299999999999999e-01,  6.213148071726140e-01, -9.633090308967640e-03,  1.285567888731104e-01,  1.493969677340122e-01,  9.624588974677796e-02,  3.690407890251622e-01
  9.399999999999999e-01,  6.242762451490047e-01, -1.043027030994348e-02,  1.317997372498432e-01,  1.467779110077636e-01,  9.904395969503998e-02,  3.675083318084201e-01
  9.500000000000000e-01,  6.271684533091219e-01, -1.120075197350379e-02,  1.349784033413003e-01,  1.442551045286307e-01,  1.017241664456851e-01,  3.659431255371426e-01
  9.600000000000000e-01,  6.299858616388968e-01, -1.194221012777064e-02,  1.380831298520252e-01,  1.418337583273310e-01,  1.042822627898043e-01,  3.643480076577808e-01
  9.700000000000000e-01,  6.327186733842982e-01, -1.265283137682194e-02,  1.411032892162472e-01,  1.395168868910699e-01,  1.067167075317119e-01,  3.627307144381107e-01
  9.799999999999999e-01,  6.353575528729907e-01, -1.333089849575941e-02,  1.440285951898522e-01,  1.373072488950305e-01,  1.090261654245680e-01,  3.610987456047099e-01
  9.899999999999999e-01,  6.378936726843402e-01, -1.397479175360550e-02,  1.468491434740863e-01,  1.352073629330323e-01,  1.112094849256283e-01,  3.594593300156032e-01
  9.999999999999999e-01,  6.403187528092263e-01, -1.458299047487777e-02,  1.495554540076448e-01,  1.332195215426226e-01,  1.132656759276205e-01,  3.578193881201111e-01
  1.010000000000000e+00,  6.426250927926306e-01, -1.515407417390824e-02,  1.521385100216012e-01,  1.313458025754106e-01,  1.151938900809279e-01,  3.561854989414265e-01
  1.020000000000000e+00,  6.448055981609045e-01, -1.568672234257429e-02,  1.545897943581465e-01,  1.295880785549212e-01,  1.169934033713004e-01,  3.545638694158245e-01
  1.030000000000000e+00,  6.468538024461208e-01, -1.617971257211925e-02,  1.569013229256456e-01,  1.279480246927108e-01,  1.186636008825206e-01,  3.529603061949065e-01
  1.040000000000000e+00,  6.487638845014817e-01, -1.663191785165385e-02,  1.590656754008251e-01,  1.264271255883261e-01,  1.202039636113708e-01,  3.513801909765688e-01
  1.050000000000000e+00,  6.505306804546048e-01, -1.704230397214057e-02,  1.610760232887898e-01,  1.250266804611034e-01,  1.216140569472308e-01,  3.498284594950483e-01
  1.060000000000000e+00,  6.521496909914442e-01, -1.740992746992087e-02,  1.629261548254028e-01,  1.237478071093471e-01,  1.228935205826889e-01,  3.483095842623512e-01
  1.070000000000000e+00,  6.536169250968268e-01, -1.773462620559618e-02,  1.646095231328373e-01,  1.225907223362805e-01,  1.240436940890566e-01,  3.468322055119359e-01
  1.080000000000000e+00,  6.549296543894848e-01, -1.801424267578877e-02,  1.661232263890101e-01,  1.215577076686239e-01,  1.250609754991076e-01,  3.453903475265555e-01
  1.090000000000000e+00,  6.560851016712811e-01, -1.824879778948008e-02,  1.674619852977604e-01,  1.206485508130583e-01,  1.259469114411573e-01,  3.439918497736611e-01
  1.100000000000000e+00,  6.570814414424588e-01, -1.843770488871721e-02,  1.686222510250349e-01,  1.198636623158721e-01,  1.267013698691912e-01,  3.426392264865388e-01
  1.110000000000000e+00,  6.579172788685548e-01, -1.857983161856636e-02,  1.696019101715976e-01,  1.192037172335678e-01,  1.273230290133343e-01,  3.413306652771639e-01
  1.120000000000000e+00,  6.585924957683631e-01, -1.867604894014208e-02,  1.703973068227889e-01,  1.186678479694098e-01,  1.278144085332193e-01,  3.400755162983373e-01
  1.130000000000000e+00,  6.591070786765652e-01, -1.872537600128110e-02,  1.710078313928831e-01,  1.182564563823757e-01,  1.281741591791123e-01,  3.388706999401760e-01
  1.140000000000000e+00,  6.594617939428123e-01, -1.872756884864057e-02,  1.714327958141147e-01,  1.179692722889446e-01,  1.284023098013008e-01,  3.377166872639304e-01
  1.150000000000000e+00,  6.596580251569966e-01, -1.868247046219307e-02,  1.716722479977580e-01,  1.178058597953139e-01,  1.284989242763303e-01,  3.366134305879929e-01
  1.160000000000000e+00,  6.596977576722555e-01, -1.859001182580133e-02,  1.717269665848501e-01,  1.177656203636937e-01,  1.284641041157855e-01,  3.355603792586447e-01
  1.170000000000000e+00,  6.595835615487535e-01, -1.845021337350672e-02,  1.715984587017075e-01,  1.178477962388824e-01,  1.282979900201616e-01,  3.345564874222824e-01
  1.180000000000000e+00,  6.593185731065059e-01, -1.826318670290306e-02,  1.712889557493856e-01,  1.180514737360407e-01,  1.280007646321492e-01,  3.336002230902519e-01
  1.190000000000000e+00,  6.589064741509750e-01, -1.802913719234023e-02,  1.708014071410141e-01,  1.183755860267934e-01,  1.275726566130042e-01,  3.326895785293346e-01
  1.200000000000000e+00,  6.583514682687465e-01, -1.774836730055429e-02,  1.701394714028630e-01,  1.188189154568857e-01,  1.270139461237170e-01,  3.318220816620997e-01
  1.210000000000000e+00,  6.576582543437368e-01, -1.742127981468977e-02,  1.693075041161275e-01,  1.193800949354046e-01,  1.263249719386879e-01,  3.309948081761300e-01
  1.220000000000000e+00,  6.568319970358216e-01, -1.704838078102244e-02,  1.683105426319940e-01,  1.200576073781757e-01,  1.255061401593315e-01,  3.302043944578245e-01
  1.230000000000000e+00,  6.558782941384130e-01, -1.663028203872918e-02,  1.671542879692620e-01,  1.208497829406541e-01,  1.245579344475298e-01,  3.294470520228336e-01
  1.240000000000000e+00,  6.548031413494372e-01, -1.616770293163916e-02,  1.658450836297474e-01,  1.217547946232670e-01,  1.234809280659557e-01,  3.287185845682543e-01
  1.250000000000000e+00,  6.536147214320753e-01, -1.566171249576032e-02,  1.643893992911321e-01,  1.227708285951851e-01,  1.222759578004941e-01,  3.280161239869381e-01
  1.260000000000000e+00,  6.523164243895212e-01, -1.511275500820042e-02,  1.627957396403234e-01,  1.238954471319275e-01,  1.209434446881065e-01,  3.273313120861635e-01
  1.270000000000000e+00,  6.509167390780475e-01, -1.452212609506009e-02,  1.610717295904116e-01,  1.251264340916594e-01,  1.194845265854878e-01,  3.266605931448053e-01
  1.280000000000000e+00,  6.494228462388050e-01, -1.389096913367727e-02,  1.592259740073036e-01,  1.264612671698265e-01,  1.179002801225232e-01,  3.259983863149865e-01
  1.290000000000000e+00,  6.478420975048818e-01, -1.322052472144120e-02,  1.572675418248658e-01,  1.278972280090148e-01,  1.161919469475127e-01,  3.253388386208624e-01
  1.300000000000000e+00,  6.461819550957000e-01, -1.251212542654834e-02,  1.552059146570456e-01,  1.294313897459667e-01,  1.143609524799298e-01,  3.246758659713255e-01
  1.310000000000000e+00,  6.444509244189148e-01, -1.176737338662859e-02,  1.530515298861745e-01,  1.310606499356072e-01,  1.124088680199558e-01,  3.240026302903174e-01
  1.320000000000000e+00,  6.426546635344433e-01, -1.098741820408455e-02,  1.508133529137039e-01,  1.327815231965908e-01,  1.103376748873481e-01,  3.233138378670231e-01
  1.330000000000000e+00,  6.408014119960624e-01, -1.017399755141613e-02,  1.485023337111161e-01,  1.345904346389203e-01,  1.081493975358551e-01,  3.226024221656150e-01
  1.340000000000000e+00,  6.388983694597929e-01, -9.328743289062524e-03,  1.461290145051083e-01,  1.364834933969603e-01,  1.058463951434297e-01,  3.218618333287665e-01
  1.350000000000000e+00,  6.369524597855805e-01, -8.453338226733109e-03,  1.437040359456009e-01,  1.384565338077202e-01,  1.034313126329950e-01,  3.210855343725047e-01
  1.360000000000000e+00,  6.349702308303863e-01, -7.549504742693225e-03,  1.412380624180037e-01,  1.405050992165678e-01,  1.009071028870684e-01,  3.202670618938916e-01
  1.370000000000000e+00,  6.329577452667500e-01, -6.618992122496614e-03,  1.387417065335622e-01,  1.426244241712125e-01,  9.827704842006937e-02,  3.194000887828881e-01
  1.380000000000000e+00,  6.309204626949860e-01, -5.663562524769628e-03,  1.362254531002911e-01,  1.448094159530409e-01,  9.554478172470142e-02,  3.184784889652356e-01
  1.390000000000000e+00,  6.288631137460722e-01, -4.684975230804023e-03,  1.336995841420046e-01,  1.470546360190975e-01,  9.271430315966697e-02,  3.174964036859059e-01
  1.400000000000000e+00,  6.267895681575357e-01, -3.684969256166681e-03,  1.311741065182985e-01,  1.493542815618273e-01,  8.978999533086010e-02,  3.164483079815891e-01
  1.410000000000000e+00,  6.247026986750307e-01, -2.665245412526218e-03,  1.286586821132851e-01,  1.517021675681299e-01,  8.677663353067076e-02,  3.153290763561456e-01
  1.420000000000000e+00,  6.226076723597144e-01, -1.627572948176059e-03,  1.261621671900690e-01,  1.540924219290180e-01,  8.367921257141799e-02,  3.141349420713927e-01
  1.430000000000000e+00,  6.204987555632584e-01, -5.733007319035366e-04,  1.236940870267764e-01,  1.565167701904462e-01,  8.050362539988432e-02,  3.128600618738736e-01
  1.440000000000000e+00,  6.183778302533094e-01,  4.959752228601566e-04,  1.212623495409528e-01,  1.589683654201662e-01,  7.725571652032372e-02,  3.115016993390232e-01
  1.450000000000000e+00,  6.162423724775353e-01,  1.578856697142639e-03,  1.188746485038773e-01,  1.614393418382163e-01,  7.394187091086511e-02,  3.100569475526816e-01
  1.460000000000000e+00,  6.140881709988091e-01,  2.674046750618775e-03,  1.165380720284514e-01,  1.639213929443491e-01,  7.056886504900892e-02,  3.085235949999054e-01
  1.470000000000000e+00,  6.119092189940251e-01,  3.780354619975723e-03,  1.142590697946618e-01,  1.664057751876521e-01,  6.714385114735572e-02,  3.069001719146737e-01
  1.480000000000000e+00,  6.096997445158653e-01,  4.896660880529202e-03,  1.120433966543540e-01,  1.688834432988448e-01,  6.367450148296265e-02,  3.051860534411193e-01
  1.490000000000000e+00,  6.074460240202608e-01,  6.022074709744585e-03,  1.098961653620389e-01,  1.713445999654140e-01,  6.016835333593699e-02,  3.033812942215660e-01
  1.500000000000000e+00,  6.051380472913070e-01,  7.155678383931940e-03,  1.078217850910830e-01,  1.737794005021923e-01,  5.663366263607730e-02,  3.014868825350019e-01
  1.510000000000000e+00,  6.027620464677707e-01,  8.296688282630305e-03,  1.058239603326233e-01,  1.761775739584317e-01,  5.307879914527638e-02,  2.995046394037132e-01
  1.520000000000000e+00,  6.003023541145868e-01,  9.444397030568652e-03,  1.039057033694456e-01,  1.785285818704025e-01,  4.951233399000817e-02,  2.974372429258237e-01
  1.530000000000000e+00,  5.977415142545283e-01,  1.059815595309788e-02,  1.020693477701008e-01,  1.808216895838437e-01,  4.594298888916476e-02,  2.952882198287858e-01
  1.540000000000000e+00,  5.950604468422478e-01,  1.175735584246773e-02,  1.003165675590252e-01,  1.830460502382781e-01,  4.237958205162530e-02,  2.930619246739429e-01
  1.550000000000000e+00,  5.922386674409394e-01,  1.292140685217791e-02,  9.864840050181370e-02,  1.851908003266309e-01,  3.883097209181367e-02,  2.907635077944490e-01
  1.560000000000000e+00,  5.892582568024252e-01,  1.408935494546726e-02,  9.706565083755747e-02,  1.872462814895372e-01,  3.530553862739731e-02,  2.883985208416759e-01
  1.570000000000000e+00,  5.860899839182855e-01,  1.526116560906288e-02,  9.556764842246243e-02,  1.891999765125095e-01,  3.181280562616146e-02,  2.859740215584296e-01
  1.580000000000000e+00,  5.827141759624606e-01,  1.643630350112657e-02,  9.415321602594769e-02,  1.910419839651360e-01,  2.836157888153814e-02,  2.834978158049822e-01
  1.590000000000000e+00,  5.791092845493366e-01,  1.761303345244825e-02,  9.282290653889622e-02,  1.927641492804548e-01,  2.495898327858941e-02,  2.809758390133277e-01
  1.600000000000000e+00,  5.752495627535611e-01,  1.879180036614958e-02,  9.157302606430909e-02,  1.943550310485393e-01,  2.161475111685485e-02,  2.784184715224982e-01
  1.610000000000000e+00,  5.711171871384189e-01,  1.997044212508192e-02,  9.040351280049276e-02,  1.958083582582321e-01,  1.833531320321340e-02,  2.758322732459021e-01
  1.620000000000000e+00,  5.666892732489491e-01,  2.114899795432157e-02,  8.931027049222016e-02,  1.971146809587670e-01,  1.512942743411098e-02,  2.732278177778691e-01
  1.630000000000000e+00,  5.619485420452172e-01,  2.232600812166274e-02,  8.829110502022219e-02,  1.982678684811942e-01,  1.200388576842470e-02,  2.706135754657438e-01
  1.640000000000000e+00,  5.568789500476361e-01,  2.350030968202321e-02,  8.734290443502919e-02,  1.992621325202128e-01,  8.965549719862386e-03,  2.679987386171276e-01
  1.650000000000000e+00,  5.514668448226531e-01,  2.467075355870052e-02,  8.646215292281702e-02,  2.000926073538128e-01,  6.020989388926528e-03,  2.653926387369973e-01
  1.660000000000000e+00,  5.457019510877351e-01,  2.583596829051138e-02,  8.564533781931095e-02,  2.007557912668103e-01,  3.176228091455517e-03,  2.628043161860257e-01
  1.670000000000000e+00,  5.395762638653362e-01,  2.699497173661691e-02,  8.488809412021693e-02,  2.012486963108445e-01,  4.373264214796080e-04,  2.602432818240657e-01
  1.680000000000000e+00,  5.330891426045673e-01,  2.814506204273504e-02,  8.418833278053950e-02,  2.015719423595539e-01, -2.191625879568098e-03,  2.577166267726724e-01
  1.690000000000000e+00,  5.262380254120954e-01,  2.928599332129855e-02,  8.354020151751750e-02,  2.017237768902340e-01, -4.704583288784611e-03,  2.552345141884869e-01
  1.700000000000000e+00,  5.190273439586643e-01,  3.041616022972815e-02,  8.293971535838605e-02,  2.017056314607206e-01, -7.097179879073378e-03,  2.528050060434356e-01
  1.710000000000000e+00,  5.114641739765192e-01,  3.153344415089188e-02,  8.238410532605478e-02,  2.015210976528235e-01, -9.366649392513969e-03,  2.504339027306693e-01
  1.720000000000000e+00,  5.035660304885157e-01,  3.263585677730596e-02,  8.186826331897336e-02,  2.011734794912067e-01, -1.150780077693163e-02,  2.481315932662611e-01
  1.730000000000000e+00,  4.953443130903136e-01,  3.372250225474271e-02,  8.138828591515271e-02,  2.006678316850792e-01, -1.351855587935779e-02,  2.459030435474834e-01
  1.740000000000000e+00,  4.868230184946772e-01,  3.479169175423014e-02,  8.093995442620702e-02,  2.000111920713876e-01, -1.539625308235139e-02,  2.437549504727324e-01
  1.750000000000000e+00,  4.780217733360194e-01,  3.584193333922547e-02,  8.051927664933832e-02,  1.992102478118351e-01, -1.713890924584806e-02,  2.416931509272914e-01
  1.760000000000000e+00,  4.689733243584366e-01,  3.687138314069505e-02,  8.012230875195477e-02,  1.982749161399164e-01, -1.874517800360571e-02,  2.397230841353467e-01
  1.770000000000000e+00,  4.597059362314345e-01,  3.787867295101432e-02,  7.974515557521893e-02,  1.972147222328668e-01, -2.021449798547412e-02,  2.378492046043880e-01
  1.780000000000000e+00,  4.502540281758692e-01,  3.886249918530704e-02,  7.938368405328744e-02,  1.960406617597824e-01, -2.154674397045427e-02,  2.360758582898443e-01
  1.790000000000000e+00,  4.406507619749259e-01,  3.982171358828146e-02,  7.903468600809054e-02,  1.947648609672744e-01, -2.274361207658200e-02,  2.344048111325805e-01
  1.800000000000000e+00,  4.309402732198999e-01,  4.075450754503018e-02,  7.869410223330545e-02,  1.934007202045858e-01, -2.380599344763449e-02,  2.328403971961003e-01
  1.810000000000000e+00,  4.211603707865202e-01,  4.165992194357115e-02,  7.835838935054384e-02,  1.919615093840731e-01, -2.473657490287991e-02,  2.313842283290057e-01
  1.820000000000000e+00,  4.113509700206802e-01,  4.253654441542687e-02,  7.802466623986500e-02,  1.904616116361237e-01, -2.553922687711288e-02,  2.300369768950854e-01
  1.830000000000000e+00,  4.015548356258476e-01,  4.338467490568254e-02,  7.768912286752908e-02,  1.889158972074617e-01, -2.621852790758460e-02,  2.287980507528773e-01
  1.840000000000000e+00,  3.918121954146392e-01,  4.420282327178793e-02,  7.734912813752801e-02,  1.873387919174467e-01, -2.677956617701555e-02,  2.276676737511073e-01
  1.850000000000000e+00,  3.821626434041572e-01,  4.499040917050023e-02,  7.700190223910251e-02,  1.857446369069416e-01, -2.722832906937927e-02,  2.266447802972978e-01
  1.860000000000000e+00,  3.726454207261411e-01,  4.574661174269834e-02,  7.664527769498990e-02,  1.841480463754158e-01, -2.757185141571779e-02,  2.257273736752441e-01
  1.870000000000000e+00,  3.632965378377527e-01,  4.647102802284264e-02,  7.627713443822989e-02,  1.825624848731762e-01, -2.781754533402596e-02,  2.249130269154727e-01
  1.880000000000000e+00,  3.541493411477771e-01,  4.716314321508008e-02,  7.589593909579959e-02,  1.810007790825053e-01, -2.797350845824485e-02,  2.241985573976149e-01
  1.890000000000000e+00,  3.452350527617147e-01,  4.782276322006318e-02,  7.550021449078931e-02,  1.794748496974663e-01, -2.804809762331738e-02,  2.235805212039329e-01
  1.900000000000000e+00,  3.365806872564467e-01,  4.844954749343922e-02,  7.508920601982109e-02,  1.779954335832300e-01, -2.805010725157151e-02,  2.230547368088562e-01
  1.910000000000000e+00,  3.282100776967232e-01,  4.904328470529107e-02,  7.466248354997436e-02,  1.765720892439770e-01, -2.798844985518850e-02,  2.226166859733962e-01
  1.920000000000000e+00,  3.201433327151461e-01,  4.960387332101179e-02,  7.421998457933446e-02,  1.752129909570999e-01, -2.787200300198996e-02,  2.222615679429600e-01
  1.930000000000000e+00,  3.123977136692886e-01,  5.013110862582915e-02,  7.376219893414472e-02,  1.739253797740386e-01, -2.770976126960551e-02,  2.219841179763351e-01
  1.940000000000000e+00,  3.049864813148781e-01,  5.062498185727526e-02,  7.328986955499699e-02,  1.727148835483996e-01, -2.751034111773810e-02,  2.217790258965535e-01
  1.950000000000000e+00,  2.979210597158174e-01,  5.108556654278784e-02,  7.280397920890908e-02,  1.715863318385816e-01, -2.728219389820179e-02,  2.216408728948070e-01
  1.960000000000000e+00,  2.912066660099313e-01,  5.151270665981245e-02,  7.230633666754908e-02,  1.705424844655231e-01, -2.703324581476300e-02,  2.215638569831980e-01
  1.970000000000000e+00,  2.848494363540431e-01,  5.190655095676666e-02,  7.179852270786366e-02,  1.695860425291588e-01, -2.677118052362352e-02,  2.215424467156613e-01
  1.980000000000000e+00,  2.788513644230073e-01,  5.226711166050313e-02,  7.128265960867543e-02,  1.687182509954150e-01, -2.650312232785179e-02,  2.215709563365017e-01
  1.990000000000000e+00,  2.732149288364409e-01,  5.259466563310178e-02,  7.076066173438708e-02,  1.679402653574273e-01, -2.623588380572511e-02,  2.216440025374929e-01
  2.000000000000000e+00,  2.679378511786669e-01,  5.288927305584901e-02,  7.023505475339957e-02,  1.672515228949445e-01, -2.597545603419408e-02,  2.217560963028299e-01
  2.010000000000000e+00,  2.630182985716050e-01,  5.315110171718751e-02,  6.970826529367886e-02,  1.666515282386161e-01, -2.572754638993700e-02,  2.219019690134077e-01
  2.020000000000000e+00,  2.584530840832013e-01,  5.338031439649527e-02,  6.918281567923529e-02,  1.661391848483191e-01, -2.549727907624150e-02,  2.220765508149603e-01
  2.030000000000000e+00,  2.542381796008737e-01,  5.357719041753706e-02,  6.866121171970560e-02,  1.657130298558126e-01, -2.528929307640040e-02,  2.222749639482124e-01
  2.040000000000000e+00,  2.503690791670255e-01,  5.374192813362466e-02,  6.814596999756165e-02,  1.653713534982108e-01, -2.510771180247121e-02,  2.224926084338631e-01
  2.050000000000000e+00,  2.468410539000629e-01,  5.387480204516848e-02,  6.763949289417072e-02,  1.651122713337457e-01, -2.495616614565804e-02,  2.227251921623998e-01
  2.060000000000000e+00,  2.436487094507263e-01,  5.397603855283406e-02,  6.714420048357178e-02,  1.649337871330741e-01, -2.483789706324700e-02,  2.229685966702980e-01
  2.070000000000000e+00,  2.407871283562384e-01,  5.404595133367174e-02,  6.666226028241422e-02,  1.648338838912546e-01, -2.475562837743703e-02,  2.232191634028208e-01
  2.080000000000000e+00,  2.382513056042191e-01,  5.408484469509145e-02,  6.619572757835451e-02,  1.648105585842217e-01, -2.471168403191921e-02,  2.234735298501068e-01
  2.090000000000000e+00,  2.360364284550230e-01,  5.409304075882604e-02,  6.574647919602292e-02,  1.648618709131210e-01, -2.470797910250798e-02,  2.237286908154316e-01
  2.100000000000000e+00,  2.341379526278576e-01,  5.407087918364728e-02,  6.531618844086311e-02,  1.649860095311856e-01, -2.474605464016704e-02,  2.239820128563797e-01
  2.110000000000000e+00,  2.325516677906719e-01,  5.401871959216686e-02,  6.490633456066063e-02,  1.651811903701319e-01, -2.482701035680023e-02,  2.242312362284640e-01
  2.120000000000000e+00,  2.312738499459474e-01,  5.393699428479493e-02,  6.451810133407143e-02,  1.654458761979116e-01, -2.495162702996829e-02,  2.244745353253245e-01
  2.130000000000000e+00,  2.303008068330490e-01,  5.382596568479792e-02,  6.415259777082551e-02,  1.657787121333356e-01, -2.512038210067357e-02,  2.247103557683225e-01
  2.140000000000000e+00,  2.296297902773582e-01,  5.368619246470852e-02,  6.381049648251248e-02,  1.661783673235795e-01, -2.533326102144652e-02,  2.249376858906951e-01
  2.150000000000000e+00,  2.292577161819760e-01,  5.351798768909299e-02,  6.349249103980366e-02,  1.666437630591593e-01, -2.559006550302171e-02,  2.251556815999652e-01
  2.160000000000000e+00,  2.291827447371149e-01,  5.332184435113851e-02,  6.319875749344755e-02,  1.671740828513490e-01, -2.589015718867166e-02,  2.253641651861017e-01
  2.170000000000000e+00,  2.294031775985927e-01,  5.309833290328370e-02,  6.292930641138103e-02,  1.677685243261705e-01, -2.623253298295133e-02,  2.255632286138938e-01
  2.180000000000000e+00,  2.299175973112738e-01,  5.284790004073869e-02,  6.268400064325221e-02,  1.684264901320561e-01, -2.661589876714664e-02,  2.257533053439235e-01
  2.190000000000000e+00,  2.307248087238848e-01,  5.257113181337814e-02,  6.246241787948566e-02,  1.691475323928074e-01, -2.703862770493549e-02,  2.259351826541438e-01
  2.200000000000000e+00,  2.318241439203357e-01,  5.226859219097202e-02,  6.226392341449538e-02,  1.699312927152686e-01, -2.749871328307985e-02,  2.261100382159558e-01
  2.210000000000000e+00,  2.332151424044236e-01,  5.194089994387530e-02,  6.208766202543445e-02,  1.707775106009789e-01, -2.799380615112718e-02,  2.262793768037755e-01
  2.220000000000000e+00,  2.348975478583870e-01,  5.158871309906687e-02,  6.193257320099047e-02,  1.716859849180845e-01, -2.852119847002432e-02,  2.264450238864352e-01
  2.230000000000000e+00,  2.368712359272681e-01,  5.121273361625356e-02,  6.179740289251948e-02,  1.726565373221727e-01, -2.907781719264571e-02,  2.266091052130540e-01
  2.240000000000000e+00,  2.391361162105172e-01,  5.081373312574655e-02,  6.168070690405092e-02,  1.736889660942068e-01, -2.966021829647208e-02,  2.267740265157902e-01
  2.250000000000000e+00,  2.416921339299163e-01,  5.039236468545649e-02,  6.158094719618553e-02,  1.747830803933181e-01, -3.026460003133034e-02,  2.269424600639843e-01
  2.260000000000000e+00,  2.445389016887288e-01,  4.994971785502411e-02,  6.149630669473298e-02,  1.759383717757053e-01, -3.088670727263326e-02,  2.271172544546521e-01
  2.270000000000000e+00,  2.476758598095649e-01,  4.948660968665797e-02,  6.142497510736283e-02,  1.771543415820844e-01, -3.152196711968371e-02,  2.273014971856127e-01
  2.280000000000000e+00,  2.511019869522707e-01,  4.900402044588037e-02,  6.136502079998050e-02,  1.784301900840378e-01, -3.216538917841051e-02,  2.274984262148983e-01
  2.290000000000000e+00,  2.548156712458894e-01,  4.850299230309973e-02,  6.131445904267044e-02,  1.797648065516501e-01, -3.281159162919846e-02,  2.277114094162432e-01
  2.300000000000000e+00,  2.588145420262069e-01,  4.798462813800342e-02,  6.127128331617971e-02,  1.811566936388502e-01, -3.345480348728509e-02,  2.279439145085883e-01
  2.310000000000000e+00,  2.630953043226976e-01,  4.745013905453299e-02,  6.123346719525314e-02,  1.826038585339333e-01, -3.408885217852081e-02,  2.281994894779182e-01
  2.320000000000000e+00,  2.676534899782808e-01,  4.690063423831736e-02,  6.119913580087812e-02,  1.841038589774935e-01, -3.470726035004276e-02,  2.284816685940450e-01
  2.330000000000000e+00,  2.724833708042624e-01,  4.633742368296789e-02,  6.116639870751559e-02,  1.856535319012586e-01, -3.530313771783675e-02,  2.287940326751027e-01
  2.340000000000000e+00,  2.775776879569349e-01,  4.576180032343280e-02,  6.113352997678714e-02,  1.872490538863207e-01, -3.586929986787966e-02,  2.291400992021175e-01
  2.350000000000000e+00,  2.829275363430520e-01,  4.517510940642744e-02,  6.109898122053133e-02,  1.888858670862854e-01, -3.639830144128598e-02,  2.295232324705438e-01
  2.360000000000000e+00,  2.885218050357082e-01,  4.457861311447342e-02,  6.106138919544291e-02,  1.905584790744574e-01, -3.688240109256996e-02,  2.299469208723397e-01
  2.370000000000000e+00,  2.943480791213308e-01,  4.397363129919607e-02,  6.101965368396767e-02,  1.922607121682948e-01, -3.731370230061546e-02,  2.304142453271436e-01
  2.380000000000000e+00,  3.003912881133437e-01,  4.336145157833005e-02,  6.097294718066599e-02,  1.939853744980632e-01, -3.768417810906143e-02,  2.309282198172870e-01
  2.390000000000000e+00,  3.066345214719907e-01,  4.274335756982905e-02,  6.092079699351975e-02,  1.957245196480408e-01, -3.798582146375976e-02,  2.314914288777377e-01
  2.400000000000000e+00,  3.130595878109557e-01,  4.212143516745859e-02,  6.086248966711744e-02,  1.974692490033906e-01, -3.821062587220490e-02,  2.321061730484492e-01
  2.410000000000000e+00,  3.196409980515105e-01,  4.149364283925294e-02,  6.079970325679546e-02,  1.992091268686884e-01, -3.834990771246392e-02,  2.327763910992868e-01
  2.420000000000000e+00,  3.263603234879370e-01,  4.086422538429635e-02,  6.073150323514606e-02,  2.009345628387879e-01, -3.839667869778902e-02,  2.335020691525461e-01
  2.430000000000000e+00,  3.331872920249299e-01,  4.023191707717433e-02,  6.066003151987632e-02,  2.026332966963814e-01, -3.834290963101865e-02,  2.342859906933338e-01
  2.440000000000000e+00,  3.400982780457424e-01,  3.959847962288521e-02,  6.058596989693805e-02,  2.042942306863186e-01, -3.818159205234762e-02,  2.351289882061718e-01
  2.450000000000000e+00,  3.470654995866799e-01,  3.896371605462146e-02,  6.051146509076896e-02,  2.059053808831877e-01, -3.790589442397447e-02,  2.360322501499707e-01
  2.460000000000000e+00,  3.540593433294041e-01,  3.832816921829019e-02,  6.043871730386400e-02,  2.074542734207278e-01, -3.750966167074513e-02,  2.369960891380026e-01
  2.470000000000000e+00,  3.610492760234815e-01,  3.769181033564184e-02,  6.037026609306395e-02,  2.089279862220583e-01, -3.698708169359269e-02,  2.380212937908870e-01
  2.480000000000000e+00,  3.680056713947269e-01,  3.705145871650894e-02,  6.031053769263305e-02,  2.103138871730718e-01, -3.633186165137842e-02,  2.391095506531498e-01
  2.490000000000000e+00,  3.749013509237471e-01,  3.641041518915933e-02,  6.026119313289089e-02,  2.116006782808802e-01, -3.554091233840002e-02,  2.402581021408129e-01
  2.500000000000000e+00,  3.817075027691187e-01,  3.576608841155826e-02,  6.022719679431016e-02,  2.127766462849472e-01, -3.461011670847997e-02,  2.414667743810592e-01
  2.510000000000000e+00,  3.883975223670386e-01,  3.511743314661753e-02,  6.021283270332142e-02,  2.138308717044968e-01, -3.353640309807406e-02,  2.427343530295589e-01
  2.520000000000000e+00,  3.949459078818726e-01,  3.446378181245824e-02,  6.022195732462629e-02,  2.147526083396264e-01, -3.231689348602370e-02,  2.440600343649348e-01
  2.530000000000000e+00,  4.013308550335122e-01,  3.380313569532056e-02,  6.026032891186685e-02,  2.155334114295769e-01, -3.095061855934781e-02,  2.454406785096651e-01
  2.540000000000000e+00,  4.075311931418390e-01,  3.313486039742020e-02,  6.033195013787738e-02,  2.161642129547347e-01, -2.943589844545270e-02,  2.468749457970938e-01
  2.550000000000000e+00,  4.135304494155775e-01,  3.245695915253832e-02,  6.044284886552845e-02,  2.166387088989453e-01, -2.777316888290200e-02,  2.483587874896754e-01
  2.560000000000000e+00,  4.193145354694706e-01,  3.176831150671555e-02,  6.059795929634459e-02,  2.169509428297731e-01, -2.596271821274247e-02,  2.498889762070980e-01
  2.570000000000000e+00,  4.248724660481042e-01,  3.106752822827286e-02,  6.080277476545819e-02,  2.170965332473636e-01, -2.400595693793383e-02,  2.514611839671260e-01
  2.580000000000000e+00,  4.301929844778137e-01,  3.035366849118959e-02,  6.106240385736954e-02,  2.170712318639703e-01, -2.190440883199627e-02,  2.530712444999656e-01
  2.590000000000000e+00,  4.352730271153457e-01,  2.962561339859371e-02,  6.138222215417350e-02,  2.168737039490271e-01, -1.966094261438349e-02,  2.547136030362597e-01
  2.600000000000000e+00,  4.401107016260030e-01,  2.888259150516315e-02,  6.176729393449575e-02,  2.165032906343748e-01, -1.727882869064908e-02,  2.563825570868617e-01
  2.610000000000000e+00,  4.447071561909910e-01,  2.812403651826134e-02,  6.222249427469228e-02,  2.159606441812734e-01, -1.476200191698317e-02,  2.580719043877092e-01
  2.620000000000000e+00,  4.490664191559063e-01,  2.734960084316973e-02,  6.275244936033705e-02,  2.152476898964420e-01, -1.211503936830661e-02,  2.597749915423053e-01
  2.630000000000000e+00,  4.531951942866266e-01,  2.655915799069786e-02,  6.336148492055414e-02,  2.143675755168069e-01, -9.343138541890181e-03,  2.614847668221119e-01
  2.640000000000000e+00,  4.571026144301361e-01,  2.575279703483568e-02,  6.405358094324573e-02,  2.133246063766596e-01, -6.452091065152396e-03,  2.631938417618701e-01
  2.650000000000000e+00,  4.607999591275146e-01,  2.493081165839306e-02,  6.483232971780009e-02,  2.121241666911971e-01, -3.448249508908813e-03,  2.648945651691150e-01
  2.660000000000000e+00,  4.643003416983809e-01,  2.409368509432741e-02,  6.570089639308231e-02,  2.107726271491029e-01, -3.384867218406219e-04,  2.665791099995839e-01
  2.670000000000000e+00,  4.676183716734641e-01,  2.324207109489129e-02,  6.666198422208786e-02,  2.092772394703571e-01,  2.869852072580675e-03,  2.682395720183137e-01
  2.680000000000000e+00,  4.707698021056221e-01,  2.237677189062182e-02,  6.771780561098314e-02,  2.076460205404871e-01,  6.169003703879394e-03,  2.698680786143292e-01
  2.690000000000000e+00,  4.737711738232531e-01,  2.149871457303298e-02,  6.887005886223867e-02,  2.058876296797021e-01,  9.550846805316792e-03,  2.714569038762010e-01
  2.700000000000000e+00,  4.766394669846890e-01,  2.060892688149507e-02,  7.011991063340019e-02,  2.040112421097820e-01,  1.300696589799261e-02,  2.729985847476321e-01
  2.710000000000000e+00,  4.793917684295564e-01,  1.970851361924231e-02,  7.146798446488191e-02,  2.020264218479486e-01,  1.652871921809662e-02,  2.744860326756389e-01
  2.719999999999999e+00,  4.820449630050551e-01,  1.879863521266922e-02,  7.291435645717342e-02,  1.999429972358222e-01,  2.010730912622736e-02,  2.759126348022080e-01
  2.730000000000000e+00,  4.846154557241756e-01,  1.788048941880183e-02,  7.445855845743812e-02,  1.977709415557103e-01,  2.373385301210155e-02,  2.772723403321159e-01
  2.739999999999999e+00,  4.871219606433191e-01,  1.695527879604986e-02,  7.609929143290638e-02,  1.955208794355378e-01,  2.739946180780734e-02,  2.785599120125598e-01
  2.750000000000000e+00,  4.895728422097211e-01,  1.602427208574175e-02,  7.783563228624311e-02,  1.932014393808648e-01,  3.109526766987189e-02,  2.797702748430005e-01
  2.759999999999999e+00,  4.919851181313954e-01,  1.508869417671388e-02,  7.966523865175568e-02,  1.908230903166722e-01,  3.481254726069591e-02,  2.808995691843518e-01
  2.770000000000000e+00,  4.943712165783992e-01,  1.414978731868399e-02,  8.158558621998299e-02,  1.883953678684945e-01,  3.854273753079802e-02,  2.819445262118641e-01
  2.779999999999999e+00,  4.967422367851393e-01,  1.320879267704789e-02,  8.359368100685997e-02,  1.859274975577380e-01,  4.227749852134556e-02,  2.829026339743161e-01
  2.790000000000000e+00,  4.991078915154930e-01,  1.226694832088349e-02,  8.568607996541130e-02,  1.834283403766356e-01,  4.600875826349338e-02,  2.837721389475247e-01
  2.799999999999999e+00,  5.014810791933497e-01,  1.132531751540866e-02,  8.785891924897099e-02,  1.809072094999307e-01,  4.972858492019686e-02,  2.845518315009869e-01
  2.810000000000000e+00,  5.038588926914574e-01,  1.038546631960524e-02,  9.010798980786276e-02,  1.783702781994587e-01,  5.342990603377503e-02,  2.852417973416201e-01
  2.819999999999999e+00,  5.062521152919138e-01,  9.448445863630583e-03,  9.242855832034637e-02,  1.758261221686883e-01,  5.710546728250014e-02,  2.858423448124713e-01
  2.830000000000000e+00,  5.086620140514001e-01,  8.515636264527338e-03,  9.481537516227224e-02,  1.732813591664901e-01,  6.074869122599568e-02,  2.863550306122737e-01
  2.839999999999999e+00,  5.110978538122931e-01,  7.587901994931201e-03,  9.726352264662406e-02,  1.707437332609431e-01,  6.435305330640879e-02,  2.867808264315247e-01
  2.850000000000000e+00,  5.135579765934498e-01,  6.666609909672605e-03,  9.976722417876008e-02,  1.682188375433888e-01,  6.791278435433770e-02,  2.871224029192284e-01
  2.859999999999999e+00,  5.160430659638529e-01,  5.752952700817326e-03,  1.023206181538586e-01,  1.657124190437767e-01,  7.142238840515581e-02,  2.873825863821501e-01
  2.870000000000000e+00,  5.185528014740289e-01,  4.848120809726186e-03,  1.049176304136680e-01,  1.632297855559086e-01,  7.487676271382697e-02,  2.875646443743708e-01
  2.879999999999999e+00,  5.210859463159322e-01,  3.953303590147117e-03,  1.075520093395920e-01,  1.607758193685077e-01,  7.827118938460027e-02,  2.876722248539023e-01
  2.890000000000000e+00,  5.236404359312560e-01,  3.069688548752891e-03,  1.102173600736104e-01,  1.583549928598837e-01,  8.160132525344456e-02,  2.877092982315255e-01
  2.899999999999999e+00,  5.262134660979768e-01,  2.198459547837928e-03,  1.129071769841248e-01,  1.559713863919721e-01,  8.486318984806256e-02,  2.876801019414125e-01
  2.910000000000000e+00,  5.288015790888287e-01,  1.340794714591365e-03,  1.156148735524912e-01,  1.536287082523964e-01,  8.805315152663652e-02,  2.875890873616630e-01
  2.919999999999999e+00,  5.314007470384329e-01,  4.978640417705460e-04,  1.183338097271335e-01,  1.513303157382333e-01,  9.116791240552249e-02,  2.874408697059934e-01
  2.930000000000000e+00,  5.340064524757827e-01, -3.291734730712648e-04,  1.210573184849248e-01,  1.490792369700301e-01,  9.420449250884648e-02,  2.872401813020881e-01
  2.940000000000000e+00,  5.366137656427954e-01, -1.139173006951655e-03,  1.237787324551560e-01,  1.468781934745750e-01,  9.716021291455713e-02,  2.869918286476558e-01
  2.950000000000000e+00,  5.392174177257351e-01, -1.931007575613819e-03,  1.264914086769727e-01,  1.447296234552881e-01,  1.000326776719665e-01,  2.867006534689611e-01
  2.960000000000000e+00,  5.418118695819009e-01, -2.703572509376917e-03,  1.291887501250112e-01,  1.426357054701200e-01,  1.028197551501062e-01,  2.863714977632592e-01
  2.970000000000000e+00,  5.443913757645746e-01, -3.455790168412909e-03,  1.318642255584959e-01,  1.405983821701761e-01,  1.055195592982585e-01,  2.860091726313587e-01
  2.980000000000000e+00,  5.469500431942085e-01, -4.186614027880564e-03,  1.345113890062934e-01,  1.386193832653757e-01,  1.081304308101999e-01,  2.856184312461829e-01
  2.990000000000000e+00,  5.494819140295725e-01, -4.895150906659262e-03,  1.371244259266950e-01,  1.367001566936354e-01,  1.106509478657931e-01,  2.852032692192838e-01
  3.000000000000000e+00,  5.519808921809747e-01, -5.580194556018547e-03,  1.396960770657441e-01,  1.348422405257804e-01,  1.130797963260162e-01,  2.847695996191689e-01
  3.010000000000000e+00,  5.544409666194176e-01, -6.240928951863012e-03,  1.422207651396249e-01,  1.330467606135521e-01,  1.154159184478843e-01,  2.843212256975121e-01
  3.020000000000000e+00,  5.568561308671222e-01, -6.876469045342226e-03,  1.446925522458243e-01,  1.313147861796143e-01,  1.176583904444662e-01,  2.838624832507572e-01
  3.030000000000000e+00,  5.592204471849384e-01, -7.485977111698627e-03,  1.471056661560360e-01,  1.296472600543452e-01,  1.198064335895565e-01,  2.833975656173475e-01
  3.040000000000000e+00,  5.615280786611866e-01, -8.068664248298552e-03,  1.494545167180961e-01,  1.280450110917025e-01,  1.218594006609210e-01,  2.829305116136832e-01
  3.050000000000000e+00,  5.637733192022613e-01, -8.623792097373295e-03,  1.517337124445239e-01,  1.265087655046278e-01,  1.238167638784094e-01,  2.824651937794738e-01
  3.060000000000000e+00,  5.659506216923714e-01, -9.150674383374469e-03,  1.539380759308509e-01,  1.250391569714354e-01,  1.256781048815421e-01,  2.820053073223736e-01
  3.070000000000000e+00,  5.680546233332532e-01, -9.648678776240871e-03,  1.560626579986571e-01,  1.236367347429831e-01,  1.274431069774272e-01,  2.815543598760224e-01
  3.080000000000000e+00,  5.700801664220511e-01, -1.011722977142981e-02,  1.581027509350900e-01,  1.223019696004848e-01,  1.291115486973399e-01,  2.811156620450714e-01
  3.090000000000000e+00,  5.720223146073983e-01, -1.055581213169865e-02,  1.600539017631208e-01,  1.210352581863940e-01,  1.306832975997220e-01,  2.806923184009142e-01
  3.100000000000000e+00,  5.738763672378369e-01, -1.096397364455415e-02,  1.619119248287953e-01,  1.198369263174119e-01,  1.321583043144075e-01,  2.802872196029245e-01
  3.110000000000000e+00,  5.756378735627128e-01, -1.134132646596830e-02,  1.636729118368579e-01,  1.187072317784020e-01,  1.335365971042500e-01,  2.799030362761474e-01
  3.120000000000000e+00,  5.773026458305413e-01, -1.168754684683360e-02,  1.653332396456627e-01,  1.176463669135790e-01,  1.348182766128375e-01,  2.795422139953294e-01
  3.130000000000000e+00,  5.788668143079052e-01, -1.200227374756357e-02,  1.668890544460121e-01,  1.166546019974479e-01,  1.360034647141212e-01,  2.792076312182858e-01
  3.140000000000000e+00,  5.803266604518124e-01, -1.228550975494413e-02,  1.683383869172466e-01,  1.157317179604819e-01,  1.370924882302187e-01,  2.788999333822683e-01
  3.150000000000000e+00,  5.816788836278716e-01, -1.253700439531857e-02,  1.696779641717960e-01,  1.148778659807645e-01,  1.380855898653303e-01,  2.786215662864470e-01
  3.160000000000000e+00,  5.829204354502845e-01, -1.275666412084209e-02,  1.709053518093466e-01,  1.140929934999289e-01,  1.389831148528499e-01,  2.783740841356864e-01
  3.170000000000000e+00,  5.840485658406246e-01, -1.294444616553658e-02,  1.720184216531842e-01,  1.133769889334133e-01,  1.397854558875259e-01,  2.781588306119678e-01
  3.180000000000000e+00,  5.850608263681930e-01, -1.310035606320747e-02,  1.730153520376142e-01,  1.127296843013172e-01,  1.404930457963657e-01,  2.779769504623490e-01
  3.190000000000000e+00,  5.859550733497259e-01, -1.322444641138043e-02,  1.738946312187098e-01,  1.121508577617130e-01,  1.411063509842566e-01,  2.778293991127174e-01
  3.200000000000000e+00,  5.867294704683313e-01, -1.331681602840473e-02,  1.746550611024072e-01,  1.116402359644097e-01,  1.416258655873339e-01,  2.777169515570774e-01
  3.210000000000000e+00,  5.873824905202277e-01, -1.337760892020268e-02,  1.752957596163552e-01,  1.111974962468924e-01,  1.420521060603015e-01,  2.776402099602521e-01
  3.219999999999999e+00,  5.879129308247254e-01, -1.340711536440842e-02,  1.758167731136304e-01,  1.108221801638359e-01,  1.423855991821451e-01,  2.775987784398549e-01
  3.230000000000000e+00,  5.883198858420760e-01, -1.340535929777520e-02,  1.762165824133638e-01,  1.105140818880683e-01,  1.426268931410742e-01,  2.775946635739081e-01
  3.239999999999999e+00,  5.886027337129353e-01, -1.337271670315054e-02,  1.764959145385601e-01,  1.102726205312635e-01,  1.427765464886228e-01,  2.776270617741460e-01
  3.250000000000000e+00,  5.887611738284192e-01, -1.330949681434124e-02,  1.766551443242168e-01,  1.100972953245428e-01,  1.428351162480670e-01,  2.776959172402572e-01
  3.259999999999999e+00,  5.887952070665025e-01, -1.321604741971760e-02,  1.766949605882053e-01,  1.099875646983833e-01,  1.428031610429238e-01,  2.778010056260327e-01
  3.270000000000000e+00,  5.887051325588479e-01, -1.309275284398970e-02,  1.766163589736525e-01,  1.099428473954700e-01,  1.426812404723843e-01,  2.779419410778334e-01
  3.279999999999999e+00,  5.884910294213155e-01, -1.293976755682769e-02,  1.764197631485840e-01,  1.099623298526242e-01,  1.424700374512352e-01,  2.781190770404731e-01
  3.290000000000000e+00,  5.881547392946340e-01, -1.275806842351179e-02,  1.761085849375097e-01,  1.100456820087510e-01,  1.421698827208122e-01,  2.783297811904087e-01
  3.299999999999999e+00,  5.876976321986220e-01, -1.254815933797637e-02,  1.756845043487982e-01,  1.101923642487631e-01,  1.417813027463876e-01,  2.785736098644150e-01
  3.310000000000000e+00,  5.871199165546690e-01, -1.231000896659307e-02,  1.751481476582882e-01,  1.104010828331888e-01,  1.413051545188989e-01,  2.788509532982995e-01
  3.319999999999999e+00,  5.864238939713178e-01, -1.204443905802699e-02,  1.745027771467419e-01,  1.106712975511115e-01,  1.407418824112247e-01,  2.791598990759676e-01
  3.330000000000000e+00,  5.856115415711073e-01, -1.175203055475671e-02,  1.737511158548498e-01,  1.110021710177508e-01,  1.400920810948858e-01,  2.794991665528592e-01
  3.339999999999999e+00,  5.846850907514659e-01, -1.143339722916914e-02,  1.728961524903302e-01,  1.113928165003802e-01,  1.393563609066346e-01,  2.798673420310836e-01
  3.350000000000000e+00,  5.836470150579436e-01, -1.108918572631001e-02,  1.719411290823870e-01,  1.118422947438333e-01,  1.385353522170297e-01,  2.802628896770417e-01
  3.359999999999999e+00,  5.825000194189893e-01, -1.072007644308659e-02,  1.708895301358986e-01,  1.123496119207757e-01,  1.376297089369069e-01,  2.806841601708590e-01
  3.370000000000000e+00,  5.812470300182611e-01, -1.032678417118249e-02,  1.697450708815613e-01,  1.129137180051323e-01,  1.366401115853335e-01,  2.811293988428891e-01
  3.379999999999999e+00,  5.798911847774160e-01, -9.910058025470292e-03,  1.685116841061367e-01,  1.135335054333503e-01,  1.355672707895357e-01,  2.815967531257385e-01
  3.390000000000000e+00,  5.784358232046697e-01, -9.470680798864484e-03,  1.671935063284936e-01,  1.142078078392740e-01,  1.344119318225942e-01,  2.820842788400526e-01
  3.399999999999999e+00,  5.768844745564443e-01, -9.009467974138596e-03,  1.657948641556864e-01,  1.149353991365995e-01,  1.331748793971367e-01,  2.825899451998905e-01
  3.410000000000000e+00,  5.752408439484231e-01, -8.527266664449140e-03,  1.643202606925710e-01,  1.157149930121510e-01,  1.318569422016107e-01,  2.831116394357536e-01
  3.419999999999999e+00,  5.735087962310904e-01, -8.024954968422815e-03,  1.627743617100549e-01,  1.165452420321811e-01,  1.304589982422379e-01,  2.836471726659981e-01
  3.430000000000000e+00,  5.716923380396962e-01, -7.503441516042431e-03,  1.611619815265757e-01,  1.174247359177136e-01,  1.289819815332541e-01,  2.841942872948000e-01
  3.440000000000000e+00,  5.697955987932677e-01, -6.963664078366127e-03,  1.594880682822516e-01,  1.183519996275021e-01,  1.274268889990325e-01,  2.847506641898288e-01
  3.450000000000000e+00,  5.678228104205173e-01, -6.406586738947118e-03,  1.577576879321788e-01,  1.193254915737092e-01,  1.257947870579136e-01,  2.853139291822643e-01
  3.460000000000000e+00,  5.657782851443498e-01, -5.833196256453954e-03,  1.559760067803931e-01,  1.203436014383771e-01,  1.240868185646634e-01,  2.858816601734419e-01
  3.470000000000000e+00,  5.636663910109626e-01, -5.244498254139529e-03,  1.541482731136774e-01,  1.214046472223374e-01,  1.223042100730306e-01,  2.864513953024387e-01
  3.480000000000000e+00,  5.614915239724656e-01, -4.641513362401817e-03,  1.522797981049669e-01,  1.225068714499315e-01,  1.204482786919616e-01,  2.870206425589552e-01
  3.490000000000000e+00,  5.592580751229137e-01, -4.025273204798063e-03,  1.503759357416318e-01,  1.236484363889742e-01,  1.185204384178104e-01,  2.875868916463368e-01
  3.500000000000000e+00,  5.569703937127249e-01, -3.396815837076295e-03,  1.484420618475075e-01,  1.248274184408452e-01,  1.165222062827131e-01,  2.881476274730682e-01
  3.510000000000000e+00,  5.546327477135025e-01, -2.757180237663137e-03,  1.464835522640235e-01,  1.260418020981038e-01,  1.144552086260995e-01,  2.887003438953920e-01
  3.520000000000000e+00,  5.522492825735987e-01, -2.107400260751513e-03,  1.445057603335075e-01,  1.272894735827895e-01,  1.123211875985128e-01,  2.892425576257638e-01
  3.530000000000000e+00,  5.498239777083577e-01, -1.448498757453232e-03,  1.425139945895009e-01,  1.285682141043946e-01,  1.101220073525619e-01,  2.897718220385612e-01
  3.540000000000000e+00,  5.473598625121803e-01, -7.813574547499424e-04,  1.405135257907683e-01,  1.298755741271201e-01,  1.078596184587353e-01,  2.902853396806895e-01
  3.550000000000000e+00,  5.448618539409688e-01, -1.072116458225025e-04,  1.385094573311707e-01,  1.312093525454822e-01,  1.055362175283023e-01,  2.907815862276560e-01
  3.560000000000000e+00,  5.423324578346741e-01,  5.731180241421718e-04,  1.365068704973161e-01,  1.325668399687366e-01,  1.031540350755562e-01,  2.912578818222498e-01
  3.570000000000000e+00,  5.397755085866175e-01,  1.258600501076401e-03,  1.345106840687249e-01,  1.339454199999315e-01,  1.007155508246302e-01,  2.917123963031789e-01
  3.580000000000000e+00,  5.371915798749217e-01,  1.948593483771965e-03,  1.325257719755403e-01,  1.353420511758480e-01,  9.822320211219486e-02,  2.921423190179233e-01
  3.590000000000000e+00,  5.345835477769700e-01,  2.642153439558870e-03,  1.305567931630714e-01,  1.367538322421626e-01,  9.567977603098843e-02,  2.925460392544340e-01
  3.600000000000000e+00,  5.319529059613515e-01,  3.338503708922413e-03,  1.286082895129081e-01,  1.381776078849657e-01,  9.308816899853181e-02,  2.929216966955456e-01
  3.610000000000000e+00,  5.293006184548725e-01,  4.036918282826374e-03,  1.266846486451191e-01,  1.396100634720467e-01,  9.045145144390170e-02,  2.932675636137694e-01
  3.620000000000000e+00,  5.266270864463255e-01,  4.736722277140171e-03,  1.247900941388204e-01,  1.410477219954688e-01,  8.777287132757110e-02,  2.935820578586286e-01
  3.630000000000000e+00,  5.239321207849188e-01,  5.437291577955028e-03,  1.229286782719827e-01,  1.424869428090036e-01,  8.505585577505675e-02,  2.938637552777494e-01
  3.640000000000000e+00,  5.212149213118684e-01,  6.138051828110003e-03,  1.211042744170451e-01,  1.439239230858640e-01,  8.230401057461813e-02,  2.941114029583211e-01
  3.650000000000000e+00,  5.184740638468163e-01,  6.838476722501152e-03,  1.193205673937337e-01,  1.453547023645238e-01,  7.952111752601455e-02,  2.943239343315858e-01
  3.660000000000000e+00,  5.157074954903929e-01,  7.538085879089218e-03,  1.175810434206473e-01,  1.467751701001866e-01,  7.671112984470184e-02,  2.945004851938772e-01
  3.670000000000000e+00,  5.129125386294791e-01,  8.236441995913335e-03,  1.158889807562221e-01,  1.481810760264657e-01,  7.387816540058612e-02,  2.946404090983439e-01
  3.680000000000000e+00,  5.100859037257806e-01,  8.933147017889498e-03,  1.142474402516247e-01,  1.495680436278714e-01,  7.102649733237690e-02,  2.947432910973248e-01
  3.690000000000000e+00,  5.072237112802950e-01,  9.627837856748256e-03,  1.126592553488192e-01,  1.509315876164627e-01,  6.816054216358021e-02,  2.948089594832674e-01
  3.700000000000000e+00,  5.043215236977546e-01,  1.032018241668742e-02,  1.111270221188243e-01,  1.522671358669485e-01,  6.528484567995455e-02,  2.948374950034539e-01
  3.710000000000000e+00,  5.013743873534759e-01,  1.100987610426474e-02,  1.096530903632893e-01,  1.535700555559351e-01,  6.240406615530245e-02,  2.948292365605145e-01
  3.720000000000000e+00,  4.983768844318684e-01,  1.169663852536895e-02,  1.082395564923427e-01,  1.548356830007948e-01,  5.952295457803201e-02,  2.947847830153424e-01
  3.730000000000000e+00,  4.953231943908658e-01,  1.238020999524791e-02,  1.068882580677767e-01,  1.560593567059043e-01,  5.664633256040571e-02,  2.947049916073368e-01
  3.739999999999999e+00,  4.922071654211756e-01,  1.306034746311946e-02,  1.056007696051558e-01,  1.572364530930621e-01,  5.377906898830619e-02,  2.945909736799103e-01
  3.750000000000000e+00,  4.890223955069701e-01,  1.373681979944541e-02,  1.043784000044572e-01,  1.583624242130126e-01,  5.092605559061357e-02,  2.944440872925749e-01
  3.759999999999999e+00,  4.857623224464047e-01,  1.440940300470661e-02,  1.032221923770240e-01,  1.594328371466960e-01,  4.809218103665412e-02,  2.942659253963535e-01
  3.770000000000000e+00,  4.824203229576077e-01,  1.507787585114295e-02,  1.021329260776098e-01,  1.604434157037946e-01,  4.528230354416473e-02,  2.940582994237777e-01
  3.779999999999999e+00,  4.789898198892865e-01,  1.574201593245839e-02,  1.011111202431336e-01,  1.613900842746753e-01,  4.250122257818181e-02,  2.938232195012776e-01
  3.790000000000000e+00,  4.754643948835343e-01,  1.640159568755828e-02,  1.001570391361915e-01,  1.622690117759496e-01,  3.975365072031610e-02,  2.935628724138393e-01
  3.799999999999999e+00,  4.718379048942647e-01,  1.705637790520576e-02,  9.927070005839803e-02,  1.630766540395018e-01,  3.704418652810454e-02,  2.932795978528704e-01
  3.810000000000000e+00,  4.681046021434771e-01,  1.770611084846396e-02,  9.845188361578536e-02,  1.638097948652150e-01,  3.437728838100941e-02,  2.929758628113503e-01
  3.819999999999999e+00,  4.642592552313533e-01,  1.835052381984226e-02,  9.770014527803636e-02,  1.644655857819212e-01,  3.175724909072895e-02,  2.926542336707651e-01
  3.830000000000000e+00,  4.602972674597583e-01,  1.898932371191120e-02,  9.701482766565504e-02,  1.650415832400171e-01,  2.918817150762976e-02,  2.923173460738735e-01
  3.839999999999999e+00,  4.562147896609151e-01,  1.962219250762454e-02,  9.639507393044458e-02,  1.655357819463686e-01,  2.667394558490727e-02,  2.919678732979141e-01
  3.850000000000000e+00,  4.520088258125209e-01,  2.024878560130650e-02,  9.583984230033385e-02,  1.659466436813196e-01,  2.421822727849512e-02,  2.916084942500062e-01
  3.859999999999999e+00,  4.476773289169146e-01,  2.086873094435560e-02,  9.534792088931807e-02,  1.662731211692423e-01,  2.182441948700387e-02,  2.912418625660542e-01
  3.870000000000000e+00,  4.432192841841140e-01,  2.148162888783522e-02,  9.491794197727872e-02,  1.665146765089479e-01,  1.949565540373454e-02,  2.908705783198814e-01
  3.879999999999999e+00,  4.386347771960558e-01,  2.208705227223162e-02,  9.454839571502521e-02,  1.666712932993471e-01,  1.723478537887844e-02,  2.904971638279050e-01
  3.890000000000000e+00,  4.339250459343343e-01,  2.268454661221719e-02,  9.423764347151027e-02,  1.667434817226881e-01,  1.504436775488397e-02,  2.901240437812361e-01
  3.899999999999999e+00,  4.290925162618691e-01,  2.327363093671786e-02,  9.398393077077846e-02,  1.667322768676062e-01,  1.292666226017871e-02,  2.897535281601706e-01
  3.910000000000000e+00,  4.241408194399521e-01,  2.385379991923919e-02,  9.378539938182673e-02,  1.666392309220502e-01,  1.088362429988804e-02,  2.893877972970161e-01
  3.919999999999999e+00,  4.190747895002764e-01,  2.442452752550084e-02,  9.364009803276950e-02,  1.664663990578449e-01,  8.916899779855901e-03,  2.890288899863537e-01
  3.930000000000000e+00,  4.139004402671401e-01,  2.498527207544110e-02,  9.354599117996729e-02,  1.662163188720679e-01,  7.027821160377331e-03,  2.886786945310304e-01
  3.940000000000000e+00,  4.086249235823263e-01,  2.553548231405744e-02,  9.350096581679794e-02,  1.658919842821729e-01,  5.217405419406984e-03,  2.883389412116910e-01
  3.950000000000000e+00,  4.032564692271313e-01,  2.607460427094765e-02,  9.350283733826130e-02,  1.654968145627796e-01,  3.486353664270188e-03,  2.880111950778740e-01
  3.960000000000000e+00,  3.978043070528766e-01,  2.660208913033935e-02,  9.354935535356382e-02,  1.650346183316492e-01,  1.835051926509893e-03,  2.876968495182644e-01
  3.970000000000000e+00,  3.922785737821009e-01,  2.711740182905231e-02,  9.363820985207071e-02,  1.645095523820791e-01,  2.635738106805731e-04,  2.873971227176284e-01
  3.980000000000000e+00,  3.866902080146228e-01,  2.762002963664245e-02,  9.376703765878631e-02,  1.639260759634738e-01, -1.228313951898278e-03,  2.871130591130986e-01
  3.990000000000000e+00,  3.810508371004425e-01,  2.810949052686262e-02,  9.393342814666331e-02,  1.632889020497220e-01, -2.641143314400741e-03,  2.868455356220617e-01
  4.000000000000000e+00,  3.753726581141553e-01,  2.858534131214752e-02,  9.413492797682516e-02,  1.626029473921358e-01, -3.975734885363940e-03,  2.865952702526584e-01
  4.010000000000000e+00,  3.696683134449708e-01,  2.904718503911963e-02,  9.436904653714073e-02,  1.618732823097176e-01, -5.233186249651689e-03,  2.863628304228396e-01
  4.020000000000000e+00,  3.639517770472905e-01,  2.949486095694631e-02,  9.463288653008634e-02,  1.611051888713890e-01, -6.414701154676937e-03,  2.861489999229564e-01
  4.030000000000000e+00,  3.582339798342190e-01,  2.992773252841019e-02,  9.492465773901476e-02,  1.603036286237512e-01, -7.522194716020103e-03,  2.859533484242289e-01
  4.040000000000000e+00,  3.525293488396279e-01,  3.034572974393734e-02,  9.524144230221347e-02,  1.594739992304032e-01, -8.557372345594574e-03,  2.857763826288162e-01
  4.050000000000000e+00,  3.468510295041203e-01,  3.074868074487092e-02,  9.558069388467218e-02,  1.586214925064956e-01, -9.522297446556180e-03,  2.856181386757812e-01
  4.060000000000000e+00,  3.412119937434900e-01,  3.113647088762095e-02,  9.593988307674052e-02,  1.577512155822865e-01, -1.041923260411417e-02,  2.854785405557304e-01
  4.070000000000000e+00,  3.356245389858091e-01,  3.150890214457225e-02,  9.631671445063027e-02,  1.568681347873128e-01, -1.125070798157874e-02,  2.853572443309663e-01
  4.080000000000000e+00,  3.301004418159456e-01,  3.186641170260751e-02,  9.670842160014619e-02,  1.559767863779996e-01, -1.201917515611956e-02,  2.852540450313805e-01
  4.090000000000000e+00,  3.246551103633359e-01,  3.220863168095756e-02,  9.711217651989507e-02,  1.550825703030028e-01, -1.272718273764497e-02,  2.851695945294991e-01
  4.100000000000000e+00,  3.192962425457755e-01,  3.253576545872616e-02,  9.752650190160379e-02,  1.541892554347816e-01, -1.337799215323371e-02,  2.851020095450826e-01
  4.110000000000000e+00,  3.140350298817553e-01,  3.284792342554699e-02,  9.794884828910358e-02,  1.533010202181953e-01, -1.397437070554394e-02,  2.850513465481088e-01
  4.120000000000000e+00,  3.088817870555044e-01,  3.314529320510640e-02,  9.837701377535765e-02,  1.524217914459273e-01, -1.451932973799988e-02,  2.850170247661450e-01
  4.130000000000000e+00,  3.038457296412710e-01,  3.342808299786237e-02,  9.880892295322968e-02,  1.515551271569777e-01, -1.501592716783933e-02,  2.849983999366880e-01
  4.140000000000000e+00,  2.989353578796741e-01,  3.369636276605026e-02,  9.924281580783434e-02,  1.507043811630349e-01, -1.546735238179231e-02,  2.849945450272827e-01
  4.150000000000000e+00,  2.941579943093195e-01,  3.395087720781365e-02,  9.967625528691436e-02,  1.498721843504893e-01, -1.587639535527730e-02,  2.850052871670297e-01
  4.160000000000000e+00,  2.895207299127228e-01,  3.419131776040318e-02,  1.001082374431984e-01,  1.490615331119897e-01, -1.624649121827017e-02,  2.850290293462366e-01
  4.170000000000000e+00,  2.850291925917251e-01,  3.441862808350082e-02,  1.005363922309987e-01,  1.482743508756067e-01, -1.658029058250364e-02,  2.850656546859098e-01
  4.180000000000000e+00,  2.806886982383394e-01,  3.463269883760045e-02,  1.009597562526837e-01,  1.475129022401938e-01, -1.688101127109909e-02,  2.851136719433213e-01
  4.190000000000000e+00,  2.765035066963343e-01,  3.483391825441817e-02,  1.013769064562464e-01,  1.467788560406958e-01, -1.715149984120181e-02,  2.851721469225422e-01
  4.200000000000000e+00,  2.724770068219176e-01,  3.502298683339822e-02,  1.017861943115216e-01,  1.460734307090479e-01, -1.739434888310347e-02,  2.852404642435428e-01
  4.210000000000000e+00,  2.686119857116647e-01,  3.520017140036757e-02,  1.021866051345503e-01,  1.453978218726805e-01, -1.761227862825595e-02,  2.853174513169522e-01
  4.220000000000000e+00,  2.649104182062288e-01,  3.536604653900866e-02,  1.025768879700139e-01,  1.447528013211014e-01, -1.780772345574180e-02,  2.854022760934197e-01
  4.230000000000000e+00,  2.613736751004553e-01,  3.552077315921220e-02,  1.029563751901255e-01,  1.441391167526387e-01, -1.798318437677675e-02,  2.854936101320264e-01
  4.240000000000000e+00,  2.580025534915243e-01,  3.566496503543992e-02,  1.033239417991585e-01,  1.435571670531970e-01, -1.814086364770046e-02,  2.855906836948492e-01
  4.250000000000000e+00,  2.547967573791966e-01,  3.579905081057078e-02,  1.036789260992608e-01,  1.430068953214715e-01, -1.828267227660691e-02,  2.856924075565828e-01
  4.260000000000000e+00,  2.517559552605199e-01,  3.592349526369354e-02,  1.040205559817241e-01,  1.424883760441078e-01, -1.841055983542174e-02,  2.857978852914335e-01
  4.270000000000000e+00,  2.488799760274184e-01,  3.603869397245907e-02,  1.043485248060723e-01,  1.420018702902984e-01, -1.852669101548604e-02,  2.859053120895905e-01
  4.279999999999999e+00,  2.461655499661907e-01,  3.614521531006876e-02,  1.046617101514067e-01,  1.415460505984546e-01, -1.863171560800451e-02,  2.860155197070830e-01
  4.290000000000000e+00,  2.436115876240960e-01,  3.624345910145821e-02,  1.049599930803519e-01,  1.411208952909251e-01, -1.872749427211286e-02,  2.861267195731339e-01
  4.300000000000000e+00,  2.412157100746736e-01,  3.633386940659866e-02,  1.052430367644830e-01,  1.407257708900357e-01, -1.881526663817691e-02,  2.862380455439928e-01
  4.310000000000000e+00,  2.389751575026582e-01,  3.641688072851190e-02,  1.055105909110953e-01,  1.403599347521945e-01, -1.889611925484485e-02,  2.863486667163812e-01
  4.319999999999999e+00,  2.368868219305801e-01,  3.649291652533515e-02,  1.057624887832517e-01,  1.400225505630713e-01, -1.897099139453767e-02,  2.864577922783627e-01
  4.330000000000000e+00,  2.349472750633079e-01,  3.656238770788378e-02,  1.059986442519917e-01,  1.397127016550074e-01, -1.904068123354906e-02,  2.865646772818095e-01
  4.340000000000000e+00,  2.331527916511594e-01,  3.662569066732813e-02,  1.062190487326500e-01,  1.394294022596311e-01, -1.910585226690963e-02,  2.866686293961418e-01
  4.350000000000000e+00,  2.314991393127182e-01,  3.668324402276868e-02,  1.064236168271435e-01,  1.391714511442960e-01, -1.916687428644083e-02,  2.867693715687921e-01
  4.359999999999999e+00,  2.299825358728842e-01,  3.673533635932014e-02,  1.066127925842988e-01,  1.389380749183354e-01, -1.922450891067882e-02,  2.868655997015418e-01
  4.370000000000000e+00,  2.285982182713549e-01,  3.678234610038400e-02,  1.067866319509125e-01,  1.387279696257587e-01, -1.927889108384165e-02,  2.869571761934735e-01
  4.380000000000000e+00,  2.273414447614327e-01,  3.682459835179253e-02,  1.069454119093175e-01,  1.385399621088005e-01, -1.933023511429452e-02,  2.870436592213178e-01
  4.390000000000000e+00,  2.262072514510016e-01,  3.686240180053879e-02,  1.070894749657213e-01,  1.383728506743306e-01, -1.937867037235435e-02,  2.871246771686302e-01
  4.399999999999999e+00,  2.251904614692659e-01,  3.689604828311843e-02,  1.072192266643034e-01,  1.382254108990835e-01, -1.942425209871905e-02,  2.871999326712043e-01
  4.410000000000000e+00,  2.242856891042891e-01,  3.692581455034283e-02,  1.073351333027815e-01,  1.380963999010701e-01, -1.946697381378324e-02,  2.872692026014648e-01
  4.420000000000000e+00,  2.234874415664118e-01,  3.695191484556060e-02,  1.074378260512157e-01,  1.379846437646908e-01, -1.950686775999374e-02,  2.873321262886721e-01
  4.430000000000000e+00,  2.227905144763062e-01,  3.697471223462379e-02,  1.075267289945395e-01,  1.378888554932274e-01, -1.954338257469502e-02,  2.873906148132669e-01
  4.440000000000000e+00,  2.221872459917756e-01,  3.699445617979435e-02,  1.076045461899874e-01,  1.378074812663649e-01, -1.957708173675839e-02,  2.874411480928972e-01
  4.450000000000000e+00,  2.216724494693293e-01,  3.701124381493681e-02,  1.076710197368906e-01,  1.377394792847072e-01, -1.960757894570006e-02,  2.874854616632572e-01
  4.460000000000000e+00,  2.212396916491584e-01,  3.702538752593609e-02,  1.077268492555791e-01,  1.376835458676691e-01, -1.963475023478288e-02,  2.875237219598952e-01
  4.470000000000000e+00,  2.208824010355803e-01,  3.703711090066664e-02,  1.077728501328604e-01,  1.376384141176963e-01, -1.965851840270506e-02,  2.875561226748825e-01
  4.480000000000000e+00,  2.205960517698997e-01,  3.704656202117396e-02,  1.078096011379487e-01,  1.376031319633091e-01, -1.967872699757645e-02,  2.875827348880879e-01
  4.490000000000000e+00,  2.203700280064807e-01,  3.705406368515529e-02,  1.078384979428453e-01,  1.375759644091851e-01, -1.969557155403245e-02,  2.876042090372285e-01
  4.500000000000000e+00,  2.201869924658302e-01,  3.706018856832194e-02,  1.078617846867404e-01,  1.375544303519768e-01, -1.970981641919584e-02,  2.876219357449659e-01
