Main.Studies.MarkerTracking.t,Main.Studies.MarkerTracking.JointAngleOutputs.OutputFile_LeftArm.ThoraxClavicula[0],Main.Studies.MarkerTracking.JointAngleOutputs.OutputFile_LeftArm.ThoraxClavicula[1],Main.Studies.MarkerTracking.JointAngleOutputs.OutputFile_LeftArm.ThoraxClavicula[2],Main.Studies.MarkerTracking.JointAngleOutputs.OutputFile_LeftArm.ClaviculaScapula[0],Main.Studies.MarkerTracking.JointAngleOutputs.OutputFile_LeftArm.ClaviculaScapula[1],Main.Studies.MarkerTracking.JointAngleOutputs.OutputFile_LeftArm.ClaviculaScapula[2],Main.Studies.MarkerTracking.JointAngleOutputs.OutputFile_LeftArm.ScapulaHumerus[0],Main.Studies.MarkerTracking.JointAngleOutputs.OutputFile_LeftArm.ScapulaHumerus[1],Main.Studies.MarkerTracking.JointAngleOutputs.OutputFile_LeftArm.ScapulaHumerus[2],Main.Studies.MarkerTracking.JointAngleOutputs.OutputFile_LeftArm.HumerusUlna,Main.Studies.MarkerTracking.JointAngleOutputs.OutputFile_LeftArm.UlnaRadius,Main.Studies.MarkerTracking.JointAngleOutputs.OutputFile_LeftArm.RadiusWrist,Main.Studies.MarkerTracking.JointAngleOutputs.OutputFile_LeftArm.WristHand
  1.000000000000000e+00, -2.531258098121544e-02, -2.839632844100768e-01,  7.483601581906769e-02, -1.273076570162424e-02,  7.232393146837552e-01,  8.069625931479476e-03,  2.704251809169263e-02,  1.092288905266045e+00,  1.660910388758127e-02, -6.431211797542868e-02,  1.392343842054087e+00, -2.324020456423431e+00,  2.349674549060283e+00
  1.010000000000000e+00, -2.542902361157797e-02, -2.835898125718788e-01,  7.464731116347827e-02, -1.296483368230782e-02,  7.231250945483404e-01,  7.902476793695877e-03,  2.630559578092898e-02,  1.090547267072936e+00,  1.829570291739913e-02, -6.370045316671025e-02,  1.389246006542409e+00, -2.323749486139721e+00,  2.348727726100184e+00
  1.020000000000000e+00, -2.555207722463083e-02, -2.831939520525902e-01,  7.444751527797816e-02, -1.321234431781978e-02,  7.230046000435595e-01,  7.725424807615328e-03,  2.553131548157068e-02,  1.088616675771314e+00,  2.008806510352715e-02, -6.304619254215815e-02,  1.385870410651112e+00, -2.323452118124535e+00,  2.347703581863158e+00
  1.030000000000000e+00, -2.568369087695298e-02, -2.827694346903475e-01,  7.423348147436028e-02, -1.347719636260959e-02,  7.228759299271731e-01,  7.535657430353183e-03,  2.470880107955847e-02,  1.086439930493343e+00,  2.201452254060528e-02, -6.233650096041999e-02,  1.382119180606755e+00, -2.323120795337877e+00,  2.346578344613983e+00
  1.040000000000000e+00, -2.582462816623833e-02, -2.823135522022535e-01,  7.400389332840472e-02, -1.376095365268860e-02,  7.227383829613420e-01,  7.331986867543885e-03,  2.383483468091662e-02,  1.083989550837797e+00,  2.408852439719559e-02, -6.156530564184325e-02,  1.377955211981724e+00, -2.322753031486885e+00,  2.345341731409110e+00
  1.050000000000000e+00, -2.597489860621145e-02, -2.818259288107046e-01,  7.375862429780848e-02, -1.406368104094878e-02,  7.225920109143749e-01,  7.114280585139411e-03,  2.291106062684091e-02,  1.081258174245800e+00,  2.631348360591078e-02, -6.073057186467246e-02,  1.373378180770786e+00, -2.322350478729411e+00,  2.343992893036995e+00
  1.060000000000000e+00, -2.613462125268187e-02, -2.813056888792271e-01,  7.349731458529839e-02, -1.438569295576205e-02,  7.224367809319422e-01,  6.882201951234438e-03,  2.193863784950884e-02,  1.078234755486104e+00,  2.869565987249301e-02, -5.982864532796395e-02,  1.368379417777584e+00, -2.321913810163675e+00,  2.342527208308657e+00
  1.070000000000000e+00, -2.630378668660227e-02, -2.807522493059231e-01,  7.321976763249365e-02, -1.472706927437139e-02,  7.222728045448507e-01,  6.635561302905440e-03,  2.091971527129366e-02,  1.074911213413039e+00,  3.124050172488036e-02, -5.885571026765124e-02,  1.362954789452804e+00, -2.321444265714775e+00,  2.340940083915690e+00
  1.080000000000000e+00, -2.648227469279163e-02, -2.801652821422556e-01,  7.292592870701678e-02, -1.508768698769535e-02,  7.221003173848737e-01,  6.374296841799689e-03,  1.985732194949088e-02,  1.071282014802498e+00,  3.395272900030782e-02, -5.780766824799687e-02,  1.357104465173568e+00, -2.320943720953098e+00,  2.339227049903794e+00
  1.090000000000000e+00, -2.666987643764996e-02, -2.795446658830616e-01,  7.261585744649464e-02, -1.546726019171912e-02,  7.219196540494457e-01,  6.098450003404847e-03,  1.875523292168060e-02,  1.067343575524943e+00,  3.683645331044033e-02, -5.667999661596924e-02,  1.350832492361933e+00, -2.320414761192883e+00,  2.337383855321696e+00
  1.100000000000000e+00, -2.686631551581834e-02, -2.788904390555891e-01,  7.228970175162761e-02, -1.586537805515058e-02,  7.217312242855577e-01,  5.808142007348050e-03,  1.761784495153505e-02,  1.063093633174832e+00,  3.989529322453341e-02, -5.546760086769975e-02,  1.344146336666164e+00, -2.319860757181661e+00,  2.335406563268517e+00
  1.110000000000000e+00, -2.707126521313762e-02, -2.782027631962241e-01,  7.194767676118061e-02, -1.628153575357984e-02,  7.215354932982408e-01,  5.503554962436799e-03,  1.645007815695813e-02,  1.058530666919992e+00,  4.313245810916618e-02, -5.416466200398951e-02,  1.337056462185536e+00, -2.319285942130882e+00,  2.333291643862985e+00
  1.120000000000000e+00, -2.728436147846562e-02, -2.774818970773915e-01,  7.159004980914489e-02, -1.671515731758349e-02,  7.213329666399860e-01,  5.184918333274889e-03,  1.525730653481954e-02,  1.053653381661449e+00,  4.655079132249726e-02, -5.276447539517815e-02,  1.329575965017003e+00, -2.318695489397351e+00,  2.331036064812612e+00
  1.130000000000000e+00, -2.750594073591903e-02, -2.767276926197768e-01,  7.121668021502077e-02, -1.716666511752430e-02,  7.211231964852455e-01,  4.852021848721505e-03,  1.404247385920439e-02,  1.048424120979232e+00,  5.014762744465537e-02, -5.123442984868599e-02,  1.321696309960741e+00, -2.318116651711906e+00,  2.328652284723112e+00
  1.140000000000000e+00, -2.773409864004803e-02, -2.759415847233613e-01,  7.082884504301826e-02, -1.763322196004285e-02,  7.209087456866571e-01,  4.506151250983934e-03,  1.281759621439395e-02,  1.042913880049174e+00,  5.393545700940519e-02, -4.961614024079510e-02,  1.313482026951015e+00, -2.317513208076539e+00,  2.326108611635114e+00
  1.150000000000000e+00, -2.796855642110562e-02, -2.751237877824151e-01,  7.042676414586826e-02, -1.811437081919447e-02,  7.206900029887883e-01,  4.147491236902266e-03,  1.158859166006413e-02,  1.037117208019470e+00,  5.791607881618714e-02, -4.789690506999660e-02,  1.304954971755717e+00, -2.316897514997925e+00,  2.323403103034609e+00
  1.160000000000000e+00, -2.821011832828346e-02, -2.742743502066228e-01,  7.001020687852473e-02, -1.861109822674799e-02,  7.204658172218456e-01,  3.775678581772691e-03,  1.035744413554955e-02,  1.030956526646665e+00,  6.207941278265260e-02, -4.601573665454387e-02,  1.296081621335218e+00, -2.316318161635219e+00,  2.320568789438846e+00
  1.170000000000000e+00, -2.845770914946023e-02, -2.733940942341135e-01,  6.957991476803470e-02, -1.912177811606545e-02,  7.202376408466593e-01,  3.391445833507532e-03,  9.133995220251640e-03,  1.024462905744634e+00,  6.643213892112992e-02, -4.398458074596524e-02,  1.286909736479311e+00, -2.315764985695949e+00,  2.317588705610067e+00
  1.180000000000000e+00, -2.871045095456261e-02, -2.724839388264801e-01,  6.913659445105731e-02, -1.964502195470194e-02,  7.200066267738228e-01,  2.995467200492559e-03,  7.927444832675035e-03,  1.017650164842047e+00,  7.097760786508513e-02, -4.180288176019608e-02,  1.277474037675105e+00, -2.315236752259382e+00,  2.314454767947538e+00
  1.190000000000000e+00, -2.896900037866355e-02, -2.715440786676654e-01,  6.868012549634292e-02, -2.018159116413571e-02,  7.197718163713200e-01,  2.587494360518210e-03,  6.741987956931360e-03,  1.010441768437657e+00,  7.570613905000288e-02, -3.941131918507336e-02,  1.267754209424295e+00, -2.314781636602625e+00,  2.311195223089879e+00
  1.200000000000000e+00, -2.923255480526946e-02, -2.705756116825216e-01,  6.821125610422270e-02, -2.073015758177846e-02,  7.195342274738820e-01,  2.168223863873070e-03,  5.587604978231692e-03,  1.002838886665762e+00,  8.061852218115902e-02, -3.680226155659692e-02,  1.257771664963387e+00, -2.314399596575002e+00,  2.307808137173050e+00
  1.210000000000000e+00, -2.950022222790655e-02, -2.695796757979591e-01,  6.773077924439351e-02, -2.128927068750816e-02,  7.192950002353585e-01,  1.738409452214175e-03,  4.475072800913850e-03,  9.948437871973981e-01,  8.571606623792974e-02, -3.396792547016616e-02,  1.247558671161352e+00, -2.314093757018545e+00,  2.304286652489303e+00
  1.220000000000000e+00, -2.977212145260643e-02, -2.685570835917332e-01,  6.723900244644927e-02, -2.185886360257268e-02,  7.190538618862766e-01,  1.298241810760572e-03,  3.412490065623422e-03,  9.863943658040666e-01,  9.099026728999000e-02, -3.086080301776775e-02,  1.237096737168837e+00, -2.313895305762539e+00,  2.300651513066674e+00
  1.230000000000000e+00, -3.004746298450020e-02, -2.675090731439180e-01,  6.673671745957370e-02, -2.243760148593506e-02,  7.188117884771277e-01,  8.484622617417279e-04,  2.411692730563116e-03,  9.774764386389134e-01,  9.644000595635113e-02, -2.746564924406811e-02,  1.226399090236552e+00, -2.313807455460527e+00,  2.296900657510882e+00
  1.240000000000000e+00, -3.032748171518956e-02, -2.664366273624121e-01,  6.622390254033926e-02, -2.302683220242738e-02,  7.185668694148466e-01,  3.887977711385877e-04,  1.479865066582969e-03,  9.679366244625319e-01,  1.020414981160377e-01, -2.367892746991024e-02,  1.215375885664204e+00, -2.313900158532854e+00,  2.293092043295791e+00
  1.250000000000000e+00, -3.061150131303908e-02, -2.653415323872023e-01,  6.570151888220173e-02, -2.362525584245338e-02,  7.183198349141208e-01, -7.989450996845783e-05,  6.313212744147008e-04,  9.577278984240806e-01,  1.077873204723852e-01, -1.946820864802657e-02,  1.204006601025663e+00, -2.314182853312914e+00,  2.289236064114750e+00
  1.260000000000000e+00, -3.089967138218576e-02, -2.642256585090033e-01,  6.517026719483809e-02, -2.423262969708003e-02,  7.180702081074345e-01, -5.571128802778024e-04, -1.200792350822818e-04,  9.467366149543245e-01,  1.136589488691226e-01, -1.476034107353407e-02,  1.192218649408452e+00, -2.314693617098887e+00,  2.285370759804187e+00
  1.270000000000000e+00, -3.119194896462133e-02, -2.630915408059235e-01,  6.463116929086109e-02, -2.484832637279226e-02,  7.178176898583563e-01, -1.042063256940084e-03, -7.578523558070652e-04,  9.348374348352110e-01,  1.196343790482280e-01, -9.477368596284329e-03,  1.179917511220226e+00, -2.315466855375706e+00,  2.281539864587176e+00
  1.280000000000000e+00, -3.148774440241742e-02, -2.619425235910136e-01,  6.408574531648470e-02, -2.547084769286664e-02,  7.175626470438914e-01, -1.533447921939378e-03, -1.261707087428641e-03,  9.219112031060955e-01,  1.256909775421736e-01, -3.550847396002201e-03,  1.167001307131943e+00, -2.316522088861012e+00,  2.277784835942420e+00
  1.290000000000000e+00, -3.178789365675965e-02, -2.607834198056296e-01,  6.353557710274160e-02, -2.610024491808433e-02,  7.173031650081243e-01, -2.030184525149355e-03, -1.610236277931302e-03,  9.076886300436142e-01,  1.317759468440447e-01,  3.193519141708599e-03,  1.153266175692554e+00, -2.317961354920151e+00,  2.274228300604193e+00
  1.300000000000000e+00, -3.208981035700951e-02, -2.596200729454677e-01,  6.298382564222862e-02, -2.673193811039392e-02,  7.170421098671923e-01, -2.529272353127005e-03, -1.772867722659641e-03,  8.920996103630900e-01,  1.378684383170960e-01,  1.078317830055560e-02,  1.138607621714364e+00, -2.319749233785712e+00,  2.270895823270298e+00
  1.310000000000000e+00, -3.239371616697867e-02, -2.584621032952076e-01,  6.243411071221561e-02, -2.736421967982059e-02,  7.167777193285397e-01, -3.027863764428285e-03, -1.717893424359555e-03,  8.747683977624763e-01,  1.438808424147449e-01,  1.947848841457487e-02,  1.122741571145562e+00, -2.322045984387363e+00,  2.268007035393313e+00
  1.320000000000000e+00, -3.269417046495159e-02, -2.573191515006213e-01,  6.189200419638646e-02, -2.798808107691002e-02,  7.165163886049104e-01, -3.520437300120176e-03, -1.403729416005229e-03,  8.556986046243975e-01,  1.497921296534885e-01,  2.925922761307653e-02,  1.105583375242861e+00, -2.324753409543424e+00,  2.265577963735209e+00
  1.330000000000000e+00, -3.298773243558629e-02, -2.562069065323556e-01,  6.136467289932066e-02, -2.859589217855538e-02,  7.162607007809251e-01, -4.000541390933266e-03, -7.866123125681281e-04,  8.346004968382490e-01,  1.555043528106499e-01,  4.036105622557251e-02,  1.086908967851155e+00, -2.328001277628623e+00,  2.263866536286977e+00
  1.340000000000000e+00, -3.326590979059278e-02, -2.551397642480099e-01,  6.086049840076713e-02, -2.917380470153440e-02,  7.160207035143251e-01, -4.459717976622757e-03,  1.802465434309145e-04,  8.115665018195298e-01,  1.609887017682693e-01,  5.274215422084082e-02,  1.066708306319091e+00, -2.331666124632068e+00,  2.262917728344932e+00
  1.350000000000000e+00, -3.351995280455666e-02, -2.541352463354793e-01,  6.038910583236228e-02, -2.970704580297532e-02,  7.158063237321050e-01, -4.888400579968195e-03,  1.540878513914211e-03,  7.866532865391069e-01,  1.661904041919695e-01,  6.643894377500104e-02,  1.045003212171305e+00, -2.335709493548792e+00,  2.262875973098365e+00
  1.360000000000000e+00, -3.373943017382888e-02, -2.532082688896773e-01,  5.995966555667793e-02, -3.017924747334797e-02,  7.156302901064502e-01, -5.276999720416876e-03,  3.331234966888839e-03,  7.601309329409822e-01,  1.710940994271387e-01,  8.134947362477618e-02,  1.021965531749103e+00, -2.339980229650834e+00,  2.263770775030880e+00
  1.370000000000000e+00, -3.391434486493886e-02, -2.523735860559205e-01,  5.958110795928458e-02, -3.057466806249350e-02,  7.155047174198761e-01, -5.616163878766598e-03,  5.576324615271188e-03,  7.323020441716753e-01,  1.756784351954200e-01,  9.740605639474431e-02,  9.978612289230907e-01, -2.344397315753076e+00,  2.265687767397795e+00
  1.380000000000000e+00, -3.403569940396852e-02, -2.516364966016132e-01,  5.925839866514750e-02, -3.088079216656748e-02,  7.154417112102770e-01, -5.899911986916310e-03,  8.285282706514616e-03,  7.036624895686197e-01,  1.799885947949373e-01,  1.143461914829658e-01,  9.730345150771414e-01, -2.348697259236203e+00,  2.268471132374767e+00
  1.390000000000000e+00, -3.409686939636130e-02, -2.510030466198446e-01,  5.899597898543569e-02, -3.108800820675053e-02,  7.154498500242312e-01, -6.123178288648736e-03,  1.145660331923623e-02,  6.745884266863452e-01,  1.840350115168216e-01,  1.320568546365202e-01,  9.478421976828897e-01, -2.352804891465447e+00,  2.272124946353838e+00
  1.400000000000000e+00, -3.409365904986136e-02, -2.504718271475751e-01,  5.879463299419239e-02, -3.119132857263154e-02,  7.155353599905623e-01, -6.284369852840463e-03,  1.507775242301735e-02,  6.454847356363586e-01,  1.878629529922856e-01,  1.503393346488169e-01,  9.226079102051790e-01, -2.356557513464395e+00,  2.276506082375299e+00
  1.410000000000000e+00, -3.402407511275391e-02, -2.500397393975194e-01,  5.865377318602896e-02, -3.118891802152306e-02,  7.157015705423507e-01, -6.383502980664756e-03,  1.913049216992897e-02,  6.166650607585791e-01,  1.915073318011032e-01,  1.690524613765652e-01,  8.976036548053846e-01, -2.359858856530409e+00,  2.281506323463735e+00
  1.420000000000000e+00, -3.388782211130870e-02, -2.497021356946606e-01,  5.857167014015308e-02, -3.108141121420482e-02,  7.159496222810973e-01, -6.421923855468093e-03,  2.359343601926234e-02,  5.883693189755804e-01,  1.949979487739289e-01,  1.880863380479534e-01,  8.730421346167294e-01, -2.362644531273978e+00,  2.287025290002468e+00
  1.430000000000000e+00, -3.368577839235617e-02, -2.494537563832531e-01,  5.854598831482231e-02, -3.087104840270811e-02,  7.162790789695246e-01, -6.401770870304415e-03,  2.844407967949049e-02,  5.607709393143508e-01,  1.983579769011479e-01,  2.073600350282820e-01,  8.490810563488462e-01, -2.364877635422352e+00,  2.292976116593803e+00
  1.440000000000000e+00, -3.341955422103664e-02, -2.492893476998825e-01,  5.857417000851130e-02, -3.056098385833494e-02,  7.166884682610870e-01, -6.325570761891971e-03,  3.365997089602656e-02,  5.339891788540879e-01,  2.016039851301598e-01,  2.268163555188662e-01,  8.258323701798168e-01, -2.366542944398479e+00,  2.299286979852949e+00
  1.450000000000000e+00, -3.309116633470457e-02, -2.492040127640823e-01,  5.865367706876384e-02, -3.015479917829084e-02,  7.171756945895478e-01, -6.195970729338364e-03,  3.921926824584495e-02,  5.081018067619880e-01,  2.047467361511352e-01,  2.464160918654788e-01,  8.033723238849730e-01, -2.367641380920301e+00,  2.305900295741369e+00
  1.460000000000000e+00, -3.270275859782210e-02, -2.491935943005182e-01,  5.878222910282596e-02, -2.965606944620087e-02,  7.177383807713373e-01, -6.015482933574567e-03,  4.510089155653105e-02,  4.831562627072054e-01,  2.077911283099260e-01,  2.661367470953540e-01,  7.817541179420224e-01, -2.368191018419454e+00,  2.312777573565335e+00
  1.470000000000000e+00, -3.225671619419113e-02, -2.492538093965379e-01,  5.895743167028845e-02, -2.906868858525547e-02,  7.183738324236433e-01, -5.786797700364873e-03,  5.128468146854045e-02,  4.591773285778147e-01,  2.107419906683307e-01,  2.859525014939006e-01,  7.609992888327518e-01, -2.368200248032139e+00,  2.319869301699786e+00
  1.480000000000000e+00, -3.175520033350226e-02, -2.493816527609707e-01,  5.917746820500863e-02, -2.839598833840512e-02,  7.190794928693255e-01, -5.512129068626124e-03,  5.775109271012428e-02,  4.361744915117572e-01,  2.135976063770327e-01,  3.058563698577963e-01,  7.411273127753412e-01, -2.367701783533733e+00,  2.327156880752770e+00
  1.490000000000000e+00, -3.120037355738663e-02, -2.495743491240609e-01,  5.944062181157861e-02, -2.764124248394976e-02,  7.198527758318597e-01, -5.193638015947794e-03,  6.448123670540858e-02,  4.141460864055957e-01,  2.163557456257379e-01,  3.258402431870175e-01,  7.221426337319498e-01, -2.366725062387008e+00,  2.334620019599261e+00
  1.500000000000000e+00, -3.059431443404855e-02, -2.498295451707077e-01,  5.974537620497214e-02, -2.680751963101765e-02,  7.206911574777187e-01, -4.833329739929545e-03,  7.145675718451777e-02,  3.930825306258980e-01,  2.190129257855967e-01,  3.458980839379927e-01,  7.040417510538080e-01, -2.365301657696230e+00,  2.342243401077420e+00
  1.510000000000000e+00, -2.993901526570041e-02, -2.501452363905143e-01,  6.009038748389398e-02, -2.589769629019571e-02,  7.215921893584172e-01, -4.433071822132045e-03,  7.865975748381510e-02,  3.729686001788669e-01,  2.215649350446675e-01,  3.660248662105445e-01,  6.868151521895161e-01, -2.363464261262946e+00,  2.350015447477227e+00
  1.520000000000000e+00, -2.923638817267828e-02, -2.505196960909764e-01,  6.047445403571615e-02, -2.491448009633614e-02,  7.225534991044175e-01, -3.994615992996833e-03,  8.607274938986501e-02,  3.537850325501761e-01,  2.240072466134253e-01,  3.862158650703824e-01,  6.704486805953098e-01, -2.361245936012970e+00,  2.357927315296696e+00
  1.530000000000000e+00, -2.848827568603660e-02, -2.509514096422781e-01,  6.089648698571545e-02, -2.386043766551147e-02,  7.235727839343776e-01, -3.519620629526752e-03,  9.367862097416639e-02,  3.355096653870023e-01,  2.263353425423527e-01,  4.064661951893092e-01,  6.549245171407958e-01, -2.358679561412421e+00,  2.365972082622874e+00
  1.540000000000000e+00, -2.769646329375049e-02, -2.514390155094808e-01,  6.135548259582989e-02, -2.273802354742590e-02,  7.246478003907408e-01, -3.009672226831291e-03,  1.014606204650639e-01,  3.181182548459517e-01,  2.285449631515870e-01,  4.267705266518931e-01,  6.402219006623354e-01, -2.355797417076585e+00,  2.374144098016906e+00
  1.550000000000000e+00, -2.686269223783517e-02, -2.519812537185445e-01,  6.185049739725450e-02, -2.154960799901304e-02,  7.257763526331805e-01, -2.466304791652836e-03,  1.094023537217577e-01,  3.015850710299016e-01,  2.306322954624195e-01,  4.471229265251129e-01,  6.263176735753587e-01, -2.352630865691774e+00,  2.382438466205902e+00
  1.560000000000000e+00, -2.598867881568954e-02, -2.525769415396992e-01,  6.238063151425904e-02, -2.029750761680522e-02,  7.269562671154181e-01, -1.891013841441218e-03,  1.174877660487448e-01,  2.858824047120656e-01,  2.325938433492508e-01,  4.675150925413733e-01,  6.131839072630862e-01, -2.349207086824290e+00,  2.390847141084531e+00
  1.570000000000000e+00, -2.507609154679486e-02, -2.532248673657569e-01,  6.294499480748612e-02, -1.898397846441782e-02,  7.281854411938812e-01, -1.285276599889962e-03,  1.257012576030103e-01,  2.709847660595185e-01,  2.344275681756616e-01,  4.879434162280285e-01,  6.007998979214442e-01, -2.345561422305105e+00,  2.399373196531905e+00
  1.580000000000000e+00, -2.412662001604222e-02, -2.539238470366431e-01,  6.354270405807512e-02, -1.761129432794203e-02,  7.294617333455573e-01, -6.505635202559401e-04,  1.340275368986967e-01,  2.568632193771522e-01,  2.361314310284921e-01,  5.083979236266822e-01,  5.891343830721147e-01, -2.341717721607970e+00,  2.408007783938893e+00
  1.590000000000000e+00, -2.314193774146203e-02, -2.546726550516607e-01,  6.417286823527583e-02, -1.618171386380708e-02,  7.307830268324039e-01,  1.165945881905504e-05,  1.424517394691231e-01,  2.434896881262287e-01,  2.377043921336667e-01,  5.288700896061824e-01,  5.781583867269783e-01, -2.337701797340064e+00,  2.416745859871389e+00
  1.600000000000000e+00, -2.212372266770619e-02, -2.554700118019239e-01,  6.483457546251276e-02, -1.469751078526849e-02,  7.321472009356723e-01,  6.999199007539072e-04,  1.509594088173239e-01,  2.308361062489315e-01,  2.391461935653856e-01,  5.493508727609956e-01,  5.678422339706181e-01, -2.333537843291243e+00,  2.425581912415944e+00
  1.610000000000000e+00, -2.107366308670996e-02, -2.563145682108625e-01,  6.552688390019003e-02, -1.316098584607173e-02,  7.335521237959090e-01,  1.412733628282721e-03,  1.595365039603709e-01,  2.188745869999278e-01,  2.404573535070444e-01,  5.698308009922437e-01,  5.581558228608773e-01, -2.329248429961988e+00,  2.434509903890993e+00
  1.620000000000000e+00, -1.999346248008370e-02, -2.572048937519982e-01,  6.624881422168903e-02, -1.157447681883426e-02,  7.349956463233697e-01,  2.148600982276531e-03,  1.681694046248464e-01,  2.075775715182924e-01,  2.416391496960129e-01,  5.903000606423222e-01,  5.490688886208492e-01, -2.324854534173487e+00,  2.443523252030274e+00
  1.630000000000000e+00, -1.888484368161713e-02, -2.581394672301652e-01,  6.699934331761466e-02, -9.940367101852339e-03,  7.364755966970759e-01,  2.906004208417777e-03,  1.768449109385011e-01,  1.969179648882522e-01,  2.426935938584735e-01,  6.107485854055517e-01,  5.405512588846225e-01, -2.320375598157779e+00,  2.452614840606449e+00
  1.640000000000000e+00, -1.774955260823226e-02, -2.591166697269604e-01,  6.777739891983428e-02, -8.261093390141420e-03,  7.379897751867674e-01,  3.683405674301051e-03,  1.855502369787472e-01,  1.868692601898600e-01,  2.436233995630611e-01,  6.311661398036446e-01,  5.325730951874872e-01, -2.315829613210698e+00,  2.461777049316634e+00
  1.650000000000000e+00, -1.658936149822950e-02, -2.601347793535617e-01,  6.858185503798439e-02, -6.539152396639250e-03,  7.395359494462885e-01,  4.479246826411792e-03,  1.942730007231558e-01,  1.774056443750070e-01,  2.444319458346116e-01,  6.515423938783558e-01,  5.251051133630686e-01, -2.311233221979742e+00,  2.471001796253042e+00
  1.660000000000000e+00, -1.540607158101074e-02, -2.611919675334987e-01,  6.941152813848286e-02, -4.777106569735619e-03,  7.411118504400446e-01,  5.291947823855041e-03,  2.030012127728646e-01,  1.685020819041486e-01,  2.451232382671593e-01,  6.718669888849469e-01,  5.181187767619345e-01, -2.306601834462018e+00,  2.480280592842910e+00
  1.670000000000000e+00, -1.420153774890174e-02, -2.622862307778456e-01,  7.026514008983464e-02, -2.977632333285931e-03,  7.427151459790718e-01,  6.119878379082459e-03,  2.117232728116334e-01,  1.601345021494881e-01,  2.457021779058769e-01,  6.921297413725096e-01,  5.115867967585487e-01, -2.301950302475438e+00,  2.489604889738021e+00
  1.680000000000000e+00, -1.297758251433112e-02, -2.634156486857507e-01,  7.114144862300742e-02, -1.143354388535718e-03,  7.443435268805165e-01,  6.961473835196808e-03,  2.204279176986738e-01,  1.522793275275020e-01,  2.461732893244398e-01,  7.123200652553887e-01,  5.054818572346108e-01, -2.297290788923029e+00,  2.498964944682091e+00
  1.690000000000000e+00, -1.173612676600947e-02, -2.645779981910382e-01,  7.203904788404600e-02,  7.229000572487322e-04,  7.459945735670156e-01,  7.815064981972188e-03,  2.291042623870761e-01,  1.449143589330385e-01,  2.465425232736791e-01,  7.324280311734287e-01,  4.997789976313790e-01, -2.292636397622558e+00,  2.508351901828011e+00
  1.700000000000000e+00, -1.047910676368075e-02, -2.657710073797521e-01,  7.295649599801977e-02,  2.618261956069683e-03,  7.476658384495004e-01,  8.678991644500157e-03,  2.377417435820533e-01,  1.380181974696446e-01,  2.468159892298628e-01,  7.524436715717125e-01,  4.944540981540528e-01, -2.287998884364245e+00,  2.517756422983049e+00
  1.710000000000000e+00, -9.208495230652829e-03, -2.669922939526298e-01,  7.389228192344525e-02,  4.539778277468202e-03,  7.493548239545712e-01,  9.551576674658689e-03,  2.463301151985486e-01,  1.315704188007611e-01,  2.470002205918595e-01,  7.723572049489319e-01,  4.894843846952551e-01, -2.283389410127056e+00,  2.527169165420990e+00
  1.720000000000000e+00, -7.926302012766343e-03, -2.682393657669906e-01,  7.484482392552627e-02,  6.484409717862246e-03,  7.510589810877392e-01,  1.043112729569001e-02,  2.548594341964623e-01,  1.255515708713267e-01,  2.471021386315684e-01,  7.921590523066913e-01,  4.848484832378094e-01, -2.278818659403651e+00,  2.536580854164532e+00
  1.730000000000000e+00, -6.634574546495974e-03, -2.695096218809683e-01,  7.581246834185479e-02,  8.449028798121112e-03,  7.527757082771894e-01,  1.131593657150251e-02,  2.633200452763979e-01,  1.199431660321548e-01,  2.471290166007634e-01,  8.118398487790223e-01,  4.805264583358957e-01, -2.274296947528096e+00,  2.545982354147006e+00
  1.740000000000000e+00, -5.335398034157149e-03, -2.708003545022469e-01,  7.679348885145876e-02,  1.043041857559873e-02,  7.545023505834130e-01,  1.220428514821609e-02,  2.717025632958834e-01,  1.147276738025839e-01,  2.470884425063258e-01,  8.313904508565004e-01,  4.764998415346228e-01, -2.269834318343737e+00,  2.555364732590249e+00
  1.750000000000000e+00, -4.030916001452369e-03, -2.721087024378357e-01,  7.778605896990573e-02,  1.242523395343224e-02,  7.562361762249590e-01,  1.309442037345878e-02,  2.799978466089240e-01,  1.098884650089322e-01,  2.469884651998528e-01,  8.508018659337556e-01,  4.727515689232034e-01, -2.265440754952176e+00,  2.564719070244460e+00
  1.760000000000000e+00, -2.723248477978858e-03, -2.734318467875307e-01,  7.878835874210825e-02,  1.443015086174282e-02,  7.579744677236804e-01,  1.398464795300048e-02,  2.881970163764448e-01,  1.054099769429861e-01,  2.468368416226853e-01,  8.700655248534535e-01,  4.692662912019420e-01, -2.261125768100114e+00,  2.574037407169197e+00
  1.770000000000000e+00, -1.414609055781591e-03, -2.747667328264226e-01,  7.979841981965279e-02,  1.644165014793388e-02,  7.597143912081229e-01,  1.487320336634708e-02,  2.962913998297186e-01,  1.012774033743830e-01,  2.466420538912758e-01,  8.891728580855203e-01,  4.660298928804615e-01, -2.256899154000791e+00,  2.583311451831141e+00
  1.780000000000000e+00, -1.072253002596997e-04, -2.761102584492445e-01,  8.081422851340267e-02,  1.845616230777442e-02,  7.614530855017646e-01,  1.575834025360649e-02,  3.042725574322568e-01,  9.747683429431565e-02,  2.464125900031925e-01,  9.081155507220356e-01,  4.630297554409023e-01, -2.252770595286965e+00,  2.592533483046938e+00
  1.790000000000000e+00,  1.196645705467934e-03, -2.774592348353298e-01,  8.183370346872106e-02,  2.047003745549139e-02,  7.631876453871101e-01,  1.663831279276688e-02,  3.121322781920902e-01,  9.399515417695556e-02,  2.461570781178788e-01,  9.268854554671818e-01,  4.602546322199690e-01, -2.248749804104411e+00,  2.601696177011534e+00
  1.800000000000000e+00,  2.494721124646779e-03, -2.788103922602750e-01,  8.285469852651819e-02,  2.247955070369214e-02,  7.649151266415326e-01,  1.751137897159049e-02,  3.198625850918674e-01,  9.081998419380956e-02,  2.458842558996888e-01,  9.454745697243476e-01,  4.576945946348427e-01, -2.244846545175840e+00,  2.610792634307491e+00
  1.810000000000000e+00,  3.784696817485148e-03, -2.801603867357157e-01,  8.387500634199106e-02,  2.448090880945383e-02,  7.666325520747482e-01,  1.837580409444237e-02,  3.274557428687505e-01,  8.793962635685443e-02,  2.456029408235797e-01,  9.638750122949160e-01,  4.553409804641342e-01, -2.241070641731004e+00,  2.619816397369119e+00
  1.820000000000000e+00,  5.064230498663136e-03, -2.815057577293001e-01,  8.489233436143340e-02,  2.647021774491040e-02,  7.683368934020035e-01,  1.922984167318081e-02,  3.349042483884019e-01,  8.534299415794978e-02,  2.453221818556134e-01,  9.820789377954284e-01,  4.531862525704622e-01, -2.237432112271635e+00,  2.628761176904314e+00
  1.830000000000000e+00,  6.331032299185546e-03, -2.828431287016474e-01,  8.590441969221194e-02,  2.844364757105749e-02,  7.700251762075303e-01,  2.007182559802680e-02,  3.422009193812787e-01,  8.301960933189334e-02,  2.450505319481017e-01,  1.000078748180868e+00,  4.512242783382232e-01, -2.233940597296453e+00,  2.637621947009803e+00
  1.840000000000000e+00,  7.582746136355646e-03, -2.841689330166738e-01,  8.690887353064211e-02,  3.039721342676658e-02,  7.716943457791300e-01,  2.090004399914248e-02,  3.493387962116666e-01,  8.095946247096129e-02,  2.447970487204454e-01,  1.017866713873156e+00,  4.494497874143206e-01, -2.230606168461596e+00,  2.646393345773412e+00
  1.850000000000000e+00,  8.817036579258888e-03, -2.854796060009308e-01,  8.790329152826193e-02,  3.232693391779873e-02,  7.733413679891238e-01,  2.171282710373530e-02,  3.563112259383859e-01,  7.915301526932410e-02,  2.445706023619342e-01,  1.035435169140070e+00,  4.478586334104486e-01, -2.227438769935566e+00,  2.655070673727606e+00
  1.860000000000000e+00,  1.003157616320592e-02, -2.867715500051319e-01,  8.888523527302594e-02,  3.422880684307328e-02,  7.749632166442937e-01,  2.250853052261748e-02,  3.631118617294045e-01,  7.759113190213511e-02,  2.443800144876137e-01,  1.052776420637371e+00,  4.464476759596969e-01, -2.224448333432107e+00,  2.663649601687066e+00
  1.870000000000000e+00,  1.122405305616775e-02, -2.880411451054035e-01,  8.985224011053662e-02,  3.609882239704233e-02,  7.765568842563104e-01,  2.328553930372076e-02,  3.697346820530173e-01,  7.626502414585709e-02,  2.442340347504913e-01,  1.069882712243210e+00,  4.452147381074301e-01, -2.221644765377878e+00,  2.672126122342848e+00
  1.880000000000000e+00,  1.239217933443124e-02, -2.892847610387373e-01,  9.080182397020126e-02,  3.793297773809969e-02,  7.781193936028331e-01,  2.404227224972116e-02,  3.761740103994352e-01,  7.516619891022963e-02,  2.441413160160748e-01,  1.086746194233480e+00,  4.441585593922127e-01, -2.219037933738422e+00,  2.680496507347664e+00
  1.890000000000000e+00,  1.353369949690178e-02, -2.904987700133582e-01,  9.173149691778643e-02,  3.972729235654981e-02,  7.796478095679490e-01,  2.477718627449569e-02,  3.824245330908688e-01,  7.428641204868409e-02,  2.441103886967531e-01,  1.103358897725506e+00,  4.432787418478378e-01, -2.216637653701381e+00,  2.688757269244839e+00
  1.900000000000000e+00,  1.464637220734451e-02, -2.916795032043600e-01,  9.263873746196229e-02,  4.147777487531819e-02,  7.811392194595534e-01,  2.548875479964421e-02,  3.884812726431395e-01,  7.361765200341842e-02,  2.441498339061887e-01,  1.119712656460027e+00,  4.425755429737859e-01, -2.214453813899865e+00,  2.696904725044309e+00
  1.910000000000000e+00,  1.572808347705342e-02, -2.928234893791333e-01,  9.352113596855882e-02,  4.318063118985469e-02,  7.825908674309765e-01,  2.617557375948703e-02,  3.943397521772744e-01,  7.315203678446418e-02,  2.442674667788196e-01,  1.135799324218072e+00,  4.420503756251691e-01, -2.212495803285804e+00,  2.704936506437537e+00
  1.920000000000000e+00,  1.677670237963632e-02, -2.939271422871909e-01,  9.437621227155915e-02,  4.483200115711103e-02,  7.839999869485065e-01,  2.683621712615927e-02,  3.999957806502305e-01,  7.288188888413759e-02,  2.444714583599709e-01,  1.151610424753350e+00,  4.417049119620117e-01, -2.210773300743931e+00,  2.712849260273919e+00
  1.930000000000000e+00,  1.779018933508849e-02, -2.949869905786995e-01,  9.520155398752510e-02,  4.642815854727438e-02,  7.853639291576903e-01,  2.746933842800604e-02,  4.054456036624820e-01,  7.279964819382977e-02,  2.447695501747890e-01,  1.167137371209189e+00,  4.415415331639382e-01, -2.209295694739533e+00,  2.720640065580620e+00
  1.940000000000000e+00,  1.876658097378096e-02, -2.959996430958328e-01,  9.599479874035259e-02,  4.796548515883336e-02,  7.866801465973028e-01,  2.807365183724576e-02,  4.106858755838115e-01,  7.289786188283212e-02,  2.451692005779120e-01,  1.182371411973450e+00,  4.415631202158458e-01, -2.208072154849539e+00,  2.728306032194735e+00
  1.950000000000000e+00,  1.970399880407054e-02, -2.969618064633675e-01,  9.675364725475075e-02,  4.944048902894614e-02,  7.879462045863526e-01,  2.864793670977409e-02,  4.157136626114336e-01,  7.316916356682131e-02,  2.456775457428159e-01,  1.197303635832378e+00,  4.417729730448861e-01, -2.207111559799115e+00,  2.735844246670659e+00
  1.960000000000000e+00,  2.060065763009995e-02, -2.978703029752005e-01,  9.747587665548159e-02,  5.084982255919190e-02,  7.891597921532901e-01,  2.919104203687252e-02,  4.205264438642553e-01,  7.360625384102169e-02,  2.463013586536361e-01,  1.211924981106977e+00,  4.421747321220006e-01, -2.206422417164482e+00,  2.743251715480791e+00
  1.970000000000000e+00,  2.145484262476563e-02, -2.987220270157744e-01,  9.815931600700821e-02,  5.219024413774695e-02,  7.903186950860478e-01,  2.970186282600515e-02,  4.251220418045977e-01,  7.420195239247883e-02,  2.470472143703420e-01,  1.226226202382399e+00,  4.427721045192393e-01, -2.206012907813713e+00,  2.750524802621274e+00
  1.980000000000000e+00,  2.226503835439047e-02, -2.995142036662132e-01,  9.880200740768423e-02,  5.345885541947094e-02,  7.914209516609124e-01,  3.017945361879465e-02,  4.294988890087308e-01,  7.494891359977519e-02,  2.479206357888058e-01,  1.240198070998930e+00,  4.435695638392468e-01, -2.205890305697476e+00,  2.757661122799441e+00
  1.990000000000000e+00,  2.302975834879875e-02, -3.002440521471075e-01,  9.940200194916095e-02,  5.465279583020648e-02,  7.924646481789821e-01,  3.062287168550670e-02,  4.336556378893981e-01,  7.583999213625449e-02,  2.489272465005437e-01,  1.253831122153112e+00,  4.445711509254703e-01, -2.206061632762516e+00,  2.764656625820564e+00
  2.000000000000000e+00,  2.374766670126116e-02, -3.009090327917648e-01,  9.995751302296840e-02,  5.576946709210165e-02,  7.934480651057180e-01,  3.103128506968929e-02,  4.375914020771487e-01,  7.686798970660162e-02,  2.500719484736631e-01,  1.267115863459408e+00,  4.457811246856818e-01, -2.206533094871111e+00,  2.771507394964674e+00
  2.010000000000000e+00,  2.441755522101225e-02, -3.015068063013438e-01,  1.004668932856563e-01,  5.680649582912523e-02,  7.943696495554616e-01,  3.140395000847188e-02,  4.413056857984411e-01,  7.802570227935395e-02,  2.513590695270627e-01,  1.280042763864532e+00,  4.472037007328675e-01, -2.207310119962873e+00,  2.778209160309599e+00
  2.020000000000000e+00,  2.503834735958864e-02, -3.020352478511888e-01,  1.009286448454310e-01,  5.776174498057375e-02,  7.952280196256418e-01,  3.174021325691399e-02,  4.447983677069947e-01,  7.930591470067549e-02,  2.527923207088816e-01,  1.292602293294846e+00,  4.488429597399467e-01, -2.208397279937352e+00,  2.784757271264697e+00
  2.030000000000000e+00,  2.560910082693501e-02, -3.024924598807796e-01,  1.013414282586313e-01,  5.863332301375904e-02,  7.960219668686596e-01,  3.203951385743039e-02,  4.480696786841850e-01,  8.070140270039890e-02,  2.543747537870254e-01,  1.304784967398255e+00,  4.507027528482033e-01, -2.209798212784368e+00,  2.791146673330342e+00
  2.040000000000000e+00,  2.612897329999841e-02, -3.028767191317291e-01,  1.017040291540444e-01,  5.941952751880101e-02,  7.967504129694404e-01,  3.230135475791544e-02,  4.511200651503097e-01,  8.220508291731381e-02,  2.561089256037224e-01,  1.316581374445150e+00,  4.527863589128889e-01, -2.211515656459040e+00,  2.797371274707675e+00
  2.050000000000000e+00,  2.659736124789082e-02, -3.031867362182032e-01,  1.020155243109249e-01,  6.011909653299156e-02,  7.974125801023860e-01,  3.252541864815167e-02,  4.539505850682251e-01,  8.380946868909173e-02,  2.579960576726604e-01,  1.327982311285773e+00,  4.550973432009098e-01, -2.213550878083007e+00,  2.803426313110905e+00
  2.060000000000000e+00,  2.701369500551950e-02, -3.034212930859426e-01,  1.022750504339812e-01,  6.073084781559560e-02,  7.980077370175812e-01,  3.271139772839728e-02,  4.565622601270433e-01,  8.550747170810619e-02,  2.600371905948430e-01,  1.338978698912575e+00,  4.576380588390904e-01, -2.215904253940994e+00,  2.809304849374335e+00
  2.070000000000000e+00,  2.737756921198237e-02, -3.035794891350755e-01,  1.024819606796492e-01,  6.125391506504199e-02,  7.985353586006670e-01,  3.285910384307583e-02,  4.589564413214871e-01,  8.729190084706075e-02,  2.622323791453460e-01,  1.349561724023396e+00,  4.604104688013955e-01, -2.218574696166594e+00,  2.815000026097104e+00
  2.080000000000000e+00,  2.768870762349282e-02, -3.036606856516102e-01,  1.026357888169877e-01,  6.168768864296473e-02,  7.989950813111389e-01,  3.296844026106697e-02,  4.611346806015165e-01,  8.915559225435898e-02,  2.645808574268150e-01,  1.359722864778260e+00,  4.634158418004581e-01, -2.221559643094804e+00,  2.820504509547969e+00
  2.090000000000000e+00,  2.794695945958965e-02, -3.036645074647207e-01,  1.027362495423870e-01,  6.203181211773789e-02,  7.993866974402341e-01,  3.303940014407273e-02,  4.630986979556766e-01,  9.109141806430443e-02,  2.670810183087667e-01,  1.369453937934044e+00,  4.666546767786042e-01, -2.224854942151062e+00,  2.825810486495995e+00
  2.100000000000000e+00,  2.815225795028485e-02, -3.035907815923045e-01,  1.027831969835878e-01,  6.228611242867582e-02,  7.997101017679555e-01,  3.307203577111031e-02,  4.648502074575520e-01,  9.309250010971329e-02,  2.697305849648244e-01,  1.378747150553480e+00,  4.701263794287324e-01, -2.228454854543316e+00,  2.830909009411286e+00
  2.110000000000000e+00,  2.830476298210251e-02, -3.034397805553801e-01,  1.027767840034794e-01,  6.245085087209983e-02,  7.999654700962516e-01,  3.306657144695681e-02,  4.663914370767578e-01,  9.515142911568450e-02,  2.725258522495060e-01,  1.387595113331058e+00,  4.738302190280050e-01, -2.232351514818962e+00,  2.835792568153805e+00
  2.120000000000000e+00,  2.840464109501859e-02, -3.032118616301658e-01,  1.027172233357091e-01,  6.252634016383059e-02,  8.001529815070703e-01,  3.302323306025353e-02,  4.677242966000877e-01,  9.726142397886180e-02,  2.754627781408849e-01,  1.395990908438801e+00,  4.777637891565896e-01, -2.236535494340645e+00,  2.840451344690402e+00
  2.130000000000000e+00,  2.845220140352574e-02, -3.029076986477685e-01,  1.026049387309198e-01,  6.251318294133952e-02,  8.002729883984732e-01,  3.294235627261167e-02,  4.688508701734103e-01,  9.941559859340847e-02,  2.785362606314293e-01,  1.403928107142471e+00,  4.819239320151960e-01, -2.240995294085960e+00,  2.844875714247863e+00
  2.140000000000000e+00,  2.844785622121621e-02, -3.025282191003950e-01,  1.024405223481215e-01,  6.241220302590095e-02,  8.003259663904867e-01,  3.282435698640668e-02,  4.697732666488222e-01,  1.016071448926244e-01,  2.817403222905812e-01,  1.411400799829356e+00,  4.863064579264380e-01, -2.245717375345693e+00,  2.849055714841251e+00
  2.150000000000000e+00,  2.839211558793873e-02, -3.020745963406137e-01,  1.022247284608663e-01,  6.222443527830764e-02,  8.003125070694178e-01,  3.266972816711425e-02,  4.704935994391903e-01,  1.038293347747484e-01,  2.850681298965479e-01,  1.418403615257072e+00,  4.909061110246054e-01, -2.250686101591042e+00,  2.852981128105732e+00
  2.160000000000000e+00,  2.828558211567052e-02, -3.015482406484318e-01,  1.019584665400496e-01,  6.195111532789620e-02,  8.002333113715020e-01,  3.247903662548724e-02,  4.710139713471220e-01,  1.060755221496610e-01,  2.885120232617718e-01,  1.424931731567147e+00,  4.957165501415446e-01, -2.255883707909514e+00,  2.856641568810239e+00
  2.170000000000000e+00,  2.812890530473178e-02, -3.009507266563883e-01,  1.016427514010472e-01,  6.159359934052348e-02,  8.000891313533144e-01,  3.225288948702763e-02,  4.713362833609271e-01,  1.083394262573507e-01,  2.920637371607327e-01,  1.430980926743899e+00,  5.007300786702163e-01, -2.261290422818756e+00,  2.860025873708333e+00
  2.180000000000000e+00,  2.792293939061034e-02, -3.002840310699096e-01,  1.012788636317919e-01,  6.115363140712166e-02,  7.998809725012633e-01,  3.199205116446530e-02,  4.714629429079758e-01,  1.106140395845784e-01,  2.957137210398660e-01,  1.436547404350319e+00,  5.059386908068326e-01, -2.266884019316053e+00,  2.863125012521359e+00
  2.190000000000000e+00,  2.766850177161045e-02, -2.995501551546220e-01,  1.008680939985777e-01,  6.063292648892580e-02,  7.996097856671676e-01,  3.169726358721849e-02,  4.713958233347088e-01,  1.128932366906942e-01,  2.994522714755617e-01,  1.441628040370187e+00,  5.113325446727056e-01, -2.272640584245322e+00,  2.865928091568830e+00
  2.200000000000000e+00,  2.736652660803813e-02, -2.987513533880202e-01,  1.004118980910161e-01,  6.003342961545075e-02,  7.992766643191208e-01,  3.136935949626347e-02,  4.711369541897669e-01,  1.151707383916822e-01,  3.032688938604772e-01,  1.446220217711014e+00,  5.169010016673371e-01, -2.278534165127467e+00,  2.868425190792290e+00
  2.210000000000000e+00,  2.701802596437374e-02, -2.978900641677533e-01,  9.991184976663264e-02,  5.935724480777921e-02,  7.988827960853814e-01,  3.100923238403513e-02,  4.706883736113239e-01,  1.174403779287717e-01,  3.071525482112575e-01,  1.450321859648074e+00,  5.226324220599982e-01, -2.284537036233786e+00,  2.870606852729425e+00
  2.220000000000000e+00,  2.662408990758475e-02, -2.969688994365374e-01,  9.936963458930030e-02,  5.860663036881077e-02,  7.984294642205515e-01,  3.061783517075659e-02,  4.700521505504535e-01,  1.196961223848510e-01,  3.110917295806785e-01,  1.453931429824889e+00,  5.285142234129162e-01, -2.290619898817150e+00,  2.872464240638023e+00
  2.230000000000000e+00,  2.618588749860960e-02, -2.959906345698665e-01,  9.878704362835944e-02,  5.778399533279118e-02,  7.979180503557404e-01,  3.019617932197355e-02,  4.692304113336820e-01,  1.219321027681552e-01,  3.150745551418793e-01,  1.457047938765887e+00,  5.345329576483761e-01, -2.296752126570321e+00,  2.873989308325581e+00
  2.240000000000000e+00,  2.570466854621025e-02, -2.949581984795128e-01,  9.816596756806298e-02,  5.689189690938610e-02,  7.973500383353392e-01,  2.974533435623454e-02,  4.682253693559383e-01,  1.241426559431205e-01,  3.190888579121819e-01,  1.459670959193793e+00,  5.406744093451811e-01, -2.302902054325279e+00,  2.875174972050214e+00
  2.250000000000000e+00,  2.518176593571327e-02, -2.938746638933153e-01,  9.750839105854715e-02,  5.593303868481835e-02,  7.967270188559111e-01,  2.926642768003965e-02,  4.670393564883613e-01,  1.263223797557372e-01,  3.231222860631404e-01,  1.461800650186403e+00,  5.469237174945116e-01, -2.309037303933602e+00,  2.876015271363185e+00
  2.260000000000000e+00,  2.461859809089384e-02, -2.927432372713976e-01,  9.681638693194876e-02,  5.491026888285314e-02,  7.960506943152892e-01,  2.876064446135130e-02,  4.656748546832044e-01,  1.284662003932369e-01,  3.271624076576959e-01,  1.463437788770595e+00,  5.532655195002151e-01, -2.315125140010969e+00,  2.876505506159089e+00
  2.270000000000000e+00,  2.401667105012675e-02, -2.915672475506635e-01,  9.609210976960879e-02,  5.382657782727059e-02,  7.953228832079061e-01,  2.822922714390254e-02,  4.641345267909773e-01,  1.305694495925149e-01,  3.311968215830375e-01,  1.464583807145083e+00,  5.596841132016702e-01, -2.321132849738683e+00,  2.876642341991371e+00
  2.280000000000000e+00,  2.337757981507050e-02, -2.903501331805517e-01,  9.533778849482863e-02,  5.268509405420815e-02,  7.945455236300299e-01,  2.767347432942104e-02,  4.624212466003449e-01,  1.326279473514229e-01,  3.352132744718951e-01,  1.465240833940127e+00,  5.661636305526327e-01, -2.327028137001522e+00,  2.876423884216925e+00
  2.290000000000000e+00,  2.270295833303199e-02, -2.890953499136684e-01,  9.455566640603356e-02,  5.148899342851782e-02,  7.937206113559997e-01,  2.709470064709951e-02,  4.605379020928607e-01,  1.346384140947564e-01,  3.392000048106433e-01,  1.465411814832338e+00,  5.726879549844848e-01, -2.332779641781144e+00,  2.875848968135083e+00
  2.300000000000000e+00,  2.199468109614316e-02, -2.878066642958884e-01,  9.374819807800598e-02,  5.024183432674844e-02,  7.928504585151217e-01,  2.649438733523533e-02,  4.584883306603720e-01,  1.365972319736405e-01,  3.431449719868739e-01,  1.465100261234300e+00,  5.792419506836632e-01, -2.338356840837844e+00,  2.874920225035742e+00
  2.310000000000000e+00,  2.125456215469985e-02, -2.864876784549251e-01,  9.291773399961598e-02,  4.894704231631391e-02,  7.919373114001305e-01,  2.587395281116116e-02,  4.562759963993303e-01,  1.385024919968527e-01,  3.470372915458169e-01,  1.464310747437278e+00,  5.858100814436791e-01, -2.343731172894426e+00,  2.873639549367856e+00
  2.320000000000000e+00,  2.048454965171119e-02, -2.851421128175086e-01,  9.206671076900899e-02,  4.760823391150596e-02,  7.909836001012360e-01,  2.523489775683300e-02,  4.539049058392246e-01,  1.403527496408589e-01,  3.508664783627498e-01,  1.463048658355734e+00,  5.923776253250781e-01, -2.348875913413092e+00,  2.872011087518040e+00
  2.330000000000000e+00,  1.968667225922977e-02, -2.837737116678912e-01,  9.119758934432556e-02,  4.622912100178534e-02,  7.899918713532835e-01,  2.457876346462115e-02,  4.513794056036456e-01,  1.421473971697383e-01,  3.546227602858312e-01,  1.461320305576062e+00,  5.989305822153701e-01, -2.353766626139379e+00,  2.870040480330548e+00
  2.340000000000000e+00,  1.886303209792554e-02, -2.823862214413528e-01,  9.031284168038527e-02,  4.481349467688588e-02,  7.889647803969646e-01,  2.390712568352808e-02,  4.487041921863006e-01,  1.438866995687215e-01,  3.582971663157504e-01,  1.459132967712872e+00,  6.054558150963701e-01, -2.358381453642857e+00,  2.867734831980099e+00
  2.350000000000000e+00,  1.801579656838796e-02, -2.809833696132907e-01,  8.941493748521390e-02,  4.336520805086986e-02,  7.879050810982670e-01,  2.322158819737195e-02,  4.458843174772547e-01,  1.455718104297625e-01,  3.618815955763519e-01,  1.456494925251958e+00,  6.119411684613645e-01, -2.362701361468508e+00,  2.865102663353461e+00
  2.360000000000000e+00,  1.714724135096735e-02, -2.795689310615765e-01,  8.850638645905243e-02,  4.188824732094847e-02,  7.868156795815839e-01,  2.252381869035065e-02,  4.429253911590200e-01,  1.472045100869551e-01,  3.653686077863956e-01,  1.453415435602173e+00,  6.183757912933707e-01, -2.366710233205035e+00,  2.862154530510985e+00
  2.370000000000000e+00,  1.625953059633069e-02, -2.781463620937034e-01,  8.758950429468218e-02,  4.038635541050419e-02,  7.856993590196477e-01,  2.181537171819327e-02,  4.398327652701512e-01,  1.487882100703225e-01,  3.687524798632183e-01,  1.449904977228996e+00,  6.247492274662881e-01, -2.370395363840687e+00,  2.858900177951380e+00
  2.380000000000000e+00,  1.535502034285716e-02, -2.767193003222592e-01,  8.666673194296741e-02,  3.886354881272069e-02,  7.845591585120405e-01,  2.109793614839307e-02,  4.366127573884201e-01,  1.503263223643448e-01,  3.720276783273511e-01,  1.445974924846309e+00,  6.310528670458846e-01, -2.373746961405205e+00,  2.855352589495286e+00
  2.390000000000000e+00,  1.443603803164229e-02, -2.752912045149449e-01,  8.574040416392999e-02,  3.732374210643305e-02,  7.833980959524602e-01,  2.037315947081117e-02,  4.332718197870428e-01,  1.518232451845168e-01,  3.751898655091281e-01,  1.441637783722326e+00,  6.372789659756796e-01, -2.376758531401116e+00,  2.851525080445975e+00
  2.400000000000000e+00,  1.350492131170028e-02, -2.738654215436222e-01,  8.481279184144651e-02,  3.577081507013818e-02,  7.822192155026001e-01,  1.964268136113038e-02,  4.298167325313221e-01,  1.532840022797362e-01,  3.782356316281000e-01,  1.436907124521350e+00,  6.434208382168193e-01, -2.379426720006948e+00,  2.847431845577075e+00
  2.410000000000000e+00,  1.256400585676978e-02, -2.724451711179794e-01,  8.388609154166123e-02,  3.420859352987342e-02,  7.810255710570828e-01,  1.890812626344456e-02,  4.262545953259178e-01,  1.547141253604582e-01,  3.811624624679674e-01,  1.431797561328167e+00,  6.494727947677104e-01, -2.381751190354961e+00,  2.843087831627357e+00
  2.420000000000000e+00,  1.161561238953748e-02, -2.710335303102438e-01,  8.296241498885622e-02,  3.264082941994357e-02,  7.798202086555758e-01,  1.817109530333928e-02,  4.225928158596795e-01,  1.561195274774835e-01,  3.839687030828279e-01,  1.426324715520856e+00,  6.554300692965578e-01, -2.383734453309237e+00,  2.838508607873671e+00
  2.430000000000000e+00,  1.066208693094777e-02, -2.696335177115865e-01,  8.204383886836279e-02,  3.107127360422532e-02,  7.786062133293409e-01,  1.743320571129953e-02,  4.188392488671217e-01,  1.575062115098187e-01,  3.866532015718803e-01,  1.420505152831141e+00,  6.612889555866390e-01, -2.385381622441420e+00,  2.833710861015084e+00
  2.440000000000000e+00,  9.705570263069088e-03, -2.682476786971619e-01,  8.113215256409660e-02,  2.950328020971155e-02,  7.773864275647465e-01,  1.669588885084622e-02,  4.150015435614859e-01,  1.588808056127815e-01,  3.892165417267125e-01,  1.414356370689320e+00,  6.670458279149851e-01, -2.386700355987804e+00,  2.828709725270467e+00
  2.450000000000000e+00,  8.748314758404823e-03, -2.668786794511092e-01,  8.022921766428026e-02,  2.794035911316960e-02,  7.761638340339941e-01,  1.596067481429382e-02,  4.110880941243622e-01,  1.602493918007815e-01,  3.916590662560535e-01,  1.407896627075186e+00,  6.726983973402462e-01, -2.387700327377152e+00,  2.823522540743694e+00
  2.460000000000000e+00,  7.792508492482668e-03, -2.655289998301291e-01,  7.933677923143742e-02,  2.638587609709561e-02,  7.749413392194073e-01,  1.522904134546757e-02,  4.071074934809054e-01,  1.616180144510969e-01,  3.939817774937566e-01,  1.401144924360722e+00,  6.782449200605750e-01, -2.388393099548082e+00,  2.818166691395023e+00
  2.470000000000000e+00,  6.840085396255740e-03, -2.642005853038301e-01,  7.845625808640774e-02,  2.484272837054301e-02,  7.737215437773828e-01,  1.450224223176912e-02,  4.030680863988642e-01,  1.629927480108570e-01,  3.961873323328923e-01,  1.394120887545659e+00,  6.836834086933398e-01, -2.388791957998908e+00,  2.812657770959357e+00
  2.480000000000000e+00,  5.893070789158474e-03, -2.628955099988142e-01,  7.758914675515337e-02,  2.331394803272044e-02,  7.725071567901501e-01,  1.378162451960197e-02,  3.989788344940930e-01,  1.643790029111291e-01,  3.982779121257545e-01,  1.386844659255210e+00,  6.890129317716897e-01, -2.388911327303735e+00,  2.807013076040272e+00
  2.490000000000000e+00,  4.953389376485387e-03, -2.616156379602577e-01,  7.673680370222191e-02,  2.180237570687183e-02,  7.713007610961408e-01,  1.306845996817631e-02,  3.948487766088698e-01,  1.657817766436222e-01,  4.002561779223429e-01,  1.379336846936791e+00,  6.942328067309929e-01, -2.388766652747102e+00,  2.801249618987581e+00
  2.500000000000000e+00,  4.022755632667365e-03, -2.603624099455130e-01,  7.590033019173686e-02,  2.031047230584709e-02,  7.701046834403933e-01,  1.236384001085992e-02,  3.906867876033411e-01,  1.672058131081447e-01,  4.021259718160106e-01,  1.371618293800704e+00,  6.993420983927194e-01, -2.388373976258595e+00,  2.795382707316672e+00
  2.510000000000000e+00,  3.102744725012511e-03, -2.591370091480217e-01,  7.508066537974023e-02,  1.884045139318646e-02,  7.689210754241987e-01,  1.166874800968786e-02,  3.865017532371003e-01,  1.686549417767290e-01,  4.038915754012837e-01,  1.363710138798113e+00,  7.043399793804207e-01, -2.387749919269012e+00,  2.789427446507818e+00
  2.520000000000000e+00,  2.194971422683718e-03, -2.579407118079070e-01,  7.427879264185805e-02,  1.739459148672244e-02,  7.677521261998738e-01,  1.098422736041502e-02,  3.823028336281625e-01,  1.701324980880896e-01,  4.055567247183268e-01,  1.355633708186554e+00,  7.092262490664952e-01, -2.386911089963289e+00,  2.783399569922682e+00
  2.530000000000000e+00,  1.300863581430091e-03, -2.567744647809904e-01,  7.349549013514217e-02,  1.597484863396444e-02,  7.665997908355477e-01,  1.031117172754858e-02,  3.780989791784806e-01,  1.716411566662034e-01,  4.071258182015624e-01,  1.347410430085397e+00,  7.140005531696592e-01, -2.385874201618087e+00,  2.777313801276115e+00
  2.540000000000000e+00,  4.218273770861084e-04, -2.556392152116052e-01,  7.273152350920736e-02,  1.458314589931902e-02,  7.654659858421816e-01,  9.650482083496182e-03,  3.738991956090510e-01,  1.731830731415190e-01,  4.086029140260934e-01,  1.339061833232562e+00,  7.186628963804547e-01, -2.384655724161185e+00,  2.771185121687979e+00
  2.550000000000000e+00, -4.411598411698623e-04, -2.545351343579750e-01,  7.198719312323977e-02,  1.322067581328355e-02,  7.643521050235967e-01,  9.002681243051706e-03,  3.697117884041490e-01,  1.747592672894833e-01,  4.099939627419770e-01,  1.330609310440944e+00,  7.232125200299599e-01, -2.383272512161370e+00,  2.765026114450619e+00
  2.560000000000000e+00, -1.286912893691563e-03, -2.534628538829718e-01,  7.126305540388705e-02,  1.188900048153028e-02,  7.632597750659322e-01,  8.368517612810409e-03,  3.655454510207139e-01,  1.763705252364462e-01,  4.113031939369022e-01,  1.322074327472391e+00,  7.276496663109154e-01, -2.381740623600011e+00,  2.758851271100798e+00
  2.570000000000000e+00, -2.114463449199216e-03, -2.524226592955394e-01,  7.055945087156852e-02,  1.058932368558605e-02,  7.621903497398111e-01,  7.748564945546159e-03,  3.614084482893963e-01,  1.780168282642055e-01,  4.125354329914623e-01,  1.313478196441359e+00,  7.319743533784316e-01, -2.380075990433497e+00,  2.752674107036899e+00
  2.580000000000000e+00, -2.922959477861102e-03, -2.514146861942507e-01,  6.987661957436253e-02,  9.322665975431179e-03,  7.611450297801439e-01,  7.143316126004840e-03,  3.573087746544445e-01,  1.796974863451249e-01,  4.136955369120699e-01,  1.304842027604003e+00,  7.361866102666772e-01, -2.378294129247740e+00,  2.746507785196155e+00
  2.590000000000000e+00, -3.711654873389500e-03, -2.504389463225556e-01,  6.921471618931685e-02,  8.089884872181097e-03,  7.601248749493226e-01,  6.553193008532805e-03,  3.532541360856605e-01,  1.814111550318393e-01,  4.147883095301354e-01,  1.296186663969009e+00,  7.402864662842932e-01, -2.376410056127497e+00,  2.740365146732529e+00
  2.600000000000000e+00, -4.479925292834924e-03, -2.494952929150714e-01,  6.857379169908427e-02,  6.891647862620703e-03,  7.591307866896635e-01,  5.978528081593153e-03,  3.492520040583004e-01,  1.831554216291521e-01,  4.158185633165270e-01,  1.287532766011152e+00,  7.442739122667353e-01, -2.374438379960131e+00,  2.734259258180915e+00
  2.610000000000000e+00, -5.227186478931782e-03, -2.485836109401649e-01,  6.795389811836543e-02,  5.728579828367784e-03,  7.581636000203027e-01,  5.419651519191215e-03,  3.453092837617970e-01,  1.849285720591533e-01,  4.167907422839000e-01,  1.278900080139048e+00,  7.481488989561100e-01, -2.372392532065767e+00,  2.728201004752632e+00
  2.620000000000000e+00, -5.952985734713378e-03, -2.477036026950799e-01,  6.735497210206627e-02,  4.601099067101607e-03,  7.572239821202519e-01,  4.876790011346794e-03,  3.414327869104470e-01,  1.867270061347186e-01,  4.177092660042361e-01,  1.270308460144016e+00,  7.519114247317210e-01, -2.370285893642308e+00,  2.722202938453390e+00
  2.630000000000000e+00, -6.656941963988726e-03, -2.468549285474268e-01,  6.677691226534468e-02,  3.509525756060254e-03,  7.563124997146744e-01,  4.350130792449307e-03,  3.376288752009304e-01,  1.885470464789259e-01,  4.185783417079337e-01,  1.261777036324763e+00,  7.555614242016963e-01, -2.368130957216374e+00,  2.716276529003517e+00
  2.640000000000000e+00, -7.338749986822117e-03, -2.460371938139528e-01,  6.621957284526329e-02,  2.454073904471218e-03,  7.554296152234371e-01,  3.839814837365631e-03,  3.339035378731652e-01,  1.903845470593226e-01,  4.194019578103564e-01,  1.253324372944646e+00,  7.590988349972495e-01, -2.365939561480983e+00,  2.710432885340476e+00
  2.650000000000000e+00, -7.998173696504886e-03, -2.452499620762480e-01,  6.568277164341774e-02,  1.434863340646074e-03,  7.545756952543780e-01,  3.345942458803894e-03,  3.302623816037917e-01,  1.922349535217682e-01,  4.201838585813070e-01,  1.244968422131137e+00,  7.625236124086201e-01, -2.363722906847636e+00,  2.704682742504839e+00
  2.660000000000000e+00, -8.635039901142137e-03, -2.444927666284722e-01,  6.516629689327218e-02,  4.519303063808256e-04,  7.537510183153923e-01,  2.868578219268295e-03,  3.267106215973777e-01,  1.940933654790170e-01,  4.209275250264586e-01,  1.236726480905280e+00,  7.658357300417423e-01, -2.361491568365305e+00,  2.699036443681502e+00
  2.670000000000000e+00, -9.249232551120697e-03, -2.437651206684719e-01,  6.466991341510168e-02, -4.947627879354658e-04,  7.529557821092515e-01,  2.407755451900151e-03,  3.232530746914348e-01,  1.959545999424415e-01,  4.216361600098847e-01,  1.228615151622366e+00,  7.690351702414151e-01, -2.359255505504512e+00,  2.693503919605899e+00
  2.680000000000000e+00, -9.840687241105957e-03, -2.430665264489558e-01,  6.419336819320427e-02, -1.405318268678376e-03,  7.521901105286789e-01,  1.963480480281430e-03,  3.198941546147020e-01,  1.978132559680527e-01,  4.223126770136196e-01,  1.220650305350139e+00,  7.721219145155880e-01, -2.357024073293067e+00,  2.688094658782517e+00
  2.690000000000000e+00, -1.040938611114772e-02, -2.423964833315951e-01,  6.373639532433195e-02, -2.279894903057882e-03,  7.514540601943096e-01,  1.535736468610365e-03,  3.166378684170039e-01,  1.996637810214880e-01,  4.229596922952431e-01,  1.212847048241708e+00,  7.750959405925766e-01, -2.354806037850594e+00,  2.682817666450213e+00
  2.700000000000000e+00, -1.095535338878452e-02, -2.417544943231096e-01,  6.329872010016717e-02, -3.118700801854276e-03,  7.507476262407196e-01,  1.124486662617699e-03,  3.134878135245369e-01,  2.015005378647701e-01,  4.235795214894011e-01,  1.205219691194952e+00,  7.779572260601026e-01, -2.352609593881080e+00,  2.677681420168762e+00
  2.710000000000000e+00, -1.147865157576704e-02, -2.411400709993581e-01,  6.288006219839613e-02, -3.921987528055463e-03,  7.500707473682807e-01,  7.296769784553799e-04,  3.104471761828928e-01,  2.033178696063093e-01,  4.241741811188894e-01,  1.197781722503155e+00,  7.807057581214359e-01, -2.350442380488282e+00,  2.672693830148702e+00
  2.720000000000000e+00, -1.197937815983939e-02, -2.405527370404680e-01,  6.248013812128934e-02, -4.690045201760179e-03,  7.494233103054625e-01,  3.512380414955496e-04,  3.075187318602491e-01,  2.051101611288387e-01,  4.247453942726177e-01,  1.190545782829290e+00,  7.833415488081950e-01, -2.348311493784170e+00,  2.667862206427438e+00
  2.730000000000000e+00, -1.245766293658914e-02, -2.399920303303418e-01,  6.209866284413558e-02, -5.423198707271466e-03,  7.488051535701356e-01, -1.091338253535118e-05,  3.047048470751084e-01,  2.068718960779395e-01,  4.252946002282007e-01,  1.183523641658066e+00,  7.858646530769359e-01, -2.346223496450802e+00,  2.663193231827235e+00
  2.740000000000000e+00, -1.291366601868018e-02, -2.394575035194845e-01,  6.173535061565801e-02, -6.121805118750312e-03,  7.482160704331756e-01, -3.568736383799364e-04,  3.020074822165497e-01,  2.085977091992719e-01,  4.258229683141780e-01,  1.176726174770544e+00,  7.882751882603929e-01, -2.344184426423039e+00,  2.658692940423418e+00
  2.750000000000000e+00, -1.334757640560773e-02, -2.389487232576505e-01,  6.138991504170511e-02, -6.786252127301875e-03,  7.476558112453903e-01, -6.867520092861305e-04,  2.994281957146558e-01,  2.102824339190678e-01,  4.263314157362150e-01,  1.170163343085212e+00,  7.905733539946727e-01, -2.342199806664579e+00,  2.654366702545538e+00
  2.760000000000000e+00, -1.375978993214581e-02, -2.384648353595806e-01,  6.106183914681268e-02, -7.417276929107407e-03,  7.471238903242237e-01, -1.000875622868612e-03,  2.969684291648348e-01,  2.119195163002394e-01,  4.268220755256464e-01,  1.163844058640406e+00,  7.927579929145276e-01, -2.340274177254190e+00,  2.650219490396210e+00
  2.770000000000000e+00, -1.415019148953438e-02, -2.380062991881594e-01,  6.075129489090002e-02, -8.014684344105721e-03,  7.466203684820303e-01, -1.298969720531766e-03,  2.946283783792881e-01,  2.135076185936759e-01,  4.272925172462251e-01,  1.157776572099224e+00,  7.948324710427510e-01, -2.338413013228716e+00,  2.646254659090890e+00
  2.780000000000000e+00, -1.451922231801244e-02, -2.375722952501726e-01,  6.045777007195386e-02, -8.579256280649667e-03,  7.461446915719077e-01, -1.581380472878424e-03,  2.924087229160547e-01,  2.150407962155577e-01,  4.277444158231254e-01,  1.151967954262648e+00,  7.967959055108874e-01, -2.336619907009040e+00,  2.642475962389804e+00
  2.790000000000000e+00, -1.486718886134197e-02, -2.371624008831152e-01,  6.018095638538503e-02, -9.111515767495868e-03,  7.456964432797498e-01, -1.848284385022963e-03,  2.903094785330256e-01,  2.165150315814482e-01,  4.281779796276984e-01,  1.146424283452343e+00,  7.986490009533184e-01, -2.334898425715175e+00,  2.638885941053521e+00
  2.800000000000000e+00, -1.519441542691580e-02, -2.367762133246144e-01,  5.992055041841937e-02, -9.612001559441011e-03,  7.452751799171229e-01, -2.099864897955270e-03,  2.883302870344869e-01,  2.179267411432391e-01,  4.285932134335009e-01,  1.141150652419071e+00,  8.003926799749190e-01, -2.333251691815994e+00,  2.635486447364612e+00
  2.810000000000000e+00, -1.550125170475380e-02, -2.364133284998930e-01,  5.967624273508145e-02, -1.008128228901820e-02,  7.448804227119524e-01, -2.336321857755676e-03,  2.864704275459632e-01,  2.192727625280532e-01,  4.289900038068087e-01,  1.136151130287938e+00,  8.020280766018716e-01, -2.331682381887533e+00,  2.632278598712283e+00
  2.820000000000000e+00, -1.578807376418894e-02, -2.360733352483868e-01,  5.944771519804840e-02, -1.051995902869492e-02,  7.445116572512515e-01, -2.557873612161720e-03,  2.847288249269553e-01,  2.205503735085681e-01,  4.293681503517408e-01,  1.131428745103157e+00,  8.035565482130027e-01, -2.330192731203843e+00,  2.629262775912187e+00
  2.830000000000000e+00, -1.605528437612934e-02, -2.357558110975161e-01,  5.923463912379692e-02, -1.092866666182496e-02,  7.441683336624260e-01, -2.764758336773336e-03,  2.831040589389504e-01,  2.217573109472640e-01,  4.297273916679312e-01,  1.126985469024371e+00,  8.049796897132400e-01, -2.328784539820542e+00,  2.626438628238208e+00
  2.840000000000000e+00, -1.630331337457938e-02, -2.354603180730350e-01,  5.903667343974364e-02, -1.130807529547712e-02,  7.438498667203302e-01, -2.957235343635822e-03,  2.815943735256854e-01,  2.228917874576248e-01,  4.300674309395676e-01,  1.122822204160913e+00,  8.062993484039008e-01, -2.327459179493068e+00,  2.623805078868318e+00
  2.850000000000000e+00, -1.653261837847382e-02, -2.351863981292401e-01,  5.885346257304449e-02, -1.165889221309107e-02,  7.435556354746767e-01, -3.135586632997072e-03,  2.801976848753823e-01,  2.239525049087102e-01,  4.303879615127620e-01,  1.118938768622715e+00,  8.075176365312289e-01, -2.326217598358971e+00,  2.621360330652354e+00
  2.860000000000000e+00, -1.674368582504819e-02, -2.349335683449501e-01,  5.868463414377138e-02, -1.198186427601429e-02,  7.432849824465919e-01, -3.300118626837069e-03,  2.789115885003330e-01,  2.249386631872233e-01,  4.306886915625939e-01,  1.115333883592913e+00,  8.086369385317360e-01, -2.325060321867576e+00,  2.619101875957449e+00
  2.870000000000000e+00, -1.693703203393401e-02, -2.347013162819858e-01,  5.852979671002029e-02, -1.227778033102893e-02,  7.430372127465787e-01, -3.451163848133524e-03,  2.777333666846797e-01,  2.258499635281508e-01,  4.309693671208201e-01,  1.112005162442236e+00,  8.096599122892685e-01, -2.323987451895046e+00,  2.617026512402018e+00
  2.880000000000000e+00, -1.711320420372475e-02, -2.344890956109585e-01,  5.838853763696318e-02, -1.254747348022186e-02,  7.428115932403397e-01, -3.589082474772333e-03,  2.766599967102373e-01,  2.266866070367014e-01,  4.312297935681449e-01,  1.108949101935057e+00,  8.105894852157206e-01, -2.322998666002565e+00,  2.615130361400827e+00
  2.890000000000000e+00, -1.727278140500093e-02, -2.342963219703449e-01,  5.826042105426639e-02, -1.279182330141577e-02,  7.426073516753602e-01, -3.714263804772151e-03,  2.756881591336463e-01,  2.274492895871246e-01,  4.314698554975416e-01,  1.106161074972499e+00,  8.114288476177699e-01, -2.322093217393706e+00,  2.613408884145528e+00
  2.900000000000000e+00, -1.741637553515558e-02, -2.341223692173657e-01,  5.814498597396880e-02, -1.301175794470587e-02,  7.424236757933097e-01, -3.827127571545798e-03,  2.748142456510402e-01,  2.281391939927843e-01,  4.316895341733992e-01,  1.103635325072123e+00,  8.121814465094516e-01, -2.321269936676780e+00,  2.611856892760937e+00
  2.910000000000000e+00, -1.754469703334957e-02, -2.339663669864636e-01,  5.804164574922982e-02, -1.320837969235384e-02,  7.422596490189993e-01, -3.928212872024522e-03,  2.740345807166609e-01,  2.287575954213378e-01,  4.318897921982541e-01,  1.101364587682643e+00,  8.128492907262233e-01, -2.320525940024051e+00,  2.610467602584114e+00
  2.920000000000000e+00, -1.765829139427226e-02, -2.338280119220965e-01,  5.795009045992680e-02, -1.338246217957442e-02,  7.421145079365745e-01, -4.017820554145628e-03,  2.733445493481871e-01,  2.293074047798302e-01,  4.320690224287777e-01,  1.099341628017057e+00,  8.134398839140894e-01, -2.319861960938777e+00,  2.609236578301098e+00
  2.930000000000000e+00, -1.775794186098532e-02, -2.337063223437978e-01,  5.786966945272879e-02, -1.353522027402877e-02,  7.419872493985536e-01, -4.096560760367878e-03,  2.727399585796974e-01,  2.297907930377970e-01,  4.322285125985317e-01,  1.097556895821105e+00,  8.139555358985479e-01, -2.319274138506055e+00,  2.608155705794507e+00
  2.940000000000000e+00, -1.784440323073025e-02, -2.336004682563564e-01,  5.779980196128254e-02, -1.366779996412455e-02,  7.418768889832726e-01, -4.164988496302801e-03,  2.722161232765727e-01,  2.302107185112972e-01,  4.323687786720539e-01,  1.096000111431613e+00,  8.144006379441411e-01, -2.318759634696394e+00,  2.607217326368750e+00
  2.950000000000000e+00, -1.791846484070847e-02, -2.335095703231214e-01,  5.773987797386352e-02, -1.378140017665216e-02,  7.417824004448319e-01, -4.223690923311396e-03,  2.717681064092998e-01,  2.305705460904862e-01,  4.324904642425166e-01,  1.094659894449442e+00,  8.147798003038966e-01, -2.318315202609925e+00,  2.606413235357465e+00
  2.960000000000000e+00, -1.798095315306845e-02, -2.334326935146499e-01,  5.768925476906676e-02, -1.387727752824834e-02,  7.417027128118100e-01, -4.273290093772054e-03,  2.713907296457074e-01,  2.308740025342308e-01,  4.325943605976893e-01,  1.093523769668546e+00,  8.150978281333313e-01, -2.317937182653541e+00,  2.605734698668152e+00
  2.970000000000000e+00, -1.803273218733691e-02, -2.333688459025786e-01,  5.764725616287658e-02, -1.395674727037103e-02,  7.416367098281578e-01, -4.314443218213423e-03,  2.710785825213385e-01,  2.311251442767148e-01,  4.326814086755246e-01,  1.092578182227675e+00,  8.153597069766708e-01, -2.317621507135170e+00,  2.605172476329426e+00
  2.980000000000000e+00, -1.807444611395689e-02, -2.333172243423984e-01,  5.761335334818250e-02, -1.402080285817161e-02,  7.415835695062060e-01, -4.347659620226202e-03,  2.708281822737039e-01,  2.313255663768084e-01,  4.327525616435663e-01,  1.091814840263396e+00,  8.155675986461575e-01, -2.317365325217505e+00,  2.604721490150099e+00
  2.990000000000000e+00, -1.810742604660299e-02, -2.332763950169671e-01,  5.758654499689296e-02, -1.407144753814510e-02,  7.415415599767603e-01, -4.373930228220714e-03,  2.706300138699928e-01,  2.314850908597510e-01,  4.328090681108952e-01,  1.091207393341842e+00,  8.157324836874429e-01, -2.317161287942695e+00,  2.604363241264995e+00
  3.000000000000000e+00, -1.813421026331667e-02, -2.332431794147537e-01,  5.756475247610739e-02, -1.411258784376450e-02,  7.415074527623414e-01, -4.395285457723281e-03,  2.704693350459205e-01,  2.316143505916576e-01,  4.328553112965028e-01,  1.090712579928539e+00,  8.158656067781999e-01, -2.316994628691947e+00,  2.604072399225664e+00
