Main.Studies.MarkerTracking.t,Main.Studies.MarkerTracking.JointAngleOutputs.OutputFile_RightArm.ThoraxClavicula[0],Main.Studies.MarkerTracking.JointAngleOutputs.OutputFile_RightArm.ThoraxClavicula[1],Main.Studies.MarkerTracking.JointAngleOutputs.OutputFile_RightArm.ThoraxClavicula[2],Main.Studies.MarkerTracking.JointAngleOutputs.OutputFile_RightArm.ClaviculaScapula[0],Main.Studies.MarkerTracking.JointAngleOutputs.OutputFile_RightArm.ClaviculaScapula[1],Main.Studies.MarkerTracking.JointAngleOutputs.OutputFile_RightArm.ClaviculaScapula[2],Main.Studies.MarkerTracking.JointAngleOutputs.OutputFile_RightArm.ScapulaHumerus[0],Main.Studies.MarkerTracking.JointAngleOutputs.OutputFile_RightArm.ScapulaHumerus[1],Main.Studies.MarkerTracking.JointAngleOutputs.OutputFile_RightArm.ScapulaHumerus[2],Main.Studies.MarkerTracking.JointAngleOutputs.OutputFile_RightArm.HumerusUlna,Main.Studies.MarkerTracking.JointAngleOutputs.OutputFile_RightArm.UlnaRadius,Main.Studies.MarkerTracking.JointAngleOutputs.OutputFile_RightArm.RadiusWrist,Main.Studies.MarkerTracking.JointAngleOutputs.OutputFile_RightArm.WristHand
  1.000000000000000e+00, -2.855225327132664e-02, -2.654789846008013e-01,  6.647722548961009e-02, -2.092611230613610e-02,  7.212769667251918e-01,  9.106682175731223e-04,  1.773346975867512e-02,  8.823956959878593e-01,  1.290707080715008e-01,  2.073136608912740e-01,  2.799205562242922e+00,  3.044144196018684e+00,  2.550050519343232e+00
  1.010000000000000e+00, -2.849737748638466e-02, -2.656660109764980e-01,  6.656887848744773e-02, -2.081551199433302e-02,  7.213284289149310e-01,  9.932658252053842e-04,  1.878404778900804e-02,  8.692963480458217e-01,  1.278968075311552e-01,  2.166416477802625e-01,  2.788500324746654e+00,  3.039208848252184e+00,  2.548006427404721e+00
  1.020000000000000e+00, -2.844018113290081e-02, -2.658781800014723e-01,  6.667109915666700e-02, -2.069657371302899e-02,  7.213794993335803e-01,  1.084649476177735e-03,  1.987651733269341e-02,  8.552209575626070e-01,  1.265188150569885e-01,  2.267699834504072e-01,  2.777823138381259e+00,  3.033429242191481e+00,  2.545771783143012e+00
  1.030000000000000e+00, -2.837687755437163e-02, -2.661202020967552e-01,  6.678704867793939e-02, -2.056338156434610e-02,  7.214349596489141e-01,  1.187995524907173e-03,  2.102579611977065e-02,  8.401768709983123e-01,  1.249399688744280e-01,  2.377285651358703e-01,  2.767199790519742e+00,  3.026791675871868e+00,  2.543357022505222e+00
  1.040000000000000e+00, -2.830328175262773e-02, -2.663959719992370e-01,  6.691971710700471e-02, -2.040966963541923e-02,  7.215002923108900e-01,  1.306407609746174e-03,  2.224262484950289e-02,  8.242892917708222e-01,  1.231763340168728e-01,  2.494641155563067e-01,  2.756707020085734e+00,  3.019345543425615e+00,  2.540795249593924e+00
  1.050000000000000e+00, -2.821527327625249e-02, -2.667079080048402e-01,  6.707150571938206e-02, -2.022956134471499e-02,  7.215811093846466e-01,  1.442500691290440e-03,  2.353441093274043e-02,  8.077620163863940e-01,  1.212562725713077e-01,  2.618639889192791e-01,  2.746441260242817e+00,  3.011194626110237e+00,  2.538132331958115e+00
  1.060000000000000e+00, -2.810908641974556e-02, -2.670573793702813e-01,  6.724429095529130e-02, -2.001785556505527e-02,  7.216826686895957e-01,  1.598398614683356e-03,  2.490935202584447e-02,  7.907821764358898e-01,  1.192118251130855e-01,  2.748203401683110e-01,  2.736468367509327e+00,  3.002452088226113e+00,  2.535408853793328e+00
  1.070000000000000e+00, -2.798156529500049e-02, -2.674446007454827e-01,  6.743929381827769e-02, -1.977038018251292e-02,  7.218095204556693e-01,  1.775583897186477e-03,  2.637479926322761e-02,  7.735249329708420e-01,  1.170768923458614e-01,  2.882265268730685e-01,  2.726834164670920e+00,  2.993236583130034e+00,  2.532660766755946e+00
  1.080000000000000e+00, -2.783026465864948e-02, -2.678688171015132e-01,  6.765711546610335e-02, -1.948408470073080e-02,  7.219653337767010e-01,  1.974907665092014e-03,  2.793713407306649e-02,  7.561425640963707e-01,  1.148845137129061e-01,  3.019852332631189e-01,  2.717565298544596e+00,  2.983661837310517e+00,  2.529917621523718e+00
  1.090000000000000e+00, -2.765343514755709e-02, -2.683285534377038e-01,  6.789783820453724e-02, -1.915696944464477e-02,  7.221528806461974e-01,  2.196672755312533e-03,  2.960181153284745e-02,  7.387594851392871e-01,  1.126650378887225e-01,  3.160130949157796e-01,  2.708672160474547e+00,  2.973829816288419e+00,  2.527202120723222e+00
  1.100000000000000e+00, -2.744993536479030e-02, -2.688218646295785e-01,  6.816115213557100e-02, -1.878791986712906e-02,  7.223741258000851e-01,  2.440750692998789e-03,  3.137350169140751e-02,  7.214720241458381e-01,  1.104451860064931e-01,  3.302422442888296e-01,  2.700152631351528e+00,  2.963827407874061e+00,  2.524530610536952e+00
  1.110000000000000e+00, -2.721911291534628e-02, -2.693465482998971e-01,  6.844647844393206e-02, -1.837650826919441e-02,  7.226303669877079e-01,  2.706701798360256e-03,  3.325626558470225e-02,  7.043511174988663e-01,  1.082477901188063e-01,  3.446197691771198e-01,  2.691995745569515e+00,  2.953725736523235e+00,  2.521914063920002e+00
  1.120000000000000e+00, -2.696068399654661e-02, -2.699003080899021e-01,  6.875307411948182e-02, -1.792280393235100e-02,  7.229223847250152e-01,  2.993880892060920e-03,  3.525372353685314e-02,  6.874463088006187e-01,  1.060919457891635e-01,  3.591060677364956e-01,  2.684184808951041e+00,  2.943581071316896e+00,  2.519359202734306e+00
  1.130000000000000e+00, -2.667453096208909e-02, -2.704802952908716e-01,  6.907992423708476e-02, -1.742720914688662e-02,  7.232508035893215e-01,  3.301388571609223e-03,  3.736918647328705e-02,  6.708212277549729e-01,  1.039997323023700e-01,  3.736535181408926e-01,  2.676685234937141e+00,  2.933458600993323e+00,  2.516874392438302e+00
  1.140000000000000e+00, -2.636104105331984e-02, -2.710855291943438e-01,  6.942656238474540e-02, -1.689038312415696e-02,  7.236152403414383e-01,  3.628664784893780e-03,  3.960572648361321e-02,  6.544279264070360e-01,  1.019702991418097e-01,  3.882845089663243e-01,  2.669505930877040e+00,  2.923342691439581e+00,  2.514450362769541e+00
  1.150000000000000e+00, -2.602034957814941e-02, -2.717138714341871e-01,  6.979216216627626e-02, -1.631290473225711e-02,  7.240158515872822e-01,  3.974899600126954e-03,  4.196658485252127e-02,  6.382891755231243e-01,  1.000163984389943e-01,  4.029789305869453e-01,  2.662621642937089e+00,  2.913265253670617e+00,  2.512089057064348e+00
  1.160000000000000e+00, -2.565274883168211e-02, -2.723623681697082e-01,  7.017552316357836e-02, -1.569573286562554e-02,  7.244526892491803e-01,  4.338954157529535e-03,  4.445431741838820e-02,  6.224554625277753e-01,  9.815645731628347e-02,  4.177011702194828e-01,  2.655986312108453e+00,  2.903275302071560e+00,  2.509796182393200e+00
  1.170000000000000e+00, -2.525862232216430e-02, -2.730299373177665e-01,  7.057614146151638e-02, -1.503954494249335e-02,  7.249253963842940e-01,  4.720219220055194e-03,  4.707197143785154e-02,  6.068968576688181e-01,  9.639100057486470e-02,  4.324668734475995e-01,  2.649593211325953e+00,  2.893361942732913e+00,  2.507565572286408e+00
  1.180000000000000e+00, -2.483834277526483e-02, -2.737150354639500e-01,  7.099333684297568e-02, -1.434510399143307e-02,  7.254337018189959e-01,  5.117942701542411e-03,  4.982244009611760e-02,  5.916046213979019e-01,  9.472492325330582e-02,  4.472801262461872e-01,  2.643425471088461e+00,  2.883526775604716e+00,  2.505393982395093e+00
  1.190000000000000e+00, -2.439222706041609e-02, -2.744165632389939e-01,  7.142662194222452e-02, -1.361300555773795e-02,  7.259773510405698e-01,  5.531528892235480e-03,  5.270824465584782e-02,  5.765722148136121e-01,  9.316027041570893e-02,  4.621462828240288e-01,  2.637467469975296e+00,  2.873768860486513e+00,  2.503278998484571e+00
  1.200000000000000e+00, -2.392061353589629e-02, -2.751331954204573e-01,  7.187541302685675e-02, -1.284392267958886e-02,  7.265560933188173e-01,  5.960297905341886e-03,  5.573219243196319e-02,  5.617926616689252e-01,  9.170069412497260e-02,  4.770709262414052e-01,  2.631700564876871e+00,  2.864086298015277e+00,  2.501218686958031e+00
  1.210000000000000e+00, -2.342380820658158e-02, -2.758640397859619e-01,  7.233930676139959e-02, -1.203839348919542e-02,  7.271696620588852e-01,  6.403712901050801e-03,  5.889701134497350e-02,  5.472486695330750e-01,  9.034646064342804e-02,  4.920691829894099e-01,  2.626120070983627e+00,  2.854466183024448e+00,  2.499207649152700e+00
  1.220000000000000e+00, -2.290206825894664e-02, -2.766082911917210e-01,  7.281795114482721e-02, -1.119687412545820e-02,  7.278178500941641e-01,  6.861280724522804e-03,  6.220516374776270e-02,  5.329331399190297e-01,  8.909798803094950e-02,  5.071509626806209e-01,  2.620714683916757e+00,  2.844900737192264e+00,  2.497243428741455e+00
  1.230000000000000e+00, -2.235560869622614e-02, -2.773652018882651e-01,  7.331103160695365e-02, -1.031975368425221e-02,  7.285005045071337e-01,  7.332539738601138e-03,  6.565943878915961e-02,  5.188356992731412e-01,  8.795558069577433e-02,  5.223295064077504e-01,  2.615476613136364e+00,  2.835378307469897e+00,  2.495322665881571e+00
  1.240000000000000e+00, -2.178470010507433e-02, -2.781342808168142e-01,  7.381831438522850e-02, -9.407437963523084e-03,  7.292173548361596e-01,  7.817078839277335e-03,  6.926136594341276e-02,  5.049518518653234e-01,  8.691726186191685e-02,  5.376164506390294e-01,  2.610403139630904e+00,  2.825888721082194e+00,  2.493442135921435e+00
  1.250000000000000e+00, -2.118955827374623e-02, -2.789148885373813e-01,  7.433952704553481e-02, -8.460293899633922e-03,  7.299682335995035e-01,  8.314460936920221e-03,  7.301327495269369e-02,  4.912739375468422e-01,  8.598268610108538e-02,  5.530254312010354e-01,  2.605491630796184e+00,  2.816419547646991e+00,  2.491598298664301e+00
  1.260000000000000e+00, -2.057040523155970e-02, -2.797064939009903e-01,  7.487443739521285e-02, -7.478673132261686e-03,  7.307529494151247e-01,  8.824275635333008e-03,  7.691700877998324e-02,  4.777980845719222e-01,  8.515081034146753e-02,  5.685685190644115e-01,  2.600740300534449e+00,  2.806960145504276e+00,  2.489788428060291e+00
  1.270000000000000e+00, -1.992754310578891e-02, -2.805084347418789e-01,  7.542273245879129e-02, -6.463061005594679e-03,  7.315712146103059e-01,  9.346034274619228e-03,  8.097391687017910e-02,  4.645219173457964e-01,  8.442099311058288e-02,  5.842580121601890e-01,  2.596152510387320e+00,  2.797499653135625e+00,  2.488008043685339e+00
  1.280000000000000e+00, -1.926132293436458e-02, -2.813199072031154e-01,  7.598402484651433e-02, -5.414038900898620e-03,  7.324226918588267e-01,  9.879181031815013e-03,  8.518515773986882e-02,  4.514444217949324e-01,  8.379338609427599e-02,  6.001032025691809e-01,  2.591729911487554e+00,  2.788030037776972e+00,  2.486254713132421e+00
  1.290000000000000e+00, -1.857225026698325e-02, -2.821399113493430e-01,  7.655779232744496e-02, -4.332434936915302e-03,  7.333068477386604e-01,  1.042303256871785e-02,  8.955090946377471e-02,  4.385673669384879e-01,  8.326846214687125e-02,  6.161134431060434e-01,  2.587476947375116e+00,  2.778544170933385e+00,  2.484524656143524e+00
  1.300000000000000e+00, -1.786093452251764e-02, -2.829669728998785e-01,  7.714328464826616e-02, -3.219320880059876e-03,  7.342230670341600e-01,  1.097671564091774e-02,  9.407162955425619e-02,  4.258909417737680e-01,  8.284944214094379e-02,  6.322942811480032e-01,  2.583397699579429e+00,  2.769037176550032e+00,  2.482815310287227e+00
  1.310000000000000e+00, -1.712836008876594e-02, -2.837989899642392e-01,  7.773936228530134e-02, -2.076402763341340e-03,  7.351702785460617e-01,  1.153900880867172e-02,  9.874605500063353e-02,  4.134177688285249e-01,  8.254117776309251e-02,  6.486497904436654e-01,  2.579496975089551e+00,  2.759506535459727e+00,  2.481123951577989e+00
  1.320000000000000e+00, -1.637555420801559e-02, -2.846334271904317e-01,  7.834469119559355e-02, -9.055463996839731e-04,  7.361474101151201e-01,  1.210854500137767e-02,  1.035738361810331e-01,  4.011467532456823e-01,  8.235141299839076e-02,  6.651803485758984e-01,  2.575779765535269e+00,  2.749950815320058e+00,  2.479448636166060e+00
  1.330000000000000e+00, -1.560412879957500e-02, -2.854664738400727e-01,  7.895720809614526e-02,  2.903228083430875e-04,  7.371527198722436e-01,  1.268333060574908e-02,  1.085529804600468e-01,  3.890757287948873e-01,  8.229237684767265e-02,  6.818832349021386e-01,  2.572251347248617e+00,  2.740370763048954e+00,  2.477787951459443e+00
  1.340000000000000e+00, -1.481563349499026e-02, -2.862942313860981e-01,  7.957482438102195e-02,  1.508327909102645e-03,  7.381845649520226e-01,  1.326138444605209e-02,  1.136826367660056e-01,  3.771989041107279e-01,  8.237744966327151e-02,  6.987532434857835e-01,  2.568917086112031e+00,  2.730766735631220e+00,  2.476140981230421e+00
  1.350000000000000e+00, -1.401193306779019e-02, -2.871119984885875e-01,  8.019500178978640e-02,  2.744984217101567e-03,  7.392409543775280e-01,  1.384036444131837e-02,  1.189617041914881e-01,  3.655068978251620e-01,  8.262313027693849e-02,  7.157823426752955e-01,  2.565782780305643e+00,  2.721139216250243e+00,  2.474507485393120e+00
  1.360000000000000e+00, -1.319469702224221e-02, -2.879155427319486e-01,  8.081544459697618e-02,  3.997152277468389e-03,  7.403201077634002e-01,  1.441817061498943e-02,  1.243899624845641e-01,  3.539884350282491e-01,  8.304403908758172e-02,  7.329618460546595e-01,  2.562854883567932e+00,  2.711487046112994e+00,  2.472887241492577e+00
  1.370000000000000e+00, -1.236559458508192e-02, -2.887006081592900e-01,  8.143383244278959e-02,  5.261672476343371e-03,  7.414202430163221e-01,  1.499271340659259e-02,  1.299676759867012e-01,  3.426290571039127e-01,  8.365477047051088e-02,  7.502814453603491e-01,  2.560140526159322e+00,  2.701808162955149e+00,  2.471280468749427e+00
  1.380000000000000e+00, -1.152550980802726e-02, -2.894653550546142e-01,  8.204908848581799e-02,  6.536950160108056e-03,  7.425403678481389e-01,  1.556297832796824e-02,  1.356955421251231e-01,  3.314198255895962e-01,  8.445905230252285e-02,  7.677342043962864e-01,  2.557648111990793e+00,  2.692098379379508e+00,  2.469685881334691e+00
  1.390000000000000e+00, -1.067538248627807e-02, -2.902078170722047e-01,  8.266005707171017e-02,  7.821281806917806e-03,  7.436794242714555e-01,  1.612789957760065e-02,  1.415742359421583e-01,  3.203495748329688e-01,  8.546094963665642e-02,  7.853117079771857e-01,  2.555385502071263e+00,  2.682353813207954e+00,  2.468102682423547e+00
  1.400000000000000e+00, -9.815575095644532e-03, -2.909281039933880e-01,  8.326662417379602e-02,  9.114190221424153e-03,  7.448368930390774e-01,  1.668728802819467e-02,  1.476035329196841e-01,  3.094138798769110e-01,  8.665459277883243e-02,  8.030080415835531e-01,  2.553362027355828e+00,  2.672570837531948e+00,  2.466528464611044e+00
  1.410000000000000e+00, -8.946346436366895e-03, -2.916269085081168e-01,  8.386894835150725e-02,  1.041546799305711e-02,  7.460123203614879e-01,  1.724117855626807e-02,  1.537821888664898e-01,  2.986105257966736e-01,  8.803098750864005e-02,  8.208170559639602e-01,  2.551586391656587e+00,  2.662747358644063e+00,  2.464960550266531e+00
  1.420000000000000e+00, -8.067884169431024e-03, -2.923054658510426e-01,  8.446743466364461e-02,  1.172512765655972e-02,  7.472052762378653e-01,  1.778980356410699e-02,  1.601076534914609e-01,  2.879397909771614e-01,  8.957812748994484e-02,  8.387322976709869e-01,  2.550066818123949e+00,  2.652883146239561e+00,  2.463395878715088e+00
  1.430000000000000e+00, -7.180392124217156e-03, -2.929652880523893e-01,  8.506259677008433e-02,  1.304322748071178e-02,  7.484152652427467e-01,  1.833347660427318e-02,  1.665759974089139e-01,  2.774036145283301e-01,  9.128222154659402e-02,  8.567465782396466e-01,  2.548810823860573e+00,  2.642979978726440e+00,  2.461831189436165e+00
  1.440000000000000e+00, -6.284145842405812e-03, -2.936079749213078e-01,  8.565496060227948e-02,  1.436975545809287e-02,  7.496416722811572e-01,  1.887251327389401e-02,  1.731819441481287e-01,  2.670048432578245e-01,  9.312861029268926e-02,  8.748517334681833e-01,  2.547825069987527e+00,  2.633041569513513e+00,  2.460263170961655e+00
  1.450000000000000e+00, -5.379521585474469e-03, -2.942350946561516e-01,  8.624500525234215e-02,  1.570456346432221e-02,  7.508837368823841e-01,  1.940718458758488e-02,  1.799189653659434e-01,  2.567466383747351e-01,  9.510238709655731e-02,  8.930385484641585e-01,  2.547115272365343e+00,  2.623073370971652e+00,  2.458688572169850e+00
  1.460000000000000e+00, -4.467017440763700e-03, -2.948480522268238e-01,  8.683310125843995e-02,  1.704730841744802e-02,  7.521405408591242e-01,  1.993767009080212e-02,  1.867795210214291e-01,  2.466316922649496e-01,  9.718913548097310e-02,  9.112968792048681e-01,  2.546685677907995e+00,  2.613081986494344e+00,  2.457104395101940e+00
  1.470000000000000e+00, -3.547202911660126e-03, -2.954483263186620e-01,  8.741962517169505e-02,  1.839757313826132e-02,  7.534110467990650e-01,  2.046415148945119e-02,  1.937547632550002e-01,  2.366634238081248e-01,  9.937374092713139e-02,  9.296154071802387e-01,  2.546540686864582e+00,  2.603076365253813e+00,  2.455507659000285e+00
  1.480000000000000e+00, -2.620785289105708e-03, -2.960370401207276e-01,  8.800475967802032e-02,  1.975467840891672e-02,  7.546940631876649e-01,  2.098665713304170e-02,  2.008353689509883e-01,  2.268434118667267e-01,  1.016427300132883e-01,  9.479824677486360e-01,  2.546682901686241e+00,  2.593065214970248e+00,  2.453895660832293e+00
  1.490000000000000e+00, -1.688540474648111e-03, -2.966152570486069e-01,  8.858863888655888e-02,  2.111784207984366e-02,  7.559883020502541e-01,  2.150518056925218e-02,  2.080112415263146e-01,  2.171729680351868e-01,  1.039828165836727e-01,  9.663857355175054e-01,  2.547114195426997e+00,  2.583058402442299e+00,  2.452265983062440e+00
  1.500000000000000e+00, -7.513106997237885e-04, -2.971839147114531e-01,  8.917132180430065e-02,  2.248616614129759e-02,  7.572923917238507e-01,  2.201966214789592e-02,  2.152717870647864e-01,  2.076526420733316e-01,  1.063813361786115e-01,  9.848125524195196e-01,  2.547835543424019e+00,  2.573066295116859e+00,  2.450616489303545e+00
  1.510000000000000e+00,  1.900133880707677e-04, -2.977438391905129e-01,  8.975280435128803e-02,  2.385866313460645e-02,  7.586049009146851e-01,  2.253000092482710e-02,  2.226060713832616e-01,  1.982822161960128e-01,  1.088262621336862e-01,  1.003250108223463e+00,  2.548847055840446e+00,  2.563099548794464e+00,  2.448945331598157e+00
  1.520000000000000e+00,  1.134510649079363e-03, -2.982957606301784e-01,  9.033303202360508e-02,  2.523428299880461e-02,  7.599243627168876e-01,  2.303606662154008e-02,  2.300029719348179e-01,  1.890607293652574e-01,  1.113062104890187e-01,  1.021685604877922e+00,  2.550148016570599e+00,  2.553168916623448e+00,  2.447250946715236e+00
  1.530000000000000e+00,  2.081246831922069e-03, -2.988403288923944e-01,  9.091191248862675e-02,  2.661193933107297e-02,  7.612492979545951e-01,  2.353771105434698e-02,  2.374513227765577e-01,  1.799865221422187e-01,  1.138104387578141e-01,  1.040106399970311e+00,  2.551736921750599e+00,  2.543285085896693e+00,  2.445532052917350e+00
  1.540000000000000e+00,  3.029290736863483e-03, -2.993781281989653e-01,  9.148932741503325e-02,  2.799053391384868e-02,  7.625782370004702e-01,  2.403477847570431e-02,  2.449400491018225e-01,  1.710573002433680e-01,  1.163288421300988e-01,  1.058500126937741e+00,  2.553611513158074e+00,  2.533458541492925e+00,  2.443787650393958e+00
  1.550000000000000e+00,  3.977728467833799e-03, -2.999096899595294e-01,  9.206514293658374e-02,  2.936897839100405e-02,  7.639097391450967e-01,  2.452711436715777e-02,  2.524582868728595e-01,  1.622702168313380e-01,  1.188519488179787e-01,  1.076854792174357e+00,  2.555768810006104e+00,  2.523699451749391e+00,  2.442017017444424e+00
  1.560000000000000e+00,  4.925684973848759e-03, -3.004355257484232e-01,  9.263923128899725e-02,  3.074623048692074e-02,  7.652424199061780e-01,  2.501458264010436e-02,  2.599954214856586e-01,  1.536233152240313e-01,  1.213710092460696e-01,  1.095156612022428e+00,  2.558192584459410e+00,  2.514019905270804e+00,  2.440226132024453e+00
  1.570000000000000e+00,  5.872309004905851e-03, -3.009560482416649e-01,  9.321143240098284e-02,  3.212125518551393e-02,  7.665749407793256e-01,  2.549703549973957e-02,  2.675415386296339e-01,  1.451103516899954e-01,  1.238777261687062e-01,  1.113398863264066e+00,  2.560901828122193e+00,  2.504424670858409e+00,  2.438402870904979e+00
  1.580000000000000e+00,  6.816798580594008e-03, -3.014717088200513e-01,  9.378162037677779e-02,  3.349309126175928e-02,  7.679060267944358e-01,  2.597436393018033e-02,  2.750867797650203e-01,  1.367286485454538e-01,  1.263644685568354e-01,  1.131568955277065e+00,  2.563880876006937e+00,  2.494924701373062e+00,  2.436552791942411e+00
  1.590000000000000e+00,  7.758407931276913e-03, -3.019829146595344e-01,  9.434967189102264e-02,  3.486084069115516e-02,  7.692344896977208e-01,  2.644647358471983e-02,  2.826219867159613e-01,  1.284741316962793e-01,  1.288242436405213e-01,  1.149656926051878e+00,  2.567124227059208e+00,  2.485528212880954e+00,  2.434676167744789e+00
  1.600000000000000e+00,  8.696447336296783e-03, -3.024900538951302e-01,  9.491547659917125e-02,  3.622367452692824e-02,  7.705592243426269e-01,  2.691329150678957e-02,  2.901385615118579e-01,  1.203426587545273e-01,  1.312506620241067e-01,  1.167653375437786e+00,  2.570625940494150e+00,  2.476242845755090e+00,  2.432773421222286e+00
  1.610000000000000e+00,  9.630285587298042e-03, -3.029934975377999e-01,  9.547893894119472e-02,  3.758083670372690e-02,  7.718792124925458e-01,  2.737476654748379e-02,  2.976284936236645e-01,  1.123301237016444e-01,  1.336379352132334e-01,  1.185549443794124e+00,  2.574379588458557e+00,  2.467075673106862e+00,  2.430845136334500e+00
  1.620000000000000e+00,  1.055935056203972e-02, -3.034936000666577e-01,  9.603997868732875e-02,  3.893164503189909e-02,  7.731935240076424e-01,  2.783086872404456e-02,  3.050843717278293e-01,  1.044325523245192e-01,  1.359808705555559e-01,  1.203336790982404e+00,  2.578378270985649e+00,  2.458033209513606e+00,  2.428892037855014e+00
  1.630000000000000e+00,  1.148312867219371e-02, -3.039906992454587e-01,  9.659853073343036e-02,  4.027549051514082e-02,  7.745013164606572e-01,  2.828158797766386e-02,  3.124993855979551e-01,  9.664618684536487e-02,  1.382748652744707e-01,  1.221007569221901e+00,  2.582614637387805e+00,  2.449121426071492e+00,  2.426914969948296e+00
  1.640000000000000e+00,  1.240116325452083e-02, -3.044851152531763e-01,  9.715454420300401e-02,  4.161183509822464e-02,  7.758018332624202e-01,  2.872693240736425e-02,  3.198673188630087e-01,  8.896755815471923e-02,  1.405158990160313e-01,  1.238554390456783e+00,  2.587080921433377e+00,  2.440345769579602e+00,  2.424914875468593e+00
  1.650000000000000e+00,  1.331305181206281e-02, -3.049771491387087e-01,  9.770798081818953e-02,  4.294020771652292e-02,  7.770944001465567e-01,  2.916692597772364e-02,  3.271825316903340e-01,  8.139355084878461e-02,  1.427005246828917e-01,  1.255970288374043e+00,  2.591768980888508e+00,  2.431711184059331e+00,  2.422892780699812e+00
  1.660000000000000e+00,  1.421844221057512e-02, -3.054670806811919e-01,  9.825881260766996e-02,  4.426019880072327e-02,  7.783784201507645e-01,  2.960160578342062e-02,  3.344399341434500e-01,  7.392146463293151e-02,  1.448258581732394e-01,  1.273248675785596e+00,  2.596670324429447e+00,  2.423222131269516e+00,  2.420849786711171e+00
  1.670000000000000e+00,  1.511684393130881e-02, -3.059550852927002e-01,  9.880691490416338e-02,  4.557118961064992e-02,  7.796531031084922e-01,  3.003093728207320e-02,  3.416337949758793e-01,  6.654523014578556e-02,  1.468880836447922e-01,  1.290388060347256e+00,  2.601817951168892e+00,  2.414877631136964e+00,  2.418764453292800e+00
  1.680000000000000e+00,  1.600833899868600e-02, -3.064415435144115e-01,  9.935246792211834e-02,  4.687337094194415e-02,  7.809184864395969e-01,  3.045512928005653e-02,  3.487622137024694e-01,  5.927038158837089e-02,  1.488882024068547e-01,  1.307373305608905e+00,  2.607123361392392e+00,  2.406690790147759e+00,  2.416680761575879e+00
  1.690000000000000e+00,  1.689253504784081e-02, -3.069265835095032e-01,  9.989536487628710e-02,  4.816624278110408e-02,  7.821739331358536e-01,  3.087416709303318e-02,  3.558205163080442e-01,  5.209230828386426e-02,  1.508236457157991e-01,  1.324203076840177e+00,  2.612614721964955e+00,  2.398660162390006e+00,  2.414579746741263e+00
  1.700000000000000e+00,  1.776923243849808e-02, -3.074103706224229e-01,  1.004355881386773e-01,  4.944956971169725e-02,  7.834190893872067e-01,  3.128810898370316e-02,  3.628054594440171e-01,  4.501037311614738e-02,  1.526936704003019e-01,  1.340871844670996e+00,  2.618282456454145e+00,  2.390788445512674e+00,  2.412462602295775e+00
  1.710000000000000e+00,  1.863825783948846e-02, -3.078930344151957e-01,  1.009731150531230e-01,  5.072314237809573e-02,  7.846536460862840e-01,  3.169701135195853e-02,  3.697141737792644e-01,  3.802453131330437e-02,  1.544980486815020e-01,  1.357374204964550e+00,  2.624116508042218e+00,  2.383077953687414e+00,  2.410330622220867e+00
  1.720000000000000e+00,  1.949945828746748e-02, -3.083746664593012e-01,  1.015079146587063e-01,  5.198676899914269e-02,  7.858773303961436e-01,  3.210092589820414e-02,  3.765441174654520e-01,  3.113531538830171e-02,  1.562370411259913e-01,  1.373704864605846e+00,  2.630106562789526e+00,  2.375530603669094e+00,  2.408185077619392e+00
  1.730000000000000e+00,  2.035269624493385e-02, -3.088553187543332e-01,  1.020399450408448e-01,  5.324026834288360e-02,  7.870898986906631e-01,  3.249989737886255e-02,  3.832930356764869e-01,  2.434383074839382e-02,  1.579113752150023e-01,  1.389858608234843e+00,  2.636242085331285e+00,  2.368147927377076e+00,  2.406027196024230e+00
  1.740000000000000e+00,  2.119784469069127e-02, -3.093350015351812e-01,  1.025691504169963e-01,  5.448346257319753e-02,  7.882911296061131e-01,  3.289396127031333e-02,  3.899589233937587e-01,  1.765174095991148e-02,  1.595222268229179e-01,  1.405830263404074e+00,  2.642512344082598e+00,  2.360931084221798e+00,  2.403858149488533e+00
  1.750000000000000e+00,  2.203458975506925e-02, -3.098136107351317e-01,  1.030953540421280e-01,  5.571589650535055e-02,  7.894805373204560e-01,  3.328306449275566e-02,  3.965388730595985e-01,  1.105606980214826e-02,  1.610692256777166e-01,  1.421618762831314e+00,  2.648952289127392e+00,  2.353876280557709e+00,  2.401655315157560e+00
  1.760000000000000e+00,  2.286318072655280e-02, -3.102912013922165e-01,  1.036186635493231e-01,  5.693790328497150e-02,  7.906584617333021e-01,  3.366736579436699e-02,  4.030334390979012e-01,  4.569297616518109e-03,  1.625581287992291e-01,  1.437211023164081e+00,  2.655463692333685e+00,  2.346992734269540e+00,  2.399464736746414e+00
  1.770000000000000e+00,  2.368331835704167e-02, -3.107675792627000e-01,  1.041388686671155e-01,  5.814902389833891e-02,  7.918244534241492e-01,  3.404678866112122e-02,  4.094401371977823e-01, -1.810039651089075e-03,  1.639895818427308e-01,  1.452605603533147e+00,  2.662076813005637e+00,  2.340276303110527e+00,  2.397266004365531e+00
  1.780000000000000e+00,  2.449487244165996e-02, -3.112425654296217e-01,  1.046558300355759e-01,  5.934902724651923e-02,  7.929783158849247e-01,  3.442131071168440e-02,  4.157576424353541e-01, -8.078363006464100e-03,  1.653663620780803e-01,  1.467797204076486e+00,  2.668780506526659e+00,  2.333726680705555e+00,  2.395059922423496e+00
  1.790000000000000e+00,  2.529770291741755e-02, -3.117159310464870e-01,  1.051693823964210e-01,  6.053765584210828e-02,  7.941198456168184e-01,  3.479089177477189e-02,  4.219847317079441e-01, -1.423169672865396e-02,  1.666915929060821e-01,  1.482780418228568e+00,  2.675563442559957e+00,  2.327343219912202e+00,  2.392847289080307e+00
  1.800000000000000e+00,  2.609165599312436e-02, -3.121873968046513e-01,  1.056793327033616e-01,  6.171462036708147e-02,  7.952488263622788e-01,  3.515547275198207e-02,  4.281202557750671e-01, -2.026573929425223e-02,  1.679687074018211e-01,  1.497549735762995e+00,  2.682414346569172e+00,  2.321124909532341e+00,  2.390628787500658e+00
  1.810000000000000e+00,  2.687656171500615e-02, -3.126566329783312e-01,  1.061854590304445e-01,  6.287959628217916e-02,  7.963650254051778e-01,  3.551497510048775e-02,  4.341631217549199e-01, -2.617592191737159e-02,  1.692014198214082e-01,  1.512099534872224e+00,  2.689322074912359e+00,  2.315070364886654e+00,  2.388404968975967e+00
  1.820000000000000e+00,  2.765203924823785e-02, -3.131231867543199e-01,  1.066874034497368e-01,  6.403194557849050e-02,  7.974679096901507e-01,  3.586922593871299e-02,  4.401112514327840e-01, -3.196299198288794e-02,  1.703915521882405e-01,  1.526427769485438e+00,  2.696324313547857e+00,  2.309173311892073e+00,  2.386149389553793e+00
  1.830000000000000e+00,  2.841825119773744e-02, -3.135867712985654e-01,  1.071850893183169e-01,  6.517179570106760e-02,  7.985577441624466e-01,  3.621825175508423e-02,  4.459656153989315e-01, -3.761158327854320e-02,  1.715473460619958e-01,  1.540521447863302e+00,  2.703317895199081e+00,  2.303440256638791e+00,  2.383913317525753e+00
  1.840000000000000e+00,  2.917479272544031e-02, -3.140468419572768e-01,  1.076781073625222e-01,  6.629845092517013e-02,  7.996339741131721e-01,  3.656184620867151e-02,  4.517242623082048e-01, -4.312163151845921e-02,  1.726712650276012e-01,  1.554378017026525e+00,  2.710336394302599e+00,  2.297864571926712e+00,  2.381672704830056e+00
  1.850000000000000e+00,  2.992141501676122e-02, -3.145028765722500e-01,  1.081661169834286e-01,  6.741142769541156e-02,  8.006962778458258e-01,  3.689985363732368e-02,  4.573862152261271e-01, -4.848810656406987e-02,  1.737678495144563e-01,  1.567991371566516e+00,  2.717369807374609e+00,  2.292443415623795e+00,  2.379427582986713e+00
  1.860000000000000e+00,  3.065784842273921e-02, -3.149543092176339e-01,  1.086487489890340e-01,  6.851020197054188e-02,  8.017443089920387e-01,  3.723210056359742e-02,  4.629505114534420e-01, -5.370598872907265e-02,  1.748417764587206e-01,  1.581355272321146e+00,  2.724408380577028e+00,  2.287173638734452e+00,  2.377177961038494e+00
  1.870000000000000e+00,  3.138380142481012e-02, -3.154005319151268e-01,  1.091256058118804e-01,  6.959420816547023e-02,  8.027776946515603e-01,  3.755839610733935e-02,  4.684161925626535e-01, -5.877033509517425e-02,  1.758978216417582e-01,  1.594463360571063e+00,  2.731442807342547e+00,  2.282051797216729e+00,  2.374923740216970e+00
  1.880000000000000e+00,  3.209896058815050e-02, -3.158408967946766e-01,  1.095962623189852e-01,  7.066283954029159e-02,  8.037960349630617e-01,  3.787853278971762e-02,  4.737823001890925e-01, -6.367632746838649e-02,  1.769408295585397e-01,  1.607309162966317e+00,  2.738464280433774e+00,  2.277074175857521e+00,  2.372664699981715e+00
  1.890000000000000e+00,  3.280299106785518e-02, -3.162747183112010e-01,  1.100602668795053e-01,  7.171544935869330e-02,  8.047989035082272e-01,  3.819228748183608e-02,  4.790478764531417e-01, -6.841931887583115e-02,  1.779756865768187e-01,  1.619886095855495e+00,  2.745464526842510e+00,  2.272236812011967e+00,  2.370400491068563e+00
  1.900000000000000e+00,  3.349534114278788e-02, -3.167012178094901e-01,  1.105170405359955e-01,  7.275107519186626e-02,  8.057855585708227e-01,  3.849935498849461e-02,  4.842110756396191e-01, -7.300218742299903e-02,  1.790044533923930e-01,  1.632190871303006e+00,  2.752493889435998e+00,  2.267530683266064e+00,  2.368098574314081e+00
  1.910000000000000e+00,  3.417601366079680e-02, -3.171197514870552e-01,  1.109662784614315e-01,  7.376952891875942e-02,  8.067560810711206e-01,  3.879961397685961e-02,  4.892727016264898e-01, -7.740693037606898e-02,  1.800374219539924e-01,  1.644210092612726e+00,  2.759434732007912e+00,  2.262960673229081e+00,  2.365819282374396e+00
  1.920000000000000e+00,  3.484443412551779e-02, -3.175294764557520e-01,  1.114073611996253e-01,  7.476979760137317e-02,  8.077097049901850e-01,  3.909273655322643e-02,  4.942309949617162e-01, -8.163627609853660e-02,  1.810769211954911e-01,  1.655940051866329e+00,  2.766333263083877e+00,  2.258517778662078e+00,  2.363532815370270e+00
  1.930000000000000e+00,  3.550019147875026e-02, -3.179295716630807e-01,  1.118397408631998e-01,  7.575109050241685e-02,  8.086459095389271e-01,  3.937844495759518e-02,  4.990850706468931e-01, -8.568675152119229e-02,  1.821277973241124e-01,  1.667373761667755e+00,  2.773183839095044e+00,  2.254197270018726e+00,  2.361238137802929e+00
  1.940000000000000e+00,  3.614285837448616e-02, -3.183191842428260e-01,  1.122628474311234e-01,  7.671258506793520e-02,  8.095641542190350e-01,  3.965644920179043e-02,  5.038340857883099e-01, -8.955526077048337e-02,  1.831948566448846e-01,  1.678504133463836e+00,  2.779981401926663e+00,  2.249994300667109e+00,  2.358934096546394e+00
  1.950000000000000e+00,  3.677199186037917e-02, -3.186974300980830e-01,  1.126760892847613e-01,  7.765342800577818e-02,  8.104638797782139e-01,  3.992644740693113e-02,  5.084772483972401e-01, -9.323914360745951e-02,  1.842828453377372e-01,  1.689323989117108e+00,  2.786721634543928e+00,  2.245903925896807e+00,  2.356619335705660e+00
  1.960000000000000e+00,  3.738713463208304e-02, -3.190633949587017e-01,  1.130788541958449e-01,  7.857273727359512e-02,  8.113445099684158e-01,  4.018812640241395e-02,  5.130138276264956e-01, -9.673621343963727e-02,  1.853964350861698e-01,  1.699826065608317e+00,  2.793400962907084e+00,  2.241921137525752e+00,  2.354292294163896e+00
  1.970000000000000e+00,  3.798762283525938e-02, -3.194160855221046e-01,  1.134704120782330e-01,  7.946933188769044e-02,  8.122051660207825e-01,  4.044110052148783e-02,  5.174424504656092e-01, -1.000532828820778e-01,  1.865368873156962e-01,  1.710006035705042e+00,  2.800081159655175e+00,  2.238035886211228e+00,  2.351914595435396e+00
  1.980000000000000e+00,  3.857334573133185e-02, -3.197546282902928e-01,  1.138503020479834e-01,  8.034280153958717e-02,  8.130457942652630e-01,  4.068515532116661e-02,  5.217639271011497e-01, -1.031730721863884e-01,  1.877149840842235e-01,  1.719850621429150e+00,  2.806636873253908e+00,  2.234252778063195e+00,  2.349554023482705e+00
  1.990000000000000e+00,  3.914362768670222e-02, -3.200779776656416e-01,  1.142177634357651e-01,  8.119193295664326e-02,  8.138655066796195e-01,  4.091988839714538e-02,  5.259770508035659e-01, -1.061026934179458e-01,  1.889320656035627e-01,  1.729355202557446e+00,  2.813125738640052e+00,  2.230562211183170e+00,  2.347175032432933e+00
  2.000000000000000e+00,  3.969796010315606e-02, -3.203851105410376e-01,  1.145721099048995e-01,  8.201574112341135e-02,  8.146636666782299e-01,  4.114494573530379e-02,  5.300813702652276e-01, -1.088421890188510e-01,  1.901923175473234e-01,  1.738512268279715e+00,  2.819547437318017e+00,  2.226959270205930e+00,  2.344775048804849e+00
  2.010000000000000e+00,  4.023582215890575e-02, -3.206749797573987e-01,  1.149126384981432e-01,  8.281321720016249e-02,  8.154396230609723e-01,  4.135996393042732e-02,  5.340764992090755e-01, -1.113921923623698e-01,  1.914997629440333e-01,  1.747314260142016e+00,  2.825902268636852e+00,  2.223439149853734e+00,  2.342351354312499e+00
  2.020000000000000e+00,  4.075667959959272e-02, -3.209465147748177e-01,  1.152386296089041e-01,  8.358332723453177e-02,  8.161927080810358e-01,  4.156456995902005e-02,  5.379621052915939e-01, -1.137539530782113e-01,  1.928582365688685e-01,  1.755753586715251e+00,  2.832191212526908e+00,  2.219997160622493e+00,  2.339901074955969e+00
  2.030000000000000e+00,  4.125998399007798e-02, -3.211986224346890e-01,  1.155493471941918e-01,  8.432501153404054e-02,  8.169222361993919e-01,  4.175838107975015e-02,  5.417379000079562e-01, -1.159293312093411e-01,  1.942713709098609e-01,  1.763822632504539e+00,  2.838415767476481e+00,  2.216628744356946e+00,  2.337421333235425e+00
  2.040000000000000e+00,  4.174499065822149e-02, -3.214301530567512e-01,  1.158439517493921e-01,  8.503693162605626e-02,  8.176272310881344e-01,  4.194095251551973e-02,  5.454031915706415e-01, -1.179306804309711e-01,  1.957387169858480e-01,  1.771516291542323e+00,  2.844649009501562e+00,  2.213324420652429e+00,  2.334868717085041e+00
  2.050000000000000e+00,  4.221147367620118e-02, -3.216400421022495e-01,  1.161218467609591e-01,  8.571846719003136e-02,  8.183074964189346e-01,  4.211198491525253e-02,  5.489586344952704e-01, -1.197421241156734e-01,  1.972708521869822e-01,  1.778822024970565e+00,  2.850756231937421e+00,  2.210089755435341e+00,  2.332318941482121e+00
  2.060000000000000e+00,  4.265866803014321e-02, -3.218271028982963e-01,  1.163821677977585e-01,  8.636824234631310e-02,  8.189620313954824e-01,  4.227101725754707e-02,  5.524035564831770e-01, -1.213762915365727e-01,  1.988671905189936e-01,  1.785734700205072e+00,  2.856804840029881e+00,  2.206916008141053e+00,  2.329732858590811e+00
  2.070000000000000e+00,  4.308596233464714e-02, -3.219901671055178e-01,  1.166241195341426e-01,  8.698509232713300e-02,  8.195900675363366e-01,  4.241762928707774e-02,  5.557377234466274e-01, -1.228373424704210e-01,  2.005304077125129e-01,  1.792246892083026e+00,  2.862796861572883e+00,  2.203799381778328e+00,  2.327109111162497e+00
  2.080000000000000e+00,  4.349272820734675e-02, -3.221280520161417e-01,  1.168468939468339e-01,  8.756782624733188e-02,  8.201908130345820e-01,  4.255139187726955e-02,  5.589608827245527e-01, -1.241299376224417e-01,  2.022629156118391e-01,  1.798351328035018e+00,  2.868734031165361e+00,  2.200736360847918e+00,  2.324446986362958e+00
  2.090000000000000e+00,  4.387831921170497e-02, -3.222395621635728e-01,  1.170496709245281e-01,  8.811522643028157e-02,  8.207634508999396e-01,  4.267186701749701e-02,  5.620727505022112e-01, -1.252592442586255e-01,  2.040668407116770e-01,  1.804040940168795e+00,  2.874617900749463e+00,  2.197723738345376e+00,  2.321746316138862e+00
  2.100000000000000e+00,  4.424191402954835e-02, -3.223234703917604e-01,  1.172315477998565e-01,  8.862583309303336e-02,  8.213069018145163e-01,  4.277856687408179e-02,  5.650728508263485e-01, -1.262411437317911e-01,  2.059400233289769e-01,  1.809310888389557e+00,  2.880521210370297e+00,  2.194753941876253e+00,  2.318965971582866e+00
  2.110000000000000e+00,  4.458313301211446e-02, -3.223786004599058e-01,  1.173918217060369e-01,  8.909879469895345e-02,  8.218207551681438e-01,  4.287111594189321e-02,  5.679611452456850e-01, -1.270620819644231e-01,  2.078916746286248e-01,  1.814150713906342e+00,  2.886307049604810e+00,  2.191833684121466e+00,  2.316186929816889e+00
  2.120000000000000e+00,  4.490112009995552e-02, -3.224037005988628e-01,  1.175295685861272e-01,  8.953260180205268e-02,  8.223038833580496e-01,  4.294900748995571e-02,  5.707370026073729e-01, -1.277380259448122e-01,  2.099193538611205e-01,  1.818556091531141e+00,  2.892041938119825e+00,  2.188956508975362e+00,  2.313372520160604e+00
  2.130000000000000e+00,  4.519514382288354e-02, -3.223975272679883e-01,  1.176439198670718e-01,  8.992591681023218e-02,  8.227553487275719e-01,  4.301176287876037e-02,  5.733998951307714e-01, -1.282759226720618e-01,  2.120240020241569e-01,  1.822521102539888e+00,  2.897725579237350e+00,  2.186120854321399e+00,  2.310525182036404e+00
  2.140000000000000e+00,  4.546444766656490e-02, -3.223588236411937e-01,  1.177339938385892e-01,  9.027736777651606e-02,  8.231741779058757e-01,  4.305889117369844e-02,  5.759492008344127e-01, -1.286830360026118e-01,  2.142062848204113e-01,  1.826040157444691e+00,  2.903356557567405e+00,  2.183325668377516e+00,  2.307648380494292e+00
  2.150000000000000e+00,  4.570824845728917e-02, -3.222863200544004e-01,  1.177988956848990e-01,  9.058554682468210e-02,  8.235593592908130e-01,  4.308988849864054e-02,  5.783841886300001e-01, -1.289669184395378e-01,  2.164665888195697e-01,  1.829108010946348e+00,  2.908932319976910e+00,  2.180570422675607e+00,  2.304746624326024e+00
  2.160000000000000e+00,  4.592573537753222e-02, -3.221787347334460e-01,  1.178377179247054e-01,  9.084900952948438e-02,  8.239098414597004e-01,  4.310423757578553e-02,  5.807040040382829e-01, -1.291353496619630e-01,  2.188050310425844e-01,  1.831719770267291e+00,  2.914448976749469e+00,  2.177855127572736e+00,  2.301825586927973e+00
  2.170000000000000e+00,  4.611594248798558e-02, -3.220347785784378e-01,  1.178494923115908e-01,  9.106610546818060e-02,  8.242243369778982e-01,  4.310138103621226e-02,  5.829078454098238e-01, -1.292070638825720e-01,  2.212172547532627e-01,  1.833872365099000e+00,  2.919974139863251e+00,  2.175176056541251e+00,  2.298849214283096e+00
  2.180000000000000e+00,  4.627825432832664e-02, -3.218531459979834e-01,  1.178333877060700e-01,  9.123565563554821e-02,  8.245020991663903e-01,  4.308082774608609e-02,  5.849942591519021e-01, -1.291691451556751e-01,  2.237110635849072e-01,  1.835558721595930e+00,  2.925358703260874e+00,  2.172542708249416e+00,  2.295909345429091e+00
  2.190000000000000e+00,  4.641165330310858e-02, -3.216325286750187e-01,  1.177884170479547e-01,  9.135594557803720e-02,  8.247417660136439e-01,  4.304199302112432e-02,  5.869620904405823e-01, -1.290397697833839e-01,  2.262818991886269e-01,  1.836776504466171e+00,  2.930662453170696e+00,  2.169952607817532e+00,  2.292975381622357e+00
  2.200000000000000e+00,  4.651522110722554e-02, -3.213716165963946e-01,  1.177136381783871e-01,  9.142539999113122e-02,  8.249421288846623e-01,  4.298430719924239e-02,  5.888098998816712e-01, -1.288269767630262e-01,  2.289289367515489e-01,  1.837522337657925e+00,  2.935874737622349e+00,  2.167407892039968e+00,  2.290058477196435e+00
  2.210000000000000e+00,  4.658801934783119e-02, -3.210691032018441e-01,  1.176081092565599e-01,  9.144242438516512e-02,  8.251019487756549e-01,  4.290719053279238e-02,  5.905361000089554e-01, -1.285386521814396e-01,  2.316511803635195e-01,  1.837793253416620e+00,  2.940982679100477e+00,  2.164911220713522e+00,  2.287171450067261e+00
  2.220000000000000e+00,  4.662909442596918e-02, -3.207236919528183e-01,  1.174708943241149e-01,  9.140541409894980e-02,  8.252199628706215e-01,  4.281005547148372e-02,  5.921389676518793e-01, -1.281824884901302e-01,  2.344474775389364e-01,  1.837586715254422e+00,  2.945971341185298e+00,  2.162465749491830e+00,  2.284328660151926e+00
  2.230000000000000e+00,  4.663748477847333e-02, -3.203341048958753e-01,  1.173010707097176e-01,  9.131276703129698e-02,  8.252948944206288e-01,  4.269231001554461e-02,  5.936166640765802e-01, -1.277659142494572e-01,  2.373165480262283e-01,  1.836900640290016e+00,  2.950823714671608e+00,  2.160075113396569e+00,  2.281545989526475e+00
  2.240000000000000e+00,  4.661223027978308e-02, -3.198990932222083e-01,  1.170977381802575e-01,  9.116289980747824e-02,  8.253254656394233e-01,  4.255336210614922e-02,  5.949672648574353e-01, -1.272960267866555e-01,  2.402570156235994e-01,  1.835733424886890e+00,  2.955520733367074e+00,  2.157743408334616e+00,  2.278840803003471e+00
  2.250000000000000e+00,  4.655238363019788e-02, -3.194174494269154e-01,  1.168600295744954e-01,  9.095426702324083e-02,  8.253104134123647e-01,  4.239262491069962e-02,  5.961887992500774e-01, -1.267795273579961e-01,  2.432674444079837e-01,  1.834083973409937e+00,  2.960041317146282e+00,  2.155475169431697e+00,  2.276231887581263e+00
  2.260000000000000e+00,  4.645702343552599e-02, -3.188880208594585e-01,  1.165871226862226e-01,  9.068538309186490e-02,  8.252485073978758e-01,  4.220952289870037e-02,  5.972792970890561e-01, -1.262226579040663e-01,  2.463463786387809e-01,  1.831951730523012e+00,  2.964362446731685e+00,  2.153275346806368e+00,  2.273739365485153e+00
  2.270000000000000e+00,  4.632526867064498e-02, -3.183097246997360e-01,  1.162782532634524e-01,  9.035484626427599e-02,  8.251385700413945e-01,  4.200349868209175e-02,  5.982368404225976e-01, -1.256311394557956e-01,  2.494923834511799e-01,  1.829336716739754e+00,  2.968459280212702e+00,  2.151149283501950e+00,  2.271384577157860e+00
  2.280000000000000e+00,  4.615629410886758e-02, -3.176815641837580e-01,  1.159327288498097e-01,  8.996136418446771e-02,  8.249794978840455e-01,  4.177402051073845e-02,  5.990596172330568e-01, -1.250101137893272e-01,  2.527040834909035e-01,  1.826239565798649e+00,  2.972305320097301e+00,  2.149102699518350e+00,  2.269189932869686e+00
  2.290000000000000e+00,  4.594927102372238e-02, -3.170027065636310e-01,  1.155499403434796e-01,  8.950369546228001e-02,  8.247701583114975e-01,  4.152059259689862e-02,  5.997466472097877e-01, -1.243751688562980e-01,  2.559757832357276e-01,  1.822662483597298e+00,  2.975946148100114e+00,  2.147138188859465e+00,  2.267134020213622e+00
  2.300000000000000e+00,  4.570368672485186e-02, -3.162722610062579e-01,  1.151293900662634e-01,  8.898101963820244e-02,  8.245099157297610e-01,  4.124275567046664e-02,  6.002951849475591e-01, -1.237080660573516e-01,  2.593151162905680e-01,  1.818605594399533e+00,  2.979206194755759e+00,  2.145269187604992e+00,  2.265329782092170e+00
  2.310000000000000e+00,  4.541890093943562e-02, -3.154896444485171e-01,  1.146706787111581e-01,  8.839243927116890e-02,  8.241978924091578e-01,  4.094010270022395e-02,  6.007046897918579e-01, -1.230228175679282e-01,  2.627167597033012e-01,  1.814072533914549e+00,  2.982127757428200e+00,  2.143498984021637e+00,  2.263757794919666e+00
  2.320000000000000e+00,  4.509447000472114e-02, -3.146543737655250e-01,  1.141735412101008e-01,  8.773735954414245e-02,  8.238334994943177e-01,  4.061228516880051e-02,  6.009743183803035e-01, -1.223218922008775e-01,  2.661798608528420e-01,  1.809066791056147e+00,  2.984680833218239e+00,  2.141834639726239e+00,  2.262442341683065e+00
  2.330000000000000e+00,  4.473008545166062e-02, -3.137661378286034e-01,  1.136378539996583e-01,  8.701542460894501e-02,  8.234163313977352e-01,  4.025902198722253e-02,  6.011036000394731e-01, -1.216070130177076e-01,  2.697037507844321e-01,  1.803592670460179e+00,  2.986835152629066e+00,  2.140283510180166e+00,  2.261407651192012e+00
  2.340000000000000e+00,  4.432558788034355e-02, -3.128248146017774e-01,  1.130636474136654e-01,  8.622654007482422e-02,  8.229461845019356e-01,  3.988010814709742e-02,  6.010924904763378e-01, -1.208792534093640e-01,  2.732879080739277e-01,  1.797655337634033e+00,  2.988561064813886e+00,  2.138853191384287e+00,  2.260677303525266e+00
  2.350000000000000e+00,  4.388097922447506e-02, -3.118304860521112e-01,  1.124511161808609e-01,  8.537089246589803e-02,  8.224230736913545e-01,  3.947542268152251e-02,  6.009414174196196e-01, -1.201391071978214e-01,  2.769319303584385e-01,  1.791260855064362e+00,  2.989830126800005e+00,  2.137551477680315e+00,  2.260273825853167e+00
  2.360000000000000e+00,  4.339648283402475e-02, -3.107833620238021e-01,  1.118006082146835e-01,  8.444900853173101e-02,  8.218473367746419e-01,  3.904491971311219e-02,  6.006505761124350e-01, -1.193766486713064e-01,  2.806395584766752e-01,  1.784415358344608e+00,  2.990549227669577e+00,  2.136389356536140e+00,  2.260259431524404e+00
  2.370000000000000e+00,  4.287234692862413e-02, -3.096841420890734e-01,  1.111127056737199e-01,  8.346158549474179e-02,  8.212192749373439e-01,  3.858869708059985e-02,  6.002229473245829e-01, -1.186116694337575e-01,  2.844022679241998e-01,  1.777128494792861e+00,  2.990829019219322e+00,  2.135368712297485e+00,  2.260569952167021e+00
  2.380000000000000e+00,  4.230915799861436e-02, -3.085334965961417e-01,  1.103881171335211e-01,  8.240977276418382e-02,  8.205397166342195e-01,  3.810690852865625e-02,  5.996598357033563e-01, -1.178334219489043e-01,  2.882238648828940e-01,  1.769408336893490e+00,  2.990580853707053e+00,  2.134500679482120e+00,  2.261263975281377e+00
  2.390000000000000e+00,  4.170763362304098e-02, -3.073324142318248e-01,  1.096277476770776e-01,  8.129498372055498e-02,  8.198096438526707e-01,  3.759982636876915e-02,  5.989638580764449e-01, -1.170410148659608e-01,  2.921040047800267e-01,  1.761264780473674e+00,  2.989786499508722e+00,  2.133793285518695e+00,  2.262356183161632e+00
  2.400000000000000e+00,  4.106867243674527e-02, -3.060821180026223e-01,  1.088326791887355e-01,  8.011893832534905e-02,  8.190302819876454e-01,  3.706782909852964e-02,  5.981382137365292e-01, -1.162335953529700e-01,  2.960421769966917e-01,  1.752708726600401e+00,  2.988432342221114e+00,  2.133254389178981e+00,  2.263857954195080e+00
  2.410000000000000e+00,  4.039334989630110e-02, -3.047840613977008e-01,  1.080041646088546e-01,  7.888365403286042e-02,  8.182030936288898e-01,  3.651140183196316e-02,  5.971866636443424e-01, -1.154103545821053e-01,  3.000376826115129e-01,  1.743752082519240e+00,  2.986509213606933e+00,  2.132891614567014e+00,  2.265777446884564e+00
  2.420000000000000e+00,  3.968291124192272e-02, -3.034399229226352e-01,  1.071436202532734e-01,  7.759143239242200e-02,  8.173297682299893e-01,  3.593113578322711e-02,  5.961135038673910e-01, -1.145705987982069e-01,  3.040895802801767e-01,  1.734407767222402e+00,  2.984012684836796e+00,  2.132712254954265e+00,  2.268119401085908e+00
  2.430000000000000e+00,  3.893880660642048e-02, -3.020514963229133e-01,  1.062525888117671e-01,  7.624487501784476e-02,  8.164122930250535e-01,  3.532770574964313e-02,  5.949228441430252e-01, -1.137049827235824e-01,  3.082003714328024e-01,  1.724688688319279e+00,  2.980883154624836e+00,  2.132726156599787e+00,  2.270922311642474e+00
  2.440000000000000e+00,  3.816250166623233e-02, -3.006210947027567e-01,  1.053328398690374e-01,  7.484673195762923e-02,  8.154525974391285e-01,  3.470195290768133e-02,  5.936213597769062e-01, -1.128314829932177e-01,  3.123607571481097e-01,  1.714611856335369e+00,  2.977250580354628e+00,  2.132933558561679e+00,  2.274106572693705e+00
  2.450000000000000e+00,  3.735573619135964e-02, -2.991509118758860e-01,  1.043861883381739e-01,  7.340007987029240e-02,  8.144530511779708e-01,  3.405475212930828e-02,  5.922139668432070e-01, -1.119405937535456e-01,  3.165727574574743e-01,  1.704192223315247e+00,  2.973061670371414e+00,  2.133343235497663e+00,  2.277705720463165e+00
  2.460000000000000e+00,  3.652037619478146e-02, -2.976433130964201e-01,  1.034145618558997e-01,  7.190819707803738e-02,  8.134161902463990e-01,  3.338707013221115e-02,  5.907059963876146e-01, -1.110234871676662e-01,  3.208379143015349e-01,  1.693445291082522e+00,  2.968268701171996e+00,  2.133963830932764e+00,  2.281750457029166e+00
  2.470000000000000e+00,  3.565825355784524e-02, -2.961011817551578e-01,  1.024200870936649e-01,  7.037443516615474e-02,  8.123444150028961e-01,  3.270003598306950e-02,  5.891051167994483e-01, -1.100988547849134e-01,  3.251455613531740e-01,  1.682392011678513e+00,  2.963020784630148e+00,  2.134792044794673e+00,  2.286145640897808e+00
  2.480000000000000e+00,  3.477144253157345e-02, -2.945271959954699e-01,  1.014048793546554e-01,  6.880240097043452e-02,  8.112405289877763e-01,  3.199478805127778e-02,  5.874171245392208e-01, -1.091576595966778e-01,  3.294966560929399e-01,  1.671049908916964e+00,  2.957275266758635e+00,  2.135834880348670e+00,  2.290917831527290e+00
  2.490000000000000e+00,  3.386210521640944e-02, -2.929241805089300e-01,  1.003711340383155e-01,  6.719583816069481e-02,  8.101074449239805e-01,  3.127254815763637e-02,  5.856481283192143e-01, -1.081921699172127e-01,  3.338913180901543e-01,  1.659437606273705e+00,  2.951002211678584e+00,  2.137097917165349e+00,  2.296083595575413e+00
  2.500000000000000e+00,  3.293236623936214e-02, -2.912952766263013e-01,  9.932115033840182e-02,  6.555850114731412e-02,  8.089479648893229e-01,  3.053464482916647e-02,  5.838055705983487e-01, -1.072113776374840e-01,  3.383220929367953e-01,  1.647576389812184e+00,  2.944283940713818e+00,  2.138580694101821e+00,  2.301594232348390e+00
  2.510000000000000e+00,  3.198438934286473e-02, -2.896438095769926e-01,  9.825730093326997e-02,  6.389422110860425e-02,  8.077649181420685e-01,  2.978249294838918e-02,  5.818970227567608e-01, -1.062269647004004e-01,  3.427797126652269e-01,  1.635491817169114e+00,  2.937241196603531e+00,  2.140275913809649e+00,  2.307365233139420e+00
  2.520000000000000e+00,  3.102051085679559e-02, -2.879728700923610e-01,  9.718190113526548e-02,  6.220697744816057e-02,  8.065614316288072e-01,  2.901750112535869e-02,  5.799286837985499e-01, -1.052295526217392e-01,  3.472640255842047e-01,  1.623204212453763e+00,  2.929834144731291e+00,  2.142187944580829e+00,  2.313421780671491e+00
  2.530000000000000e+00,  3.004303667429369e-02, -2.862857652191580e-01,  9.609732486400939e-02,  6.050073950458762e-02,  8.053405462430241e-01,  2.824116098177909e-02,  5.779074330058437e-01, -1.042200107798645e-01,  3.517699866262083e-01,  1.610737242138618e+00,  2.922100882427764e+00,  2.144314530433582e+00,  2.319736940042322e+00
  2.540000000000000e+00,  2.905440724777992e-02, -2.845856732727546e-01,  9.500591767846701e-02,  5.877959860171734e-02,  8.041055236742504e-01,  2.745498512834591e-02,  5.758393996341322e-01, -1.031862340879285e-01,  3.562981498084075e-01,  1.598110740022989e+00,  2.913977744464583e+00,  2.146661558751117e+00,  2.326353325843945e+00
  2.550000000000000e+00,  2.805670466072333e-02, -2.828764222565944e-01,  9.391014418651207e-02,  5.704730599635032e-02,  8.028589677961356e-01,  2.666061774672109e-02,  5.737329431344170e-01, -1.021588728324361e-01,  3.608292315159951e-01,  1.585360087843563e+00,  2.905739233528154e+00,  2.149203624080425e+00,  2.333082255579413e+00
  2.560000000000000e+00,  2.705238771237220e-02, -2.811612371488944e-01,  9.281232732446211e-02,  5.530793731583789e-02,  8.016041481590290e-01,  2.585964314388086e-02,  5.715938068668051e-01, -1.011238740748511e-01,  3.653639816387333e-01,  1.572506295851165e+00,  2.897309749963462e+00,  2.151944800719763e+00,  2.339973515126254e+00
  2.570000000000000e+00,  2.604378893797454e-02, -2.794435635185707e-01,  9.171481195359248e-02,  5.356542910193062e-02,  8.003440987178877e-01,  2.505370785863041e-02,  5.694284219390756e-01, -1.000816913148810e-01,  3.698962885813668e-01,  1.559575765942215e+00,  2.888727573021697e+00,  2.154878018584115e+00,  2.346998683194077e+00
  2.580000000000000e+00,  2.503321861068798e-02, -2.777268650399861e-01,  9.061991727702076e-02,  5.182366658056949e-02,  7.990818088039918e-01,  2.424448556525471e-02,  5.672431003223614e-01, -9.903361027410167e-02,  3.744193946177813e-01,  1.546595640584079e+00,  2.880037001045481e+00,  2.157994467121156e+00,  2.354125259566163e+00
  2.590000000000000e+00,  2.402296465911377e-02, -2.760146001166473e-01,  8.952992713720281e-02,  5.008647804398680e-02,  7.978202263605828e-01,  2.343366971730335e-02,  5.650439759315722e-01, -9.798092984641454e-02,  3.789262988516017e-01,  1.533593475621889e+00,  2.871281898659349e+00,  2.161284083550818e+00,  2.361320781599588e+00
  2.600000000000000e+00,  2.301534474606162e-02, -2.743103163527050e-01,  8.844714898419791e-02,  4.835772595779102e-02,  7.965623215432418e-01,  2.262301721703945e-02,  5.628367994124552e-01, -9.692358001942092e-02,  3.834099016418655e-01,  1.520600367281953e+00,  2.862518388587888e+00,  2.164730382550842e+00,  2.368530300305521e+00
  2.610000000000000e+00,  2.201244923485877e-02, -2.726172209433194e-01,  8.737364067143148e-02,  4.664086798396226e-02,  7.953107648287203e-01,  2.181414240090784e-02,  5.606277383960323e-01, -9.586663552938467e-02,  3.878621545758265e-01,  1.507637996350431e+00,  2.853768240763225e+00,  2.168331036576562e+00,  2.375765099827010e+00
  2.620000000000000e+00,  2.101653954747468e-02, -2.709387772337721e-01,  8.631160694209083e-02,  4.493962294083339e-02,  7.940684366338431e-01,  2.100881303179138e-02,  5.584221096715130e-01, -9.480860275847662e-02,  3.922763275544607e-01,  1.494737362353011e+00,  2.845074850694034e+00,  2.172068015521639e+00,  2.382976881149999e+00
  2.630000000000000e+00,  2.002975264170139e-02, -2.692782968988688e-01,  8.526312145139246e-02,  4.325748651881373e-02,  7.928380433966111e-01,  2.020874003204133e-02,  5.562252741792900e-01, -9.375062731082393e-02,  3.966449477828813e-01,  1.481926283589649e+00,  2.836474450108193e+00,  2.175927096908860e+00,  2.390137413460397e+00
  2.640000000000000e+00,  1.905417060692978e-02, -2.676390230148472e-01,  8.423018841823129e-02,  4.159784388911047e-02,  7.916222101715764e-01,  1.941562135227578e-02,  5.540424036736100e-01, -9.269391739569785e-02,  4.009605015626135e-01,  1.469232311104237e+00,  2.828001085459212e+00,  2.179893204110724e+00,  2.397219814442248e+00
  2.650000000000000e+00,  1.809181451080184e-02, -2.660241155342918e-01,  8.321473580562570e-02,  3.996395972085603e-02,  7.904234737995824e-01,  1.863113421562258e-02,  5.518784819000866e-01, -9.163971035085182e-02,  4.052155050229818e-01,  1.456682564755042e+00,  2.819686028433949e+00,  2.183950555216237e+00,  2.404198949123140e+00
  2.660000000000000e+00,  1.714463771388235e-02, -2.644366374200776e-01,  8.221860876843688e-02,  3.835896786270826e-02,  7.892442752777890e-01,  1.785692720309050e-02,  5.497383090280475e-01, -9.058929051626699e-02,  4.094025523796966e-01,  1.444303585337972e+00,  2.811557587142052e+00,  2.188082788796279e+00,  2.411051590306156e+00
  2.670000000000000e+00,  1.621451936667286e-02, -2.628795411401670e-01,  8.124356348023307e-02,  3.678586153306748e-02,  7.880869524621306e-01,  1.709461231330235e-02,  5.476265077032559e-01, -8.954401215058640e-02,  4.135143622224386e-01,  1.432121190652358e+00,  2.803640991150406e+00,  2.192273094367225e+00,  2.417756532036938e+00
  2.680000000000000e+00,  1.530325795496297e-02, -2.613556555457072e-01,  8.029126127735835e-02,  3.524748382455474e-02,  7.869537328909714e-01,  1.634575698648760e-02,  5.455475286722343e-01, -8.850532431992748e-02,  4.175438215168455e-01,  1.420160336906305e+00,  2.795958346382169e+00,  2.196504350010460e+00,  2.424294660788104e+00
  2.690000000000000e+00,  1.441256447681888e-02, -2.598676727074634e-01,  7.936326277437246e-02,  3.374651785677915e-02,  7.858467261619579e-01,  1.561187585481506e-02,  5.435056529013313e-01, -8.747479361452315e-02,  4.214840282934275e-01,  1.408444987985497e+00,  2.788528664662744e+00,  2.200759262329707e+00,  2.430648979487598e+00
  2.700000000000000e+00,  1.354405551300197e-02, -2.584181350045897e-01,  7.846102214499595e-02,  3.228547696521817e-02,  7.847679162059862e-01,  1.489442240798967e-02,  5.415049902704462e-01, -8.645412065863682e-02,  4.253283339473792e-01,  1.396997993985979e+00,  2.781367946056656e+00,  2.205020504605354e+00,  2.436804594917514e+00
  2.710000000000000e+00,  1.269924679682206e-02, -2.570094231971943e-01,  7.758588205787102e-02,  3.086669585422072e-02,  7.837191542470983e-01,  1.419478101295872e-02,  5.395494768191746e-01, -8.544514913156670e-02,  4.290703847399416e-01,  1.385840978707375e+00,  2.774489286301369e+00,  2.209270854178996e+00,  2.442748686195416e+00
  2.720000000000000e+00,  1.187954726160273e-02, -2.556437455632807e-01,  7.673906926094674e-02,  2.949232267014033e-02,  7.827021523889763e-01,  1.351425934000377e-02,  5.376428693823837e-01, -8.444986554274220e-02,  4.327041621131067e-01,  1.374994236395833e+00,  2.767903004646596e+00,  2.213493330352516e+00,  2.448470457889729e+00
  2.730000000000000e+00,  1.108625339815444e-02, -2.543231281497197e-01,  7.592169074520677e-02,  2.816431175288091e-02,  7.817184775514514e-01,  1.285408118981984e-02,  5.357887350621041e-01, -8.347038755107004e-02,  4.362240207447988e-01,  1.364476639686089e+00,  2.761616796977105e+00,  2.217671331174270e+00,  2.453961071864045e+00
  2.740000000000000e+00,  1.032054417954818e-02, -2.530494065599384e-01,  7.513473072100488e-02,  2.688441746280526e-02,  7.807695460621742e-01,  1.221537996470243e-02,  5.339904359279274e-01, -8.250894117738833e-02,  4.396247230692729e-01,  1.354305559648739e+00,  2.755635906637234e+00,  2.221788766716529e+00,  2.459213560416845e+00
  2.750000000000000e+00,  9.583476765547662e-03, -2.518242193162287e-01,  7.437904846546059e-02,  2.565418933283542e-02,  7.798566192008649e-01,  1.159919289737735e-02,  5.322511112010755e-01, -8.156782939601269e-02,  4.429014706434415e-01,  1.344496797072490e+00,  2.749963306595771e+00,  2.225830186030738e+00,  2.464222725471894e+00
  2.760000000000000e+00,  8.875984264117301e-03, -2.506495836603012e-01,  7.365561346371291e-02,  2.447509822972634e-02,  7.789807064376981e-01,  1.100663523124767e-02,  5.305729328661989e-01, -8.065752754956740e-02,  4.460438637285501e-01,  1.335076383834074e+00,  2.744702625742276e+00,  2.229761609752150e+00,  2.468906297893234e+00
  2.770000000000000e+00,  8.198843009332390e-03, -2.495255453761217e-01,  7.296454070417462e-02,  2.334797733117431e-02,  7.781429019973325e-01,  1.043816403504442e-02,  5.289599467319013e-01, -7.976450870806773e-02,  4.490600775964100e-01,  1.326033134896599e+00,  2.739649438604990e+00,  2.233607616458698e+00,  2.473419621885535e+00
  2.780000000000000e+00,  7.552773825858947e-03, -2.484537090983365e-01,  7.230656301168827e-02,  2.227393524808314e-02,  7.773439604164099e-01,  9.894695916316474e-03,  5.274138888559712e-01, -7.889784311666609e-02,  4.519413816818110e-01,  1.317388897975701e+00,  2.734892938945576e+00,  2.237337503658261e+00,  2.477689015148686e+00
  2.790000000000000e+00,  6.938301063665289e-03, -2.474349010068541e-01,  7.168203295828217e-02,  2.125365790479021e-02,  7.765844674076559e-01,  9.376839426196220e-03,  5.259367884788391e-01, -7.806065813522875e-02,  4.546845079111456e-01,  1.309153381385940e+00,  2.730437225713559e+00,  2.240938268931744e+00,  2.481709930406061e+00
  2.800000000000000e+00,  6.355831614903708e-03, -2.464697163928564e-01,  7.109117464792035e-02,  2.028763406671888e-02,  7.758648703652877e-01,  8.885087711665780e-03,  5.245304047023045e-01, -7.725516066861049e-02,  4.572871865286918e-01,  1.301333905170886e+00,  2.726277762115039e+00,  2.244399071192766e+00,  2.485483661228532e+00
  2.810000000000000e+00,  5.805640656315589e-03, -2.455585339554317e-01,  7.053408589202383e-02,  1.937614141066596e-02,  7.751854552933793e-01,  8.419816654551335e-03,  5.231961832210736e-01, -7.648333072417123e-02,  4.597477664408616e-01,  1.293935934597804e+00,  2.722408184383194e+00,  2.247710342982363e+00,  2.489013001229988e+00
  2.820000000000000e+00,  5.287870824242626e-03, -2.447015178813223e-01,  7.001073991119719e-02,  1.851924717175407e-02,  7.745463459473614e-01,  7.981283826695908e-03,  5.219352451601744e-01, -7.574696415907217e-02,  4.620651871629263e-01,  1.286963125049944e+00,  2.718821108673288e+00,  2.250863746257371e+00,  2.492301731839302e+00
  2.830000000000000e+00,  4.802533136198790e-03, -2.438986193602083e-01,  6.952098723650064e-02,  1.771681074515977e-02,  7.739475056251184e-01,  7.569628045988773e-03,  5.207483807246155e-01, -7.504765398134135e-02,  4.642389826012367e-01,  1.280417325698988e+00,  2.715508339820280e+00,  2.253852201628125e+00,  2.495354484995681e+00
  2.840000000000000e+00,  4.349508545516212e-03, -2.431495787329247e-01,  6.906455790776403e-02,  1.696848705518387e-02,  7.733887397234749e-01,  7.184869541728460e-03,  5.196360454441816e-01, -7.438676900513426e-02,  4.662692850102454e-01,  1.274298585028359e+00,  2.712461005825347e+00,  2.256669915760091e+00,  2.498176651869335e+00
  2.850000000000000e+00,  3.928550198691198e-03, -2.424539286881073e-01,  6.864106415957730e-02,  1.627373087139244e-02,  7.728696990918580e-01,  6.826910885218202e-03,  5.185983595268494e-01, -7.376543666034040e-02,  4.681568250515968e-01,  1.268605161836204e+00,  2.709669666045006e+00,  2.259312399481479e+00,  2.500774307988602e+00
  2.860000000000000e+00,  3.539285996408167e-03, -2.418109980740611e-01,  6.825000328584480e-02,  1.563180146167919e-02,  7.723898836496335e-01,  6.495538415670962e-03,  5.176351082093692e-01, -7.318452870813122e-02,  4.699029284744761e-01,  1.263333541747443e+00,  2.707124405901379e+00,  2.261776476130668e+00,  2.503154145634065e+00
  2.870000000000000e+00,  3.181220961162252e-03, -2.412199156641348e-01,  6.789076025402375e-02,  1.504176680446480e-02,  7.719486456289918e-01,  6.190423781284336e-03,  5.167457408243696e-01, -7.264464761621389e-02,  4.715095110658731e-01,  1.258478459148956e+00,  2.704814928347762e+00,  2.264060280621863e+00,  2.505323406033181e+00
  2.880000000000000e+00,  2.853739650061336e-03, -2.406796141007755e-01,  6.756261025062442e-02,  1.450250772678496e-02,  7.715451927672208e-01,  5.911125735911173e-03,  5.159293703092092e-01, -7.214611517434850e-02,  4.729790716549600e-01,  1.254032923903285e+00,  2.702730637440950e+00,  2.266163249977393e+00,  2.507289814798940e+00
  2.890000000000000e+00,  2.556109044414096e-03, -2.401888345139478e-01,  6.726472151309792e-02,  1.401272264214819e-02,  7.711785920181138e-01,  5.657092482838606e-03,  5.151847757850422e-01, -7.168896595557712e-02,  4.743146822050022e-01,  1.249988251685900e+00,  2.700860703965729e+00,  2.268086105834357e+00,  2.509061527776955e+00
  2.900000000000000e+00,  2.287481815443806e-03, -2.397461316597820e-01,  6.699615836155075e-02,  1.357093273648057e-02,  7.708477736608228e-01,  5.427664474193180e-03,  5.145104079649367e-01, -7.127294549020687e-02,  4.755199754216174e-01,  1.246334096846512e+00,  2.699194111049681e+00,  2.269830829410010e+00,  2.510647089297291e+00
  2.910000000000000e+00,  2.046918722696544e-03, -2.393500766145333e-01,  6.675596965095919e-02,  1.317555378382951e-02,  7.705515314858781e-01,  5.222144666905582e-03,  5.139044083528912e-01, -7.090051550083493e-02,  4.765971615052102e-01,  1.243058583551274e+00,  2.697731118666090e+00,  2.271403615687612e+00,  2.512061001923406e+00
  2.920000000000000e+00,  1.833308792565990e-03, -2.389984553057730e-01,  6.654284056656111e-02,  1.282462199068112e-02,  7.702885349735853e-01,  5.039525073685118e-03,  5.133645417919614e-01, -7.056469181783803e-02,  4.775549968555001e-01,  1.240148204570519e+00,  2.696438526641321e+00,  2.272802087416560e+00,  2.513298989343993e+00
  2.930000000000000e+00,  1.645514621834015e-03, -2.386895071832573e-01,  6.635563724959087e-02,  1.251624505025454e-02,  7.700573431442964e-01,  4.878918104372540e-03,  5.128883829650475e-01, -7.026732168928687e-02,  4.783967489464950e-01,  1.237587441980644e+00,  2.695312947665955e+00,  2.274036040946824e+00,  2.514380213978921e+00
  2.940000000000000e+00,  1.482260962774982e-03, -2.384211027161123e-01,  6.619303917313843e-02,  1.224828233853688e-02,  7.698563725776456e-01,  4.739265848933460e-03,  5.124731206465406e-01, -7.000725011890985e-02,  4.791280042163706e-01,  1.235359914744819e+00,  2.694345112685551e+00,  2.275111696737631e+00,  2.515313000346963e+00
  2.950000000000000e+00,  1.342179043004885e-03, -2.381909479830933e-01,  6.605363548942245e-02,  1.201844514787865e-02,  7.696839300120732e-01,  4.619419012179722e-03,  5.121156727477856e-01, -6.978287644902567e-02,  4.797549382594620e-01,  1.233447569001824e+00,  2.693523638339979e+00,  2.276036662116658e+00,  2.516107296865787e+00
  2.960000000000000e+00,  1.223805673864534e-03, -2.379965945311688e-01,  6.593592800821524e-02,  1.182429691400417e-02,  7.695382090754533e-01,  4.518140367712910e-03,  5.118126747163982e-01, -6.959232832344787e-02,  4.802841963427180e-01,  1.231830907815224e+00,  2.692836807645416e+00,  2.276819550175876e+00,  2.516773463782460e+00
  2.970000000000000e+00,  1.125585432852793e-03, -2.378354448871166e-01,  6.583833344419894e-02,  1.166325645288061e-02,  7.694172923257832e-01,  4.434107996101651e-03,  5.115604834807960e-01, -6.943349372487738e-02,  4.807228611321271e-01,  1.230489055294644e+00,  2.692272774236098e+00,  2.277469885917393e+00,  2.517322135489271e+00
  2.980000000000000e+00,  1.046685394272294e-03, -2.377061855663605e-01,  6.576003041948006e-02,  1.153395309579560e-02,  7.693201378577167e-01,  4.366642974288097e-03,  5.113566681406294e-01, -6.930476621581630e-02,  4.810743271046513e-01,  1.229412991203782e+00,  2.691839621689079e+00,  2.277986435833919e+00,  2.517739843420689e+00
  2.990000000000000e+00,  9.839166166249857e-04, -2.376033459912044e-01,  6.569774492167753e-02,  1.143109677654459e-02,  7.692428539632857e-01,  4.312955705367895e-03,  5.111946236127238e-01, -6.920269553404672e-02,  4.813539290242577e-01,  1.228554950281713e+00,  2.691484754602663e+00,  2.278403385177838e+00,  2.518088384694328e+00
  3.000000000000000e+00,  9.329059488244691e-04, -2.375198209011128e-01,  6.564715442313433e-02,  1.134752658278495e-02,  7.691800427863253e-01,  4.269332073160680e-03,  5.110625852696787e-01, -6.911936503409355e-02,  4.815809460138826e-01,  1.227857445931967e+00,  2.691197858908060e+00,  2.278742480602890e+00,  2.518370547562836e+00
