Main.Studies.MarkerTracking.t,Main.Studies.MarkerTracking.JointAngleOutputs.OutputFile_LeftLeg.HipFlexion,Main.Studies.MarkerTracking.JointAngleOutputs.OutputFile_LeftLeg.HipAbduction,Main.Studies.MarkerTracking.JointAngleOutputs.OutputFile_LeftLeg.HipExternalRotation,Main.Studies.MarkerTracking.JointAngleOutputs.OutputFile_LeftLeg.KneeFlexion,Main.Studies.MarkerTracking.JointAngleOutputs.OutputFile_LeftLeg.AnklePlantarFlexion,Main.Studies.MarkerTracking.JointAngleOutputs.OutputFile_LeftLeg.SubTalarEversion
  1.000000000000000e+00,  1.385372301010639e+00,  2.287074855139279e-01, -2.657117162255689e-03,  1.667050621521871e+00, -1.181605427613352e-02, -1.239363324130159e-01
  1.010000000000000e+00,  1.385569611005996e+00,  2.277113911408781e-01, -2.929641649559986e-03,  1.666645015524956e+00, -1.185323718275114e-02, -1.234065339529869e-01
  1.020000000000000e+00,  1.385774469800233e+00,  2.266717247489536e-01, -3.216018479544439e-03,  1.666226365462761e+00, -1.188968615078452e-02, -1.228628884221025e-01
  1.030000000000000e+00,  1.385988565254030e+00,  2.255730957828301e-01, -3.520540753720408e-03,  1.665790127771803e+00, -1.192542276624713e-02, -1.223001393278489e-01
  1.040000000000000e+00,  1.386212438713678e+00,  2.244105096277176e-01, -3.844726891778280e-03,  1.665335046367405e+00, -1.196028157439118e-02, -1.217171114395257e-01
  1.050000000000000e+00,  1.386445732423172e+00,  2.231845459347341e-01, -4.187888370727380e-03,  1.664861669112040e+00, -1.199411969839885e-02, -1.211144871799484e-01
  1.060000000000000e+00,  1.386688399360372e+00,  2.218935688806889e-01, -4.550126722685568e-03,  1.664369862747813e+00, -1.202677732020523e-02, -1.204922363450082e-01
  1.070000000000000e+00,  1.386940370618569e+00,  2.205359502370965e-01, -4.931501602319489e-03,  1.663859523173338e+00, -1.205808453099618e-02, -1.198503606335422e-01
  1.080000000000000e+00,  1.387201556544454e+00,  2.191100793772909e-01, -5.332031012005308e-03,  1.663330578229626e+00, -1.208786173430842e-02, -1.191888972225916e-01
  1.090000000000000e+00,  1.387471849621819e+00,  2.176143759624409e-01, -5.751694452830223e-03,  1.662782991050752e+00, -1.211591986382620e-02, -1.185079258493603e-01
  1.100000000000000e+00,  1.387751127720285e+00,  2.160472984534381e-01, -6.190435889885439e-03,  1.662216762699860e+00, -1.214206114333165e-02, -1.178075744683585e-01
  1.110000000000000e+00,  1.388039257867905e+00,  2.144073499043759e-01, -6.648166167041818e-03,  1.661631934213714e+00, -1.216608009553023e-02, -1.170880225725233e-01
  1.120000000000000e+00,  1.388336100406494e+00,  2.126930830479252e-01, -7.124765187162492e-03,  1.661028588183198e+00, -1.218776416500970e-02, -1.163495025277724e-01
  1.130000000000000e+00,  1.388641512994816e+00,  2.109031047010781e-01, -7.620084006035851e-03,  1.660406849903777e+00, -1.220689414650142e-02, -1.155922999040981e-01
  1.140000000000000e+00,  1.388954273697681e+00,  2.090375396549944e-01, -8.134469609184054e-03,  1.659766845751026e+00, -1.222309855634192e-02, -1.148177821504245e-01
  1.150000000000000e+00,  1.389276022743084e+00,  2.070920197997839e-01, -8.666501876907179e-03,  1.659108766531313e+00, -1.223647282919031e-02, -1.140241621984246e-01
  1.160000000000000e+00,  1.389605869334556e+00,  2.050669166100036e-01, -9.216616106031623e-03,  1.658432915511196e+00, -1.224660536861110e-02, -1.132129979700515e-01
  1.170000000000000e+00,  1.389943693957286e+00,  2.029610793539005e-01, -9.784569336049541e-03,  1.657739596510222e+00, -1.225325412305394e-02, -1.123847740543740e-01
  1.180000000000000e+00,  1.390289393606841e+00,  2.007734431048795e-01, -1.037010757593314e-02,  1.657029160750342e+00, -1.225617203780927e-02, -1.115400267621620e-01
  1.190000000000000e+00,  1.390642883337964e+00,  1.985030408242534e-01, -1.097297143810954e-02,  1.656302007310284e+00, -1.225510678487242e-02, -1.106793460627144e-01
  1.200000000000000e+00,  1.391005745609688e+00,  1.961493080443626e-01, -1.159380757682157e-02,  1.655559033784460e+00, -1.224969868098221e-02, -1.098035330271591e-01
  1.210000000000000e+00,  1.391374949659009e+00,  1.937110511559086e-01, -1.223072611946106e-02,  1.654799924623984e+00, -1.223985398821900e-02, -1.089130732357581e-01
  1.220000000000000e+00,  1.391751820941689e+00,  1.911877861313533e-01, -1.288420221021534e-02,  1.654025581805324e+00, -1.222522708407303e-02, -1.080087552845021e-01
  1.230000000000000e+00,  1.392136328903031e+00,  1.885789995413190e-01, -1.355397152749317e-02,  1.653236585981919e+00, -1.220554069447288e-02, -1.070913530717233e-01
  1.240000000000000e+00,  1.392528447796388e+00,  1.858843146304745e-01, -1.423976803123517e-02,  1.652433559939804e+00, -1.218051565752003e-02, -1.061616788600174e-01
  1.250000000000000e+00,  1.392928151410442e+00,  1.831034999777745e-01, -1.494132365109237e-02,  1.651617166309866e+00, -1.214987486056550e-02, -1.052205812390567e-01
  1.260000000000000e+00,  1.393333931555788e+00,  1.802358128437596e-01, -1.565764745980360e-02,  1.650787692918612e+00, -1.211347317996050e-02, -1.042684439832109e-01
  1.270000000000000e+00,  1.393748483423646e+00,  1.772825733124361e-01, -1.638979059981185e-02,  1.649946643123249e+00, -1.207081385677644e-02, -1.033071133577310e-01
  1.280000000000000e+00,  1.394170475612767e+00,  1.742434629550396e-01, -1.713686044124180e-02,  1.649094432588745e+00, -1.202176225121224e-02, -1.023371076789185e-01
  1.290000000000000e+00,  1.394599829539798e+00,  1.711189081060762e-01, -1.789857046038077e-02,  1.648231867076871e+00, -1.196609163983084e-02, -1.013593961956805e-01
  1.300000000000000e+00,  1.395036443268292e+00,  1.679095116409350e-01, -1.867462617990836e-02,  1.647359784419097e+00, -1.190359517133868e-02, -1.003749651449740e-01
  1.310000000000000e+00,  1.395480188811695e+00,  1.646160544524859e-01, -1.946472450357338e-02,  1.646479052860381e+00, -1.183408668212488e-02, -9.938481438935237e-02
  1.320000000000000e+00,  1.395930909990186e+00,  1.612394967447903e-01, -2.026855383664213e-02,  1.645590569311819e+00, -1.175740083125614e-02, -9.838995571961347e-02
  1.330000000000000e+00,  1.396388421050456e+00,  1.577809781171933e-01, -2.108579414303578e-02,  1.644695256913844e+00, -1.167339180374049e-02, -9.739141167924681e-02
  1.340000000000000e+00,  1.396853624444291e+00,  1.542423267576958e-01, -2.191681073462387e-02,  1.643794373225282e+00, -1.158184022088976e-02, -9.639060245398759e-02
  1.350000000000000e+00,  1.397324048240824e+00,  1.506240183409076e-01, -2.275988797764602e-02,  1.642888260873196e+00, -1.148281675028269e-02, -9.538779723231801e-02
  1.360000000000000e+00,  1.397800509367981e+00,  1.469282358306847e-01, -2.361534562991640e-02,  1.641978211675857e+00, -1.137613602024704e-02, -9.438443244014298e-02
  1.370000000000000e+00,  1.398282709383343e+00,  1.431568430244519e-01, -2.448281552414048e-02,  1.641065226252766e+00, -1.126172070873721e-02, -9.338157511524701e-02
  1.380000000000000e+00,  1.398770327887450e+00,  1.393118899255656e-01, -2.536190790730081e-02,  1.640150318517080e+00, -1.113951228416925e-02, -9.238030408270262e-02
  1.390000000000000e+00,  1.399262035638447e+00,  1.353951767973007e-01, -2.625155205449061e-02,  1.639234257591462e+00, -1.100955155533656e-02, -9.138137371962993e-02
  1.400000000000000e+00,  1.399759517373216e+00,  1.314100269005343e-01, -2.715262966881820e-02,  1.638318605985915e+00, -1.087165599068996e-02, -9.038658059114021e-02
  1.410000000000000e+00,  1.400261348544118e+00,  1.273585840105960e-01, -2.806394817898564e-02,  1.637404117808464e+00, -1.072591185159867e-02, -8.939668256105490e-02
  1.420000000000000e+00,  1.400767913400091e+00,  1.232439830564538e-01, -2.898545640292155e-02,  1.636491996730434e+00, -1.057227690544529e-02, -8.841307121902404e-02
  1.430000000000000e+00,  1.401277197143567e+00,  1.190684727743074e-01, -2.991542067386945e-02,  1.635582882717491e+00, -1.041093567216985e-02, -8.743632976452785e-02
  1.440000000000000e+00,  1.401789662204188e+00,  1.148355800551804e-01, -3.085369892922338e-02,  1.634677993275457e+00, -1.024188591401952e-02, -8.646790303814186e-02
  1.450000000000000e+00,  1.402304926439688e+00,  1.105486279998640e-01, -3.179948910001242e-02,  1.633778324132490e+00, -1.006521905200332e-02, -8.550895691848601e-02
  1.460000000000000e+00,  1.402822623555001e+00,  1.062111093417368e-01, -3.275190220378996e-02,  1.632884853910990e+00, -9.881047755516693e-03, -8.456066820144317e-02
  1.470000000000000e+00,  1.403342409848066e+00,  1.018266813538620e-01, -3.370995770875525e-02,  1.631998540209691e+00, -9.689505784952621e-03, -8.362422224890925e-02
  1.480000000000000e+00,  1.403863972982647e+00,  9.739915988717907e-02, -3.467258473878592e-02,  1.631120316838205e+00, -9.490748013043318e-03, -8.270081052459564e-02
  1.490000000000000e+00,  1.404386758629831e+00,  9.293239786840757e-02, -3.563807271106877e-02,  1.630250805698358e+00, -9.284987505612718e-03, -8.179148614321026e-02
  1.500000000000000e+00,  1.404911103843603e+00,  8.843072816879460e-02, -3.660621698385777e-02,  1.629391418452319e+00, -9.072349891705743e-03, -8.089770925411001e-02
  1.510000000000000e+00,  1.405436565125077e+00,  8.389828557019952e-02, -3.757523293316811e-02,  1.628542758080818e+00, -8.853082818231864e-03, -8.002053150155422e-02
  1.520000000000000e+00,  1.405963030885221e+00,  7.933944082800015e-02, -3.854375063139477e-02,  1.627705642866358e+00, -8.627420469096337e-03, -7.916111830541107e-02
  1.530000000000000e+00,  1.406490378433866e+00,  7.475865194443831e-02, -3.951010638947573e-02,  1.626880740469762e+00, -8.395633049363841e-03, -7.832056687024577e-02
  1.540000000000000e+00,  1.407002951880809e+00,  7.012308823716595e-02, -4.046194084205627e-02,  1.626057336068251e+00, -8.152553229890003e-03, -7.748147057270910e-02
  1.550000000000000e+00,  1.385780781914326e+00,  1.003930934069919e-02, -2.794159573819215e-02,  1.606987081038724e+00,  1.940705175931861e-03, -5.011725519356357e-02
  1.560000000000000e+00,  1.375745189108489e+00, -2.561585520635634e-02, -2.484930403274541e-02,  1.594891368200372e+00,  9.803929255213888e-03, -3.566004073419964e-02
  1.570000000000000e+00,  1.376419979503420e+00, -2.992156513346900e-02, -2.600597652523388e-02,  1.594157562986870e+00,  1.011270317524632e-02, -3.512610940400430e-02
  1.580000000000000e+00,  1.377083595539335e+00, -3.422291249744114e-02, -2.713884587165235e-02,  1.593441101706810e+00,  1.041897430102653e-02, -3.461510955794485e-02
  1.590000000000000e+00,  1.377732434285543e+00, -3.852717616038115e-02, -2.824568101574295e-02,  1.592738203760699e+00,  1.072565746020548e-02, -3.412256910482261e-02
  1.600000000000000e+00,  1.378366971135943e+00, -4.282976231230551e-02, -2.932509242428737e-02,  1.592049277155408e+00,  1.103247240133219e-02, -3.364894942420678e-02
  1.610000000000000e+00,  1.378987731971269e+00, -4.712599160356601e-02, -3.037581433392311e-02,  1.591374701766878e+00,  1.133913621958437e-02, -3.319466533930516e-02
  1.620000000000000e+00,  1.379595015818234e+00, -5.141104893160509e-02, -3.139693853596116e-02,  1.590715045073326e+00,  1.164533891363696e-02, -3.276013258084228e-02
  1.630000000000000e+00,  1.380189341179635e+00, -5.568011102496406e-02, -3.238745595919994e-02,  1.590070636681837e+00,  1.195078851878920e-02, -3.234566706617335e-02
  1.640000000000000e+00,  1.380771138006115e+00, -5.992828299796016e-02, -3.334656796479542e-02,  1.589441845574624e+00,  1.225517981181455e-02, -3.195154529554146e-02
  1.650000000000000e+00,  1.381340895931796e+00, -6.415064746551558e-02, -3.427354958430778e-02,  1.588828944915818e+00,  1.255820686573731e-02, -3.157796963101189e-02
  1.660000000000000e+00,  1.381898806464753e+00, -6.834220358785115e-02, -3.516802096835128e-02,  1.588232389320599e+00,  1.285953543220345e-02, -3.122513334930770e-02
  1.670000000000000e+00,  1.382445264427253e+00, -7.249799165950876e-02, -3.602954775876142e-02,  1.587652405883129e+00,  1.315884255231184e-02, -3.089312026236604e-02
  1.680000000000000e+00,  1.382980533391084e+00, -7.661303747944870e-02, -3.685790702717908e-02,  1.587089261584260e+00,  1.345579151385931e-02, -3.058196768588932e-02
  1.690000000000000e+00,  1.383504909895182e+00, -8.068240246959846e-02, -3.765297704322001e-02,  1.586543140208567e+00,  1.375004602905475e-02, -3.029163391118824e-02
  1.700000000000000e+00,  1.384018371925427e+00, -8.470113796654744e-02, -3.841490300665086e-02,  1.586014373464081e+00,  1.404124863526570e-02, -3.002205626212679e-02
  1.710000000000000e+00,  1.384521114029936e+00, -8.866439898269607e-02, -3.914382438296166e-02,  1.585503084933046e+00,  1.432905917732949e-02, -2.977306154545262e-02
  1.720000000000000e+00,  1.385013178158255e+00, -9.256739233393474e-02, -3.984005491407422e-02,  1.585009437106524e+00,  1.461313086544111e-02, -2.954443221023551e-02
  1.730000000000000e+00,  1.385494575025112e+00, -9.640541039274209e-02, -4.050401715346295e-02,  1.584533554454662e+00,  1.489311862072905e-02, -2.933589131516199e-02
  1.740000000000000e+00,  1.385965238026673e+00, -1.001738329820918e-01, -4.113624522140783e-02,  1.584075553689434e+00,  1.516867486254880e-02, -2.914711441940252e-02
  1.750000000000000e+00,  1.386425080032496e+00, -1.038681440548439e-01, -4.173735717657973e-02,  1.583635515538615e+00,  1.543945202938181e-02, -2.897772451757940e-02
  1.760000000000000e+00,  1.386873962185562e+00, -1.074839347689300e-01, -4.230805061223928e-02,  1.583213506785960e+00,  1.570509998700578e-02, -2.882730119659217e-02
  1.770000000000000e+00,  1.387311705086180e+00, -1.110169135742676e-01, -4.284908722859442e-02,  1.582809577290225e+00,  1.596526659512180e-02, -2.869538420566756e-02
  1.780000000000000e+00,  1.387738092844253e+00, -1.144629157990826e-01, -4.336128069725018e-02,  1.582423761290734e+00,  1.621959859258922e-02, -2.858147771863670e-02
  1.790000000000000e+00,  1.388152878580717e+00, -1.178179133182797e-01, -4.384548531284260e-02,  1.582056078807024e+00,  1.646774353774915e-02, -2.848505393797807e-02
  1.800000000000000e+00,  1.388555790742668e+00, -1.210780233928785e-01, -4.430258506379766e-02,  1.581706537076388e+00,  1.670935256069715e-02, -2.840555633645506e-02
  1.810000000000000e+00,  1.388946539020161e+00, -1.242395168989783e-01, -4.473348277385117e-02,  1.581375131869682e+00,  1.694408347619831e-02, -2.834240248100717e-02
  1.820000000000000e+00,  1.389324819432916e+00, -1.272988268354547e-01, -4.513908954166019e-02,  1.581061848587342e+00,  1.717160380488605e-02, -2.829498655164938e-02
  1.830000000000000e+00,  1.389690319041330e+00, -1.302525570850583e-01, -4.552031565468787e-02,  1.580766663180170e+00,  1.739159338781957e-02, -2.826268192070175e-02
  1.840000000000000e+00,  1.390042721001461e+00, -1.330974901874122e-01, -4.587806404184920e-02,  1.580489542951555e+00,  1.760374651534064e-02, -2.824484406788808e-02
  1.850000000000000e+00,  1.390381710057251e+00, -1.358305931375452e-01, -4.621322552907711e-02,  1.580230447323122e+00,  1.780777353453076e-02, -2.824081338046707e-02
  1.860000000000000e+00,  1.390706978057416e+00, -1.384490214744007e-01, -4.652667427211136e-02,  1.579989328843148e+00,  1.800340208746163e-02, -2.824991726916453e-02
  1.870000000000000e+00,  1.391018229441414e+00, -1.409501226009251e-01, -4.681926330635672e-02,  1.579766134475108e+00,  1.819037840564507e-02, -2.827147172739751e-02
  1.880000000000000e+00,  1.391315186241447e+00, -1.433314389507614e-01, -4.709182102694789e-02,  1.579560806769568e+00,  1.836846848687739e-02, -2.830478255604078e-02
  1.890000000000000e+00,  1.391597536607387e+00, -1.455907072027138e-01, -4.734511840256789e-02,  1.579373318443838e+00,  1.853745486941730e-02, -2.834915625202624e-02
  1.900000000000000e+00,  1.391865159466545e+00, -1.477258744463368e-01, -4.757998565142125e-02,  1.579203536963488e+00,  1.869715071383535e-02, -2.840385941810965e-02
  1.910000000000000e+00,  1.392117784294038e+00, -1.497350746396569e-01, -4.779713309360981e-02,  1.579051432851855e+00,  1.884737770187095e-02, -2.846817908139299e-02
  1.920000000000000e+00,  1.392355223362520e+00, -1.516166418787603e-01, -4.799726517079911e-02,  1.578916941509229e+00,  1.898798058759123e-02, -2.854137904022194e-02
  1.930000000000000e+00,  1.392577315787110e+00, -1.533691025120929e-01, -4.818105117127369e-02,  1.578799998849205e+00,  1.911882241694769e-02, -2.862270902300660e-02
  1.940000000000000e+00,  1.392783886296441e+00, -1.549911700500974e-01, -4.834908789214164e-02,  1.578700573903347e+00,  1.923977965781642e-02, -2.871141483737438e-02
  1.950000000000000e+00,  1.392974923730334e+00, -1.564817482491847e-01, -4.850205363263427e-02,  1.578618541826203e+00,  1.935075388849310e-02, -2.880670287615858e-02
  1.960000000000000e+00,  1.393150312782042e+00, -1.578399183738917e-01, -4.864048252383717e-02,  1.578553880480778e+00,  1.945165090949692e-02, -2.890780013221676e-02
  1.970000000000000e+00,  1.393309981621488e+00, -1.590649428589752e-01, -4.876487867007499e-02,  1.578506569921149e+00,  1.954238937385551e-02, -2.901392577568229e-02
  1.980000000000000e+00,  1.393454019377879e+00, -1.601562628081945e-01, -4.887585208921373e-02,  1.578476501776424e+00,  1.962290928407026e-02, -2.912426636594497e-02
  1.990000000000000e+00,  1.393582390046374e+00, -1.611134911115724e-01, -4.897381986765198e-02,  1.578463703252301e+00,  1.969314699330077e-02, -2.923804358408374e-02
  2.000000000000000e+00,  1.393695255047915e+00, -1.619364125614025e-01, -4.905936011365516e-02,  1.578468077543653e+00,  1.975306096767936e-02, -2.935444368296452e-02
  2.010000000000000e+00,  1.393792664398320e+00, -1.626249774635149e-01, -4.913285790661411e-02,  1.578489668853452e+00,  1.980260384601428e-02, -2.947270016529536e-02
  2.020000000000000e+00,  1.393874826178202e+00, -1.631792980717675e-01, -4.919482252630216e-02,  1.578528437908903e+00,  1.984174469672675e-02, -2.959203451521410e-02
  2.030000000000000e+00,  1.393941949611792e+00, -1.635996453601050e-01, -4.924570890441877e-02,  1.578584378699021e+00,  1.987045345814202e-02, -2.971169379112455e-02
  2.040000000000000e+00,  1.393994277123763e+00, -1.638864443116623e-01, -4.928593850531345e-02,  1.578657530024910e+00,  1.988870400395754e-02, -2.983095742769706e-02
  2.050000000000000e+00,  1.394032237906070e+00, -1.640402660246036e-01, -4.931607095181398e-02,  1.578747868559423e+00,  1.989648877401468e-02, -2.994910998836777e-02
  2.060000000000000e+00,  1.394055993687464e+00, -1.640618923601125e-01, -4.933648999103849e-02,  1.578855301227351e+00,  1.989376676552344e-02, -3.006540647975926e-02
  2.070000000000000e+00,  1.394065867660317e+00, -1.639520620439621e-01, -4.934721120720362e-02,  1.578980366500247e+00,  1.988053219577014e-02, -3.017945275879972e-02
  2.080000000000000e+00,  1.394062401171255e+00, -1.637118984412469e-01, -4.934899620875991e-02,  1.579122792957525e+00,  1.985677453798226e-02, -3.029044620610360e-02
  2.090000000000000e+00,  1.394046046084021e+00, -1.633425071005850e-01, -4.934215234131177e-02,  1.579282735373971e+00,  1.982248764202189e-02, -3.039788198281293e-02
  2.100000000000000e+00,  1.394017284804503e+00, -1.628451618384688e-01, -4.932701766646216e-02,  1.579460306408792e+00,  1.977766161713554e-02, -3.050124693265625e-02
  2.110000000000000e+00,  1.393976679519056e+00, -1.622212636042832e-01, -4.930394611966362e-02,  1.579655607198763e+00,  1.972229225086097e-02, -3.060006824495906e-02
  2.120000000000000e+00,  1.393924718795420e+00, -1.614723375662501e-01, -4.927314302154853e-02,  1.579868853474295e+00,  1.965636590141211e-02, -3.069394990398974e-02
  2.130000000000000e+00,  1.393862057389821e+00, -1.606000355397681e-01, -4.923491453776486e-02,  1.580100132252571e+00,  1.957988486757646e-02, -3.078250882690903e-02
  2.140000000000000e+00,  1.393789233939336e+00, -1.596061292131286e-01, -4.918937356253497e-02,  1.580349692530546e+00,  1.949284204135861e-02, -3.086545214523006e-02
  2.150000000000000e+00,  1.393706958894668e+00, -1.584925165074651e-01, -4.913671146259688e-02,  1.580617648331086e+00,  1.939525098159690e-02, -3.094249976768920e-02
  2.160000000000000e+00,  1.393615855270304e+00, -1.572612136073737e-01, -4.907695930737119e-02,  1.580904229330058e+00,  1.928712285311123e-02, -3.101345167848550e-02
  2.170000000000000e+00,  1.393516601259288e+00, -1.559143593024093e-01, -4.901011487337885e-02,  1.581209636935869e+00,  1.916848264195997e-02, -3.107815110990317e-02
  2.180000000000000e+00,  1.393409847557247e+00, -1.544542119251358e-01, -4.893608302505042e-02,  1.581534119244511e+00,  1.903936361487674e-02, -3.113650317479093e-02
  2.190000000000000e+00,  1.393296389930224e+00, -1.528831618340338e-01, -4.885477078322362e-02,  1.581877789654624e+00,  1.889982518139355e-02, -3.118842728511068e-02
  2.200000000000000e+00,  1.393176904809376e+00, -1.512037155194819e-01, -4.876593616312598e-02,  1.582240882376864e+00,  1.874993152655437e-02, -3.123392096717835e-02
  2.210000000000000e+00,  1.393052108886043e+00, -1.494185063683851e-01, -4.866928916299558e-02,  1.582623579258678e+00,  1.858976932534249e-02, -3.127301375071042e-02
  2.220000000000000e+00,  1.392922710331763e+00, -1.475302929491804e-01, -4.856447073024774e-02,  1.583026044581495e+00,  1.841944627808797e-02, -3.130577356308182e-02
  2.230000000000000e+00,  1.392789399318171e+00, -1.455419597666072e-01, -4.845105792590994e-02,  1.583448419768045e+00,  1.823909292822597e-02, -3.133230266814650e-02
  2.240000000000000e+00,  1.392652839169954e+00, -1.434565176679945e-01, -4.832857117317639e-02,  1.583890817612138e+00,  1.804886441175634e-02, -3.135273387485531e-02
  2.250000000000000e+00,  1.392513657122868e+00, -1.412771032731253e-01, -4.819648349671726e-02,  1.584353316486891e+00,  1.784894214095952e-02, -3.136722706310183e-02
  2.260000000000000e+00,  1.392372433725887e+00, -1.390069772517517e-01, -4.805423214240357e-02,  1.584835954905880e+00,  1.763953518046537e-02, -3.137596576371587e-02
  2.270000000000000e+00,  1.392229693419061e+00, -1.366495220202188e-01, -4.790123306507961e-02,  1.585338724381135e+00,  1.742088116215651e-02, -3.137915333044159e-02
  2.280000000000000e+00,  1.392085892464681e+00, -1.342082382528129e-01, -4.773689715679841e-02,  1.585861565154861e+00,  1.719324643022839e-02, -3.137701008785948e-02
  2.290000000000000e+00,  1.391941409666678e+00, -1.316867403947382e-01, -4.756064667024732e-02,  1.586404360128389e+00,  1.695692616533707e-02, -3.136977033921189e-02
  2.300000000000000e+00,  1.391796549078138e+00, -1.290887526764486e-01, -4.737192749033797e-02,  1.586966917218213e+00,  1.671224504683615e-02, -3.135767655612118e-02
  2.310000000000000e+00,  1.391651490545740e+00, -1.264180964673154e-01, -4.717023679233664e-02,  1.587549012026302e+00,  1.645955239120062e-02, -3.134098739774282e-02
  2.320000000000000e+00,  1.391506345426551e+00, -1.236786927536782e-01, -4.695512292692502e-02,  1.588150318352651e+00,  1.619922648924271e-02, -3.131995966464034e-02
  2.330000000000000e+00,  1.391361115110905e+00, -1.208745503473254e-01, -4.672621073233461e-02,  1.588770448927433e+00,  1.593167072163748e-02, -3.129485702087660e-02
  2.340000000000000e+00,  1.391215703510074e+00, -1.180097617506428e-01, -4.648321020303649e-02,  1.589408939036668e+00,  1.565731440464987e-02, -3.126594597851045e-02
  2.350000000000000e+00,  1.391069912295579e+00, -1.150884955829909e-01, -4.622592969861203e-02,  1.590065252785480e+00,  1.537661073951139e-02, -3.123349700093973e-02
  2.360000000000000e+00,  1.390923501212620e+00, -1.121150005096827e-01, -4.595424854336860e-02,  1.590738712800099e+00,  1.509004053033188e-02, -3.119776763687502e-02
  2.370000000000000e+00,  1.390775977126398e+00, -1.090935586042390e-01, -4.566826178436389e-02,  1.591428771429854e+00,  1.479808660055396e-02, -3.115906087633703e-02
  2.380000000000000e+00,  1.390626934578215e+00, -1.060285381038786e-01, -4.536808304824479e-02,  1.592134606787308e+00,  1.450126778089938e-02, -3.111763408562135e-02
  2.390000000000000e+00,  1.390475845189419e+00, -1.029243435129470e-01, -4.505398071915145e-02,  1.592855397828504e+00,  1.420011405558081e-02, -3.107376109481346e-02
  2.400000000000000e+00,  1.390322126825111e+00, -9.978541444441746e-02, -4.472634635304271e-02,  1.593590261125096e+00,  1.389517102022881e-02, -3.102772066735433e-02
  2.410000000000000e+00,  1.390165201943098e+00, -9.661622488473931e-02, -4.438564339257187e-02,  1.594338184449356e+00,  1.358700475894749e-02, -3.097978462798874e-02
  2.420000000000000e+00,  1.390004328602144e+00, -9.342122925349683e-02, -4.403260500248847e-02,  1.595098323176414e+00,  1.327617540602077e-02, -3.093028182619232e-02
  2.430000000000000e+00,  1.389838904493430e+00, -9.020492170620598e-02, -4.366790453586468e-02,  1.595869540928788e+00,  1.296327384988958e-02, -3.087949753228667e-02
  2.440000000000000e+00,  1.389668308881901e+00, -8.697178883255630e-02, -4.329231793592355e-02,  1.596650672791422e+00,  1.264889770756666e-02, -3.082772843918101e-02
  2.450000000000000e+00,  1.389491829636485e+00, -8.372627112607023e-02, -4.290689322154991e-02,  1.597440745278393e+00,  1.233363125956035e-02, -3.077532603340110e-02
  2.460000000000000e+00,  1.389308904063155e+00, -8.047282421078306e-02, -4.251255636224125e-02,  1.598238499285602e+00,  1.201808046660371e-02, -3.072259188966746e-02
  2.470000000000000e+00,  1.389118971595625e+00, -7.721586218315091e-02, -4.211035813423656e-02,  1.599042723430303e+00,  1.170284307248750e-02, -3.066984774137318e-02
  2.480000000000000e+00,  1.388921523769147e+00, -7.395975985726011e-02, -4.170139620386355e-02,  1.599852176736529e+00,  1.138851066639400e-02, -3.061741884283084e-02
  2.490000000000000e+00,  1.388716148248241e+00, -7.070885324492604e-02, -4.128674741130799e-02,  1.600665526645263e+00,  1.107567247669760e-02, -3.056562210251502e-02
  2.500000000000000e+00,  1.388502383543650e+00, -6.746739211577579e-02, -4.086766574597903e-02,  1.601481624760853e+00,  1.076488123427879e-02, -3.051481867826148e-02
  2.510000000000000e+00,  1.388279940767480e+00, -6.423960316344135e-02, -4.044514985148508e-02,  1.602299001072419e+00,  1.045670299512181e-02, -3.046530977956849e-02
  2.520000000000000e+00,  1.388048599173018e+00, -6.102959301661870e-02, -4.002053164586293e-02,  1.603116546134948e+00,  1.015166251812781e-02, -3.041747495682580e-02
  2.530000000000000e+00,  1.387808172890066e+00, -5.784142460342800e-02, -3.959482620070565e-02,  1.603932841311847e+00,  9.850280144596541e-03, -3.037162495237858e-02
  2.540000000000000e+00,  1.387558555785883e+00, -5.467906073743323e-02, -3.916911519322581e-02,  1.604746570170855e+00,  9.553050062969070e-03, -3.032808660469630e-02
  2.550000000000000e+00,  1.387299711415125e+00, -5.154637071970902e-02, -3.874444077801698e-02,  1.605556421300872e+00,  9.260444228343458e-03, -3.028717638225849e-02
  2.560000000000000e+00,  1.387031672954551e+00, -4.844712435602161e-02, -3.832179693465420e-02,  1.606361091832905e+00,  8.972911068832471e-03, -3.024919582363982e-02
  2.570000000000000e+00,  1.386754600351120e+00, -4.538499308261135e-02, -3.790207929460002e-02,  1.607159233277697e+00,  8.690886178953782e-03, -3.021441775822758e-02
  2.580000000000000e+00,  1.386468537148574e+00, -4.236351276179384e-02, -3.748625716960024e-02,  1.607949696036356e+00,  8.414742111213966e-03, -3.018312470851469e-02
  2.590000000000000e+00,  1.386173788094518e+00, -3.938612645657646e-02, -3.707510492598449e-02,  1.608731168673191e+00,  8.144863318126456e-03, -3.015554385468450e-02
  2.600000000000000e+00,  1.385870656779804e+00, -3.645614651689644e-02, -3.666937991363427e-02,  1.609502428569753e+00,  7.881594282788120e-03, -3.013188673477664e-02
  2.610000000000000e+00,  1.385559409870684e+00, -3.357676556864120e-02, -3.626967917453496e-02,  1.610262182601587e+00,  7.625251663568846e-03, -3.011231481284705e-02
  2.620000000000000e+00,  1.385240704256854e+00, -3.075102013526210e-02, -3.587685529441321e-02,  1.611009497624698e+00,  7.376123097522056e-03, -3.009702876788598e-02
  2.630000000000000e+00,  1.384914928476769e+00, -2.798183659173681e-02, -3.549138143800512e-02,  1.611743152714418e+00,  7.134465613760629e-03, -3.008612771229422e-02
  2.640000000000000e+00,  1.384582653746188e+00, -2.527199395948410e-02, -3.511378863648829e-02,  1.612462086427543e+00,  6.900505559729200e-03, -3.007970319649176e-02
  2.650000000000000e+00,  1.384244517396030e+00, -2.262412885283704e-02, -3.474455989679762e-02,  1.613165291216611e+00,  6.674436545185541e-03, -3.007781425481595e-02
  2.660000000000000e+00,  1.383901220723645e+00, -2.004073206667489e-02, -3.438413202261632e-02,  1.613851816532339e+00,  6.456418942193835e-03, -3.008048543747749e-02
  2.670000000000000e+00,  1.383553527015158e+00, -1.752414573580818e-02, -3.403289907920574e-02,  1.614520772320132e+00,  6.246580327548920e-03, -3.008770416047594e-02
  2.680000000000000e+00,  1.383202260047107e+00, -1.507656107204247e-02, -3.369121748764975e-02,  1.615171331979457e+00,  6.045016608747143e-03, -3.009941899175673e-02
  2.690000000000000e+00,  1.382848350350664e+00, -1.270002406342030e-02, -3.335938736706020e-02,  1.615802688162675e+00,  5.851805996177544e-03, -3.011552571686087e-02
  2.700000000000000e+00,  1.382492629343912e+00, -1.039640252979601e-02, -3.303775732850662e-02,  1.616414244157888e+00,  5.666957065494620e-03, -3.013592492761828e-02
  2.710000000000000e+00,  1.382136147461904e+00, -8.167431882056819e-03, -3.272657904090433e-02,  1.617005330201369e+00,  5.490491952787478e-03, -3.016043652088903e-02
  2.720000000000000e+00,  1.381779937228542e+00, -6.014682445737440e-03, -3.242610755569182e-02,  1.617575392769217e+00,  5.322392248109382e-03, -3.018885750369147e-02
  2.730000000000000e+00,  1.381425068322228e+00, -3.939565886450724e-03, -3.213658236826919e-02,  1.618123950088995e+00,  5.162614736789084e-03, -3.022095139419695e-02
  2.740000000000000e+00,  1.381072497865588e+00, -1.943305098632830e-03, -3.185816875492123e-02,  1.618650496960365e+00,  5.011093110090697e-03, -3.025645453773368e-02
  2.750000000000000e+00,  1.380723635718947e+00, -2.704343766679607e-05, -3.159120405777851e-02,  1.619154890300756e+00,  4.867738425680177e-03, -3.029506839531058e-02
  2.760000000000000e+00,  1.380379446343512e+00,  1.808326945807126e-03, -3.133581805144296e-02,  1.619636760872383e+00,  4.732439375193052e-03, -3.033647519845909e-02
  2.770000000000000e+00,  1.380041046155137e+00,  3.562055416018284e-03, -3.109218755640801e-02,  1.620095909428962e+00,  4.605065614899371e-03, -3.038033244890684e-02
  2.780000000000000e+00,  1.379709537507955e+00,  5.233564349899078e-03, -3.086046912395539e-02,  1.620532207982103e+00,  4.485467988467148e-03, -3.042627851474521e-02
  2.790000000000000e+00,  1.379385997705211e+00,  6.822453216680069e-03, -3.064079378378539e-02,  1.620945597148278e+00,  4.373480357615670e-03, -3.047393522556291e-02
  2.800000000000000e+00,  1.379071469571425e+00,  8.328503363354889e-03, -3.043326298116870e-02,  1.621336085297998e+00,  4.268921339192507e-03, -3.052291049004782e-02
  2.810000000000000e+00,  1.378766952281054e+00,  9.751683237279041e-03, -3.023794433209686e-02,  1.621703747917423e+00,  4.171596129644287e-03, -3.057280141288828e-02
  2.820000000000000e+00,  1.378473392441828e+00,  1.109215402664776e-02, -3.005486749398049e-02,  1.622048727020633e+00,  4.081298517399687e-03, -3.062319849915760e-02
  2.830000000000000e+00,  1.378191675605356e+00,  1.235027553921486e-02, -2.988402079964609e-02,  1.622371230561270e+00,  3.997812714942618e-03, -3.067369100726308e-02
  2.840000000000000e+00,  1.377922689843252e+00,  1.352654185521773e-02, -2.972535698654686e-02,  1.622671488266412e+00,  3.920922943334984e-03, -3.072378955248952e-02
  2.850000000000000e+00,  1.377667019807508e+00,  1.462187388030944e-02, -2.957875618986009e-02,  1.622949926432419e+00,  3.850380509351103e-03, -3.077327080922916e-02
  2.860000000000000e+00,  1.377425404011959e+00,  1.563718907876743e-02, -2.944408082836209e-02,  1.623206904433458e+00,  3.785957176418910e-03, -3.082166598472174e-02
  2.870000000000000e+00,  1.377198402537370e+00,  1.657370250493706e-02, -2.932112986978866e-02,  1.623442884863961e+00,  3.727410483845520e-03, -3.086861415827882e-02
  2.880000000000000e+00,  1.376986246147975e+00,  1.743316115871152e-02, -2.920977806407178e-02,  1.623658311236681e+00,  3.674502685311933e-03, -3.091396781270770e-02
  2.890000000000000e+00,  1.376789778655582e+00,  1.821660236841960e-02, -2.910944974050277e-02,  1.623853936321090e+00,  3.626963142225458e-03, -3.095702918316382e-02
  2.900000000000000e+00,  1.376608991158322e+00,  1.892626767732875e-02, -2.901992347925770e-02,  1.624030318538595e+00,  3.584545790092747e-03, -3.099773397628738e-02
  2.910000000000000e+00,  1.376444011404905e+00,  1.956430816495502e-02, -2.894077740337471e-02,  1.624188152793139e+00,  3.546990292439887e-03, -3.103584737439533e-02
  2.920000000000000e+00,  1.376294847728855e+00,  2.013312247551369e-02, -2.887153581274971e-02,  1.624328193668513e+00,  3.514028077676937e-03, -3.107117101738794e-02
  2.930000000000000e+00,  1.376161382385874e+00,  2.063536134577881e-02, -2.881166849038969e-02,  1.624451251297605e+00,  3.485381846266388e-03, -3.110354156921832e-02
  2.940000000000000e+00,  1.376043367741136e+00,  2.107393247371503e-02, -2.876059356290118e-02,  1.624558190573332e+00,  3.460766329181416e-03, -3.113283265861038e-02
  2.950000000000000e+00,  1.375940423814765e+00,  2.145200593110741e-02, -2.871768204961856e-02,  1.624649930682684e+00,  3.439889670191217e-03, -3.115895852890006e-02
  2.960000000000000e+00,  1.375852037147308e+00,  2.177301991623604e-02, -2.868226357940094e-02,  1.624727444825787e+00,  3.422454615405083e-03, -3.118187755696289e-02
  2.970000000000000e+00,  1.375777837220544e+00,  2.204037912039225e-02, -2.865372551930881e-02,  1.624791724981457e+00,  3.408162023408961e-03, -3.120128472703136e-02
  2.980000000000000e+00,  1.375716878755001e+00,  2.225712354464982e-02, -2.863132808119836e-02,  1.624843529392915e+00,  3.396792585550576e-03, -3.121780254263556e-02
  2.990000000000000e+00,  1.375667864815183e+00,  2.242982593876275e-02, -2.861410860745821e-02,  1.624884612168225e+00,  3.387886872369043e-03, -3.123133922634650e-02
  3.000000000000000e+00,  1.375627574560969e+00,  2.257076841981909e-02, -2.860049270761473e-02,  1.624918006220295e+00,  3.380724423040050e-03, -3.124263421341961e-02
