Main.Studies.MarkerTracking.t,Main.Studies.MarkerTracking.JointAngleOutputs.OutputFile_LeftLeg.HipFlexion,Main.Studies.MarkerTracking.JointAngleOutputs.OutputFile_LeftLeg.HipAbduction,Main.Studies.MarkerTracking.JointAngleOutputs.OutputFile_LeftLeg.HipExternalRotation,Main.Studies.MarkerTracking.JointAngleOutputs.OutputFile_LeftLeg.KneeFlexion,Main.Studies.MarkerTracking.JointAngleOutputs.OutputFile_LeftLeg.AnklePlantarFlexion,Main.Studies.MarkerTracking.JointAngleOutputs.OutputFile_LeftLeg.SubTalarEversion
  1.600000000000000e+00, -3.097901437587426e-01, -4.560973201286833e-02,  1.096338065214252e-02,  2.471222830465829e-01, -2.512615784340662e-01, -1.335282062049948e-01
  1.610000000000000e+00, -3.116574294775199e-01, -3.316053157136278e-02,  8.291974879474272e-03,  2.646817357379848e-01, -2.298380463249247e-01, -1.448759086920741e-01
  1.620000000000000e+00, -3.119418968682853e-01, -2.048913637785321e-02,  5.497396704467772e-03,  2.847134526445065e-01, -2.045733534282605e-01, -1.544286054427846e-01
  1.630000000000000e+00, -3.105130111287998e-01, -7.929929732281238e-03,  2.622376235031591e-03,  3.076660503858130e-01, -1.755493330313763e-01, -1.621311958465075e-01
  1.640000000000000e+00, -3.071859126998290e-01,  4.211193751031628e-03, -2.346552991858762e-04,  3.340133220089860e-01, -1.429935124297957e-01, -1.680421312602842e-01
  1.650000000000000e+00, -3.017147828372832e-01,  1.568932875556128e-02, -2.934278007327772e-03,  3.642197466327743e-01, -1.073197476377564e-01, -1.723013802040144e-01
  1.660000000000000e+00, -2.938034164350757e-01,  2.634358442593765e-02, -5.322515654558427e-03,  3.986922912789874e-01, -6.917461575348588e-02, -1.750702977350070e-01
  1.670000000000000e+00, -2.831417807222845e-01,  3.610598831757761e-02, -7.272442056003177e-03,  4.377190429170439e-01, -2.947539817131106e-02, -1.764539258356331e-01
  1.680000000000000e+00, -2.694624350542301e-01,  4.499283410975763e-02, -8.731150621526233e-03,  4.814040863545299e-01,  1.058074118752172e-02, -1.764325256112449e-01
  1.690000000000000e+00, -2.526040784385703e-01,  5.307781808674394e-02, -9.751493368168319e-03,  5.296131761203963e-01,  4.956112532336059e-02, -1.748370911322202e-01
  1.700000000000000e+00, -2.325653080568699e-01,  6.045211376243409e-02, -1.049063295288177e-02,  5.819451867670170e-01,  8.590875736556926e-02, -1.713889739334426e-01
  1.710000000000000e+00, -2.095302373282285e-01,  6.718499213573725e-02, -1.116933493847095e-02,  6.377412573091037e-01,  1.180994810270486e-01, -1.657936406481245e-01
  1.720000000000000e+00, -1.838533375492295e-01,  7.329783454998928e-02, -1.200692302411688e-02,  6.961347644220032e-01,  1.447982627230452e-01, -1.578452689075751e-01
  1.730000000000000e+00, -1.560056204956330e-01,  7.875589796952820e-02, -1.316027542097586e-02,  7.561310349548593e-01,  1.649821693766708e-01, -1.474913941102306e-01
  1.740000000000000e+00, -1.265001368902426e-01,  8.347803715466484e-02, -1.468799412683046e-02,  8.166940262624589e-01,  1.780315299541408e-01, -1.348379968382040e-01
  1.750000000000000e+00, -9.580955705037354e-02,  8.735796120454964e-02, -1.654733115061372e-02,  8.768192157604893e-01,  1.837944506007158e-01, -1.201137936980260e-01
  1.760000000000000e+00, -6.436704847024509e-02,  9.031367227856579e-02, -1.861047559951295e-02,  9.355630642820130e-01,  1.826285711127634e-01, -1.036380528895678e-01
  1.770000000000000e+00, -3.246818688490215e-02,  9.228063417059063e-02, -2.071621061127108e-02,  9.920817430291243e-01,  1.753321640830270e-01, -8.579819714344294e-02
  1.780000000000000e+00, -3.343681546923139e-04,  9.324033501154760e-02, -2.269731730911384e-02,  1.045625335324597e+00,  1.630316625828861e-01, -6.707537069635863e-02
  1.790000000000000e+00,  3.189065633051291e-02,  9.321173096493585e-02, -2.440874705504244e-02,  1.095551746167193e+00,  1.470023633592641e-01, -4.806938700402565e-02
  1.800000000000000e+00,  6.407717479312086e-02,  9.224962145746352e-02, -2.571332097939761e-02,  1.141321349597372e+00,  1.284993514922274e-01, -2.949866618914080e-02
  1.810000000000000e+00,  9.613859241171324e-02,  9.043887101990356e-02, -2.652285041418875e-02,  1.182517350551776e+00,  1.086358036827548e-01, -1.215404658038865e-02
  1.820000000000000e+00,  1.279885687118386e-01,  8.788714932695330e-02, -2.678222559727045e-02,  1.218830607725177e+00,  8.831453770162667e-02,  3.183078952520502e-03
  1.830000000000000e+00,  1.595322514451114e-01,  8.471527562836001e-02, -2.646339662152107e-02,  1.250045338468290e+00,  6.821619869002625e-02,  1.583897398030595e-02
  1.840000000000000e+00,  1.906607796941523e-01,  8.104905018582120e-02, -2.555009331292242e-02,  1.276019213690360e+00,  4.882834783791211e-02,  2.533740018349798e-02
  1.850000000000000e+00,  2.212506111648649e-01,  7.701217187874199e-02, -2.402624585355920e-02,  1.296663605895366e+00,  3.049373890662284e-02,  3.146078293937229e-02
  1.860000000000000e+00,  2.511624803647761e-01,  7.271855547381101e-02, -2.186931787009180e-02,  1.311926462261164e+00,  1.345274791984567e-02,  3.427423181172579e-02
  1.870000000000000e+00,  2.802322840095604e-01,  6.826668000147906e-02, -1.904399224221176e-02,  1.321778535055263e+00, -2.134003763338305e-03,  3.411489223064199e-02
  1.880000000000000e+00,  3.083244117397697e-01,  6.373905235182376e-02, -1.552473793687100e-02,  1.326220525738612e+00, -1.617579937721650e-02,  3.154863178865178e-02
  1.890000000000000e+00,  3.352862660992458e-01,  5.920376295144414e-02, -1.128073343819280e-02,  1.325267246876758e+00, -2.864921609880405e-02,  2.730859720806529e-02
  1.900000000000000e+00,  3.610104749250092e-01,  5.471921206997887e-02, -6.307257391583434e-03,  1.318959899842986e+00, -3.958806574288475e-02,  2.221221904173782e-02
  1.910000000000000e+00,  3.853803546363805e-01,  5.033900262621027e-02, -6.081173979778035e-04,  1.307350525338809e+00, -4.907370843020994e-02,  1.707943529003531e-02
  1.920000000000000e+00,  4.083329335323385e-01,  4.612024607824061e-02,  5.770843544184918e-03,  1.290515863931214e+00, -5.721313662918018e-02,  1.265130383733734e-02
  1.930000000000000e+00,  4.298073291285827e-01,  4.212905427835523e-02,  1.276198750419502e-02,  1.268541628693593e+00, -6.411686405026072e-02,  9.528303185970250e-03
  1.940000000000000e+00,  4.497485688941164e-01,  3.844367987172137e-02,  2.027795066166597e-02,  1.241519717231204e+00, -6.987482679005101e-02,  8.125292896128986e-03
  1.950000000000000e+00,  4.681004455412344e-01,  3.515158485502101e-02,  2.822256080649412e-02,  1.209543663830955e+00, -7.453984627840575e-02,  8.650452963931216e-03
  1.960000000000000e+00,  4.847980615035301e-01,  3.234075998815178e-02,  3.650042884372155e-02,  1.172706027676855e+00, -7.811972277964632e-02,  1.110673971570589e-02
  1.970000000000000e+00,  4.997614816980807e-01,  3.008988859166406e-02,  4.502325999276933e-02,  1.131099477311665e+00, -8.057963209082489e-02,  1.531041310615515e-02
  1.980000000000000e+00,  5.128947386403611e-01,  2.846197955229135e-02,  5.371405260250423e-02,  1.084823633778156e+00, -8.185063138490109e-02,  2.092526297915296e-02
  1.990000000000000e+00,  5.240900394246406e-01,  2.750178214684440e-02,  6.251115608574383e-02,  1.033996642955265e+00, -8.183728713611400e-02,  2.751420425363537e-02
  2.000000000000000e+00,  5.332308694294421e-01,  2.723631837695040e-02,  7.137473783623705e-02,  9.787689921050832e-01, -8.042842211111786e-02,  3.459746193977708e-02
  2.010000000000000e+00,  5.401921059242389e-01,  2.767939042661216e-02,  8.029418863269330e-02,  9.193417838391207e-01, -7.751610179570285e-02,  4.169364162842915e-02
  2.020000000000000e+00,  5.448438337682040e-01,  2.883956659783471e-02,  8.928972076559329e-02,  8.559965965228545e-01, -7.301486247886196e-02,  4.832990773394105e-02
  2.030000000000000e+00,  5.470665262533113e-01,  3.072889532676792e-02,  9.840522914188436e-02,  7.891418613806943e-01, -6.687425248682066e-02,  5.403524624933391e-02
  2.040000000000000e+00,  5.467811314981924e-01,  3.336899320977760e-02,  1.076970117238487e-01,  7.193747475312633e-01, -5.909284368102414e-02,  5.834257213276973e-02
  2.050000000000000e+00,  5.439932432539987e-01,  3.679135326192262e-02,  1.172255716984017e-01,  6.475533699205747e-01, -4.974423954628714e-02,  6.080644588726519e-02
  2.060000000000000e+00,  5.388479901149190e-01,  4.102827016797961e-02,  1.270575991671926e-01,  5.748677171749598e-01, -3.901555233118279e-02,  6.102301095394647e-02
  2.070000000000000e+00,  5.316860318536137e-01,  4.608816380449543e-02,  1.372806125072657e-01,  5.028825563374824e-01, -2.725127381961019e-02,  5.864016163810108e-02
  2.080000000000000e+00,  5.230729329274884e-01,  5.190848159305728e-02,  1.480153198574754e-01,  4.335058011453553e-01, -1.498388898987342e-02,  5.337208238188718e-02
  2.090000000000000e+00,  5.137598620489767e-01,  5.829238877937426e-02,  1.593830428340444e-01,  3.688327031903215e-01, -2.915885367887307e-03,  4.507870019646660e-02
  2.100000000000000e+00,  5.045570762500213e-01,  6.486552506062937e-02,  1.713869120941490e-01,  3.108636863852752e-01,  8.174003878298882e-03,  3.397121467765667e-02
  2.110000000000000e+00,  4.961659166598485e-01,  7.110504802734541e-02,  1.837515446769735e-01,  2.611916964312894e-01,  1.757981800724904e-02,  2.087168194908224e-02
  2.120000000000000e+00,  4.890594930614319e-01,  7.644882543640263e-02,  1.958710044406560e-01,  2.208114027399206e-01,  2.481175065225863e-02,  7.290671859840177e-03
  2.130000000000000e+00,  4.834666525712007e-01,  8.041923177016486e-02,  2.069554686676674e-01,  1.901206561891112e-01,  2.968893963811473e-02, -4.833966916386006e-03
  2.140000000000000e+00,  4.794339691367491e-01,  8.268941846411870e-02,  2.162754606309432e-01,  1.690398874975975e-01,  3.237797763028434e-02, -1.360065579401156e-02
  2.150000000000000e+00,  4.769012637963413e-01,  8.308297086890071e-02,  2.233402268417657e-01,  1.571307333669498e-01,  3.338380602932386e-02, -1.754261211779847e-02
  2.160000000000000e+00,  4.757472790751632e-01,  8.154398492251591e-02,  2.279581871887236e-01,  1.536623247051140e-01,  3.348594366079024e-02, -1.583552909767277e-02
  2.170000000000000e+00,  4.757999161678869e-01,  7.811067612634459e-02,  2.302173667516028e-01,  1.576430045539722e-01,  3.361146464023892e-02, -8.346190150236353e-03
  2.180000000000000e+00,  4.768233746556144e-01,  7.290223704638477e-02,  2.304100983741168e-01,  1.678520876010297e-01,  3.465398908410663e-02,  4.427147259976807e-03
  2.190000000000000e+00,  4.784955066356366e-01,  6.611163823180743e-02,  2.289068647553526e-01,  1.828964046200159e-01,  3.727489789692861e-02,  2.150204664858058e-02
  2.200000000000000e+00,  4.803940594858241e-01,  5.799428847199528e-02,  2.260398290737252e-01,  2.013062104320529e-01,  4.175291434942093e-02,  4.160377071232597e-02
  2.210000000000000e+00,  4.820159013111498e-01,  4.885204369356111e-02,  2.220922995584732e-01,  2.216593760740261e-01,  4.794371921833685e-02,  6.333340166977161e-02
  2.220000000000000e+00,  4.828330690784458e-01,  3.901491700342019e-02,  2.173744669561951e-01,  2.426827156119393e-01,  5.533770724544448e-02,  8.531186643133667e-02
  2.230000000000000e+00,  4.823613513262131e-01,  2.881192504192120e-02,  2.122544537106040e-01,  2.632899478613995e-01,  6.315301860366827e-02,  1.063546172457749e-01
  2.240000000000000e+00,  4.802197247728419e-01,  1.852823911444901e-02,  2.071079337767461e-01,  2.825848438462835e-01,  7.044817946806496e-02,  1.256236942693536e-01
  2.250000000000000e+00,  4.761719105607151e-01,  8.368024725318168e-03,  2.022635157020376e-01,  2.998789867424293e-01,  7.627041377764830e-02,  1.426314556447930e-01
  2.260000000000000e+00,  4.701381003714631e-01, -1.558757053117921e-03,  1.979798558218470e-01,  3.147175877298802e-01,  7.981260388037927e-02,  1.571162606751519e-01
  2.270000000000000e+00,  4.621686454143520e-01, -1.122528514914722e-02,  1.944347818008862e-01,  3.268734164425620e-01,  8.053170399775739e-02,  1.689359802378253e-01
  2.280000000000000e+00,  4.523923091386095e-01, -2.065851122996665e-02,  1.917201759831024e-01,  3.362989855302274e-01,  7.820826895967990e-02,  1.780480711517017e-01
  2.290000000000000e+00,  4.409649898663853e-01, -2.989920317275385e-02,  1.898479205229629e-01,  3.430624796705953e-01,  7.294291655000000e-02,  1.845242087354358e-01
  2.300000000000000e+00,  4.280381558913092e-01, -3.896484691759738e-02,  1.887604352794350e-01,  3.472941974928812e-01,  6.509382286454188e-02,  1.885386333465989e-01
  2.310000000000000e+00,  4.137497246193679e-01, -4.782860698657387e-02,  1.883383463592009e-01,  3.491535204616837e-01,  5.518030951020882e-02,  1.903314370641264e-01
  2.320000000000000e+00,  3.982273910613055e-01, -5.641839314571762e-02,  1.884086006412948e-01,  3.488143811264996e-01,  4.378632055030845e-02,  1.901770289529484e-01
  2.330000000000000e+00,  3.815929349422131e-01, -6.463088807324691e-02,  1.887582068661552e-01,  3.464626390488999e-01,  3.148426030882012e-02,  1.883670636258975e-01
  2.340000000000000e+00,  3.639626035536934e-01, -7.235305361118538e-02,  1.891548427978541e-01,  3.422963227746073e-01,  1.878494853987341e-02,  1.852002778533424e-01
  2.350000000000000e+00,  3.454455431418123e-01, -7.948550448961811e-02,  1.893727739084824e-01,  3.365208031726232e-01,  6.111862734484227e-03,  1.809748789554746e-01
  2.360000000000000e+00,  3.261444089453273e-01, -8.596180238404982e-02,  1.892183782969145e-01,  3.293384328417734e-01, -6.206816929374671e-03,  1.759783153837424e-01
  2.370000000000000e+00,  3.061586117992129e-01, -9.175700161719980e-02,  1.885493253334551e-01,  3.209389594982479e-01, -1.793662197633626e-02,  1.704674318875131e-01
  2.380000000000000e+00,  2.855878149799455e-01, -9.688341088267993e-02,  1.872848087425598e-01,  3.114959838580160e-01, -2.893044342862051e-02,  1.646431332652273e-01
  2.390000000000000e+00,  2.645332233071352e-01, -1.013785557193974e-01,  1.854050338374502e-01,  3.011691231486454e-01, -3.911740157722670e-02,  1.586350255184598e-01
  2.400000000000000e+00,  2.430944730244306e-01, -1.052922871309858e-01,  1.829389363495860e-01,  2.901082559924070e-01, -4.848725919614347e-02,  1.525072911361366e-01
  2.410000000000000e+00,  2.213650414301986e-01, -1.086762157571837e-01,  1.799423224395722e-01,  2.784580355055186e-01, -5.707448119332591e-02,  1.462825198207694e-01
  2.420000000000000e+00,  1.994317824158982e-01, -1.115758922815657e-01,  1.764731118769360e-01,  2.663626148237920e-01, -6.494589794558094e-02,  1.399709259447638e-01
  2.430000000000000e+00,  1.773770026716607e-01, -1.140271601851950e-01,  1.725729052973739e-01,  2.539681814027817e-01, -7.219135972369629e-02,  1.335955273164127e-01
  2.440000000000000e+00,  1.552710075483583e-01, -1.160569140767753e-01,  1.682588456618264e-01,  2.414198609019734e-01, -7.891499421355481e-02,  1.272095105898207e-01
  2.450000000000000e+00,  1.332019074412908e-01, -1.176893029935546e-01,  1.635353160070280e-01,  2.288632207896518e-01, -8.522740030902598e-02,  1.209072165381377e-01
  2.460000000000000e+00,  1.112316527010982e-01, -1.189456303007328e-01,  1.583950130932449e-01,  2.164335457468133e-01, -9.124080869787080e-02,  1.148136472581286e-01
  2.470000000000000e+00,  8.942387219624065e-02, -1.198468672196100e-01,  1.528401788722868e-01,  2.042573438966950e-01, -9.706643824334432e-02,  1.090676897396676e-01
  2.480000000000000e+00,  6.784268056144301e-02, -1.204141999465598e-01,  1.468962159609672e-01,  1.924485904615031e-01, -1.028125056819302e-01,  1.037979041533176e-01
  2.490000000000000e+00,  4.652060881432659e-02, -1.206630690017658e-01,  1.406071709842726e-01,  1.811025062865194e-01, -1.085813947681486e-01,  9.910073811861990e-02
  2.500000000000000e+00,  2.551597679773791e-02, -1.206117341106223e-01,  1.340439425866828e-01,  1.703081978736404e-01, -1.144700337137792e-01,  9.503458103243738e-02
  2.510000000000000e+00,  4.891780474025428e-03, -1.202773449066550e-01,  1.272875477143937e-01,  1.601515651861415e-01, -1.205700685868200e-01,  9.161112803729964e-02
  2.520000000000000e+00, -1.526854592453914e-02, -1.196807562796807e-01,  1.204270989568653e-01,  1.507225346118477e-01, -1.269666452265249e-01,  8.879422802121047e-02
  2.530000000000000e+00, -3.486085482558548e-02, -1.188518372224823e-01,  1.135572260035170e-01,  1.421164670795668e-01, -1.337345597817690e-01,  8.650425483061501e-02
  2.540000000000000e+00, -5.376162099821036e-02, -1.178355946053187e-01,  1.067727865170612e-01,  1.344327871643068e-01, -1.409337525652775e-01,  8.463173951441508e-02
  2.550000000000000e+00, -7.183244221759097e-02, -1.166965303576144e-01,  1.001605474303673e-01,  1.277711077631158e-01, -1.486055508745751e-01,  8.305636558742416e-02
  2.560000000000000e+00, -8.893250453197230e-02, -1.155177974071122e-01,  9.379103515944345e-02,  1.222245757280899e-01, -1.567706068355201e-01,  8.166234312742716e-02
  2.570000000000000e+00, -1.049362303302317e-01, -1.143948585773542e-01,  8.771338126151768e-02,  1.178714428026147e-01, -1.654284960054464e-01,  8.034587412918025e-02
  2.580000000000000e+00, -1.197504974212996e-01, -1.134259164768832e-01,  8.195389474178563e-02,  1.147662382770865e-01, -1.745579879934404e-01,  7.901574898700431e-02
  2.590000000000000e+00, -1.333285211119684e-01, -1.127011435510716e-01,  7.651792437091300e-02,  1.129321724577730e-01, -1.841177917937975e-01,  7.758812715648974e-02
  2.600000000000000e+00, -1.456805110305331e-01, -1.122928670837402e-01,  7.139518937459788e-02,  1.123557259824374e-01, -1.940485650789297e-01,  7.597653058180771e-02
  2.610000000000000e+00, -1.568828696864951e-01, -1.122488221250113e-01,  6.656698467623884e-02,  1.129833337262160e-01, -2.042751137674445e-01,  7.408174645984954e-02
  2.620000000000000e+00, -1.670843104473032e-01, -1.125887321573678e-01,  6.200928116464864e-02,  1.147213768343834e-01, -2.147065052043037e-01,  7.178823890719360e-02
  2.630000000000000e+00, -1.765016455387816e-01, -1.133035435440684e-01,  5.768863344918511e-02,  1.174423640186076e-01, -2.252347225206910e-01,  6.896779827809972e-02
  2.640000000000000e+00, -1.854009518197298e-01, -1.143572158306936e-01,  5.355422144731809e-02,  1.209980702390742e-01, -2.357334052336176e-01,  6.548770376525391e-02
  2.650000000000000e+00, -1.940697870410992e-01, -1.156897665422969e-01,  4.953040274549242e-02,  1.252365469760422e-01, -2.460573219762169e-01,  6.122232226679445e-02
  2.660000000000000e+00, -2.027874767764750e-01, -1.172188617387488e-01,  4.551554767468634e-02,  1.300194445513992e-01, -2.560443721529929e-01,  5.606389665355970e-02
  2.670000000000000e+00, -2.117938843713566e-01, -1.188379470899039e-01,  4.139426508027724e-02,  1.352381970209835e-01, -2.655211017374886e-01,  4.992554967431733e-02
  2.680000000000000e+00, -2.212557183027904e-01, -1.204101366884467e-01,  3.706500501630493e-02,  1.408289244777321e-01, -2.743105282524371e-01,  4.273364022371016e-02
  2.690000000000000e+00, -2.312334432397188e-01, -1.217600288671492e-01,  3.247657231692723e-02,  1.467861312996762e-01, -2.822407095211010e-01,  3.441287978306819e-02
  2.700000000000000e+00, -2.416571503208906e-01, -1.226713092102980e-01,  2.765924420862460e-02,  1.531730203654035e-01, -2.891514286401655e-01,  2.487421125589413e-02
  2.710000000000000e+00, -2.523262701182036e-01, -1.228998780396426e-01,  2.273300592287473e-02,  1.601212227576689e-01, -2.948939186915092e-01,  1.401955930441147e-02
  2.720000000000000e+00, -2.629445276200136e-01, -1.222037096907489e-01,  1.788425499245785e-02,  1.678132714598881e-01, -2.993201355124475e-01,  1.770121165970775e-03
  2.730000000000000e+00, -2.731810800473738e-01, -1.203777111671143e-01,  1.331983865971025e-02,  1.764513864231212e-01, -3.022650430751531e-01, -1.189236461513764e-02
  2.740000000000000e+00, -2.827320429955178e-01, -1.172776489053415e-01,  9.219018896069584e-03,  1.862254806209404e-01, -3.035302481819258e-01, -2.689233865901405e-02
  2.750000000000000e+00, -2.913604394486946e-01, -1.128258912572868e-01,  5.701553849669634e-03,  1.972930522640715e-01, -3.028758814883825e-01, -4.305063550671882e-02
  2.760000000000000e+00, -2.989082140932821e-01, -1.070042841787562e-01,  2.817238253282782e-03,  2.097764614270546e-01, -3.000221107352620e-01, -6.009888810254974e-02
  2.770000000000000e+00, -3.052856294839582e-01, -9.984455741938092e-02,  5.504404903374595e-04,  2.237758204552180e-01, -2.946568720879325e-01, -7.770646260560318e-02
  2.780000000000000e+00, -3.104463780087765e-01, -9.142295505807785e-02, -1.168479049737961e-03,  2.393917113107461e-01, -2.864466670479390e-01, -9.550575654806803e-02
  2.790000000000000e+00, -3.143575494122090e-01, -8.185975038715987e-02, -2.448628881130904e-03,  2.567500802994139e-01, -2.750504905825833e-01, -1.131081004769121e-01
  2.800000000000000e+00, -3.169725647598335e-01, -7.132124649243488e-02, -3.421130266385838e-03,  2.760229077382396e-01, -2.601384168355287e-01, -1.301140950503619e-01
  2.810000000000000e+00, -3.182052892209202e-01, -6.002286392894041e-02, -4.211156376734230e-03,  2.974448947939980e-01, -2.414177920880768e-01, -1.461397547893081e-01
  2.820000000000000e+00, -3.179442490089580e-01, -4.821704610396771e-02, -4.932331295685235e-03,  3.213056158714293e-01, -2.186581126330171e-01, -1.608174276867287e-01
  2.830000000000000e+00, -3.160198504124689e-01, -3.618916336823208e-02, -5.648849045513026e-03,  3.479549215710491e-01, -1.917443199217704e-01, -1.738469122246959e-01
  2.840000000000000e+00, -3.122034659084887e-01, -2.421485876509033e-02, -6.355375164935797e-03,  3.777890657923573e-01, -1.607239564160460e-01, -1.850492123460463e-01
  2.850000000000001e+00, -3.062261301591807e-01, -1.253073529451054e-02, -7.037227294952259e-03,  4.111967288081587e-01, -1.258672125239725e-01, -1.942531483459561e-01
  2.860000000000000e+00, -2.977532602186604e-01, -1.303555078175034e-03, -7.658253368946276e-03,  4.485327977333823e-01, -8.773897381297095e-02, -2.013207052975053e-01
  2.870000000000000e+00, -2.864189559617860e-01,  9.387115952087299e-03, -8.197363831500406e-03,  4.900575099149301e-01, -4.725889533586126e-02, -2.061045151664084e-01
  2.880000000000000e+00, -2.718914916405125e-01,  1.954100645899826e-02, -8.688304595237586e-03,  5.358671957044527e-01, -5.729158686592402e-03, -2.084345923856884e-01
  2.890000000000000e+00, -2.539589939648604e-01,  2.920027798095570e-02, -9.252586959746290e-03,  5.858290101255264e-01,  3.521067612746195e-02, -2.081351437150362e-01
  2.900000000000000e+00, -2.326034747382763e-01,  3.839490561835834e-02, -1.009743249531478e-02,  6.395435733987817e-01,  7.372686285307707e-02, -2.050744491789273e-01
  2.910000000000000e+00, -2.080326146511972e-01,  4.709350475140939e-02, -1.146613681954764e-02,  6.963520101814052e-01,  1.080081889711525e-01, -1.992238791093540e-01
  2.920000000000000e+00, -1.806562416842644e-01,  5.518083593583833e-02, -1.355882446313357e-02,  7.553881522951893e-01,  1.364890875846748e-01, -1.906891602853183e-01
  2.930000000000000e+00, -1.510180431868434e-01,  6.246835372103332e-02, -1.646036670905333e-02,  8.156615104822196e-01,  1.580190376753417e-01, -1.796923960744746e-01
  2.940000000000000e+00, -1.197087477550620e-01,  6.872791296525316e-02, -2.010654220097350e-02,  8.761457731119185e-01,  1.719609286357182e-01, -1.665156210327695e-01
  2.950000000000000e+00, -8.728697278381935e-02,  7.373492608812793e-02, -2.429551812159942e-02,  9.358486736514129e-01,  1.782296790500683e-01, -1.514488868188147e-01
  2.960000000000000e+00, -5.422395582503368e-02,  7.731224640457413e-02, -2.873214256210509e-02,  9.938535646949355e-01,  1.772749843126913e-01, -1.347832796982031e-01
  2.970000000000000e+00, -2.087876412254254e-02,  7.936433467075354e-02, -3.308901493761633e-02,  1.049338415521667e+00,  1.700000148095478e-01, -1.168487018258401e-01
  2.980000000000000e+00,  1.249615213205638e-02,  7.989023309305909e-02, -3.706603402780819e-02,  1.101583418666290e+00,  1.576204916293642e-01, -9.806740246203319e-02
  2.990000000000000e+00,  4.572837281514170e-02,  7.897562295325944e-02, -4.042974567635826e-02,  1.149975700070003e+00,  1.414914629018357e-01, -7.899218154021684e-02
  3.000000000000000e+00,  7.869463191593315e-02,  7.677462565518312e-02, -4.302572516212063e-02,  1.194013818409057e+00,  1.229402155896044e-01, -6.030306100281923e-02
  3.010000000000000e+00,  1.112973571785821e-01,  7.348964797776802e-02, -4.477118696913020e-02,  1.233308904865482e+00,  1.031388456626113e-01, -4.275338460153867e-02
  3.020000000000000e+00,  1.434506775265178e-01,  6.935214795134415e-02, -4.564025872125990e-02,  1.267578263012567e+00,  8.303402858370176e-02, -2.708261226955248e-02
  3.030000000000000e+00,  1.750714253057309e-01,  6.460545335960832e-02, -4.564888780384147e-02,  1.296630420891492e+00,  6.333407614901085e-02, -1.392247050169943e-02
  3.040000000000000e+00,  2.060681161045810e-01,  5.948961915671536e-02, -4.483832508867883e-02,  1.320343878732192e+00,  4.453869662454064e-02, -3.715517062309805e-03
  3.050000000000000e+00,  2.363319704043609e-01,  5.422732700549715e-02, -4.325911659196008e-02,  1.338646077679693e+00,  2.698676331624698e-02,  3.342413880854851e-03
  3.060000000000000e+00,  2.657426128336802e-01,  4.901103362877479e-02, -4.096209831918068e-02,  1.351499451659117e+00,  1.089992020835965e-02,  7.329389382105142e-03
  3.070000000000000e+00,  2.941834724591884e-01,  4.399402094166804e-02, -3.799624059072330e-02,  1.358893806738126e+00, -3.586808202719173e-03,  8.592278172616324e-03
  3.080000000000000e+00,  3.215474542797947e-01,  3.928733478456303e-02, -3.440784373179451e-02,  1.360840201116492e+00, -1.640509661645253e-02,  7.711221058588846e-03
  3.090000000000000e+00,  3.477280357044582e-01,  3.496108112844509e-02, -3.023836376216886e-02,  1.357365248840444e+00, -2.753864712589565e-02,  5.438973313921880e-03
  3.100000000000000e+00,  3.726066104577514e-01,  3.104917853538769e-02, -2.552152379219660e-02,  1.348507561620048e+00, -3.701104358541475e-02,  2.622187970138311e-03
  3.110000000000000e+00,  3.960465360241727e-01,  2.755960251869305e-02, -2.028187652446162e-02,  1.334318018321328e+00, -4.487749706960748e-02,  1.123370742567022e-04
  3.120000000000000e+00,  4.178972983977482e-01,  2.448895791572281e-02, -1.453641031971420e-02,  1.314863715716493e+00, -5.122076771828919e-02, -1.322526299589163e-03
  3.130000000000000e+00,  4.380028354567405e-01,  2.183501393823106e-02, -8.299305134270291e-03,  1.290232367652464e+00, -5.614398311354356e-02, -1.073751296245569e-03
  3.140000000000000e+00,  4.562079436749790e-01,  1.960317650365750e-02, -1.588820281885600e-03,  1.260534690903262e+00, -5.975324104484462e-02,  1.249611353827354e-03
  3.150000000000000e+00,  4.723650616303199e-01,  1.780708095908889e-02,  5.566712032074693e-03,  1.225905940432156e+00, -6.213704337893927e-02,  5.784228058449681e-03
  3.160000000000000e+00,  4.863431916791583e-01,  1.646366183228287e-02,  1.312689618775408e-02,  1.186508021488563e+00, -6.335769218884037e-02,  1.240101923113913e-02
  3.170000000000000e+00,  4.980363498326045e-01,  1.558560070117365e-02,  2.104154252653963e-02,  1.142532268275166e+00, -6.346001222159711e-02,  2.071907729239371e-02
  3.180000000000000e+00,  5.073680089440515e-01,  1.517598788880048e-02,  2.925516339362295e-02,  1.094203560383830e+00, -6.248582267277238e-02,  3.014734183810341e-02
  3.190000000000000e+00,  5.142882365358420e-01,  1.522657934893723e-02,  3.770896298020614e-02,  1.041787647370515e+00, -6.047856281396787e-02,  3.994911468558877e-02
  3.200000000000000e+00,  5.187667081302672e-01,  1.571913017841919e-02,  4.633704568880651e-02,  9.856032313417413e-01, -5.747554257451207e-02,  4.931574904668717e-02
  3.210000000000000e+00,  5.207904991596913e-01,  1.663040337895727e-02,  5.506308517187705e-02,  9.260382925410884e-01, -5.349478532683376e-02,  5.745296685684224e-02
  3.220000000000000e+00,  5.203700384422816e-01,  1.794065319367077e-02,  6.380597628601939e-02,  8.635688746551515e-01, -4.852707272592961e-02,  6.368873083607671e-02
  3.230000000000000e+00,  5.175509369025473e-01,  1.964222909157720e-02,  7.249128303768385e-02,  7.987802866330628e-01, -4.254496565001407e-02,  6.758044572645586e-02
  3.240000000000000e+00,  5.124323730798238e-01,  2.174262084151168e-02,  8.105813447108752e-02,  7.323938336760577e-01, -3.552910529512149e-02,  6.898138977679814e-02
  3.250000000000000e+00,  5.051935675892982e-01,  2.425780585677528e-02,  8.946115838842961e-02,  6.652984653289170e-01, -2.750285141291554e-02,  6.804590906545013e-02
  3.260000000000000e+00,  4.961219600597984e-01,  2.719562600475522e-02,  9.768028467623202e-02,  5.985748862712489e-01, -1.856960920748323e-02,  6.517828090105197e-02
  3.270000000000000e+00,  4.856287316672885e-01,  3.053012239103747e-02,  1.057463283537905e-01,  5.334934089783815e-01, -8.943227494047318e-03,  6.093857048271570e-02
  3.280000000000000e+00,  4.742360681165614e-01,  3.416837292467645e-02,  1.137715023139042e-01,  4.714691602961203e-01,  1.046676372939224e-03,  5.592715967947663e-02
  3.290000000000000e+00,  4.625280472723385e-01,  3.791723860455898e-02,  1.219604991578756e-01,  4.139656816507986e-01,  1.098775887718325e-02,  5.069007615671663e-02
  3.300000000000000e+00,  4.510744184326126e-01,  4.146528177918940e-02,  1.305770748437109e-01,  3.623565350924888e-01,  2.045687585217362e-02,  4.569491938543481e-02
  3.310000000000000e+00,  4.403527381495898e-01,  4.439698755163168e-02,  1.398609311606498e-01,  3.177769539849142e-01,  2.911590329455479e-02,  4.139579607106136e-02
  3.320000000000000e+00,  4.306972459017203e-01,  4.624728239649611e-02,  1.499310660177573e-01,  2.810090634579455e-01,  3.679758903218137e-02,  3.833565954459795e-02
  3.330000000000000e+00,  4.222912732054852e-01,  4.658345663889896e-02,  1.607361213416380e-01,  2.524359863238859e-01,  4.354265969360748e-02,  3.717987101053059e-02
  3.340000000000000e+00,  4.151957186059969e-01,  4.508386171496648e-02,  1.720741305049700e-01,  2.320631321742202e-01,  4.956927183951887e-02,  3.861873661574058e-02
  3.350000000000001e+00,  4.093855157335553e-01,  4.158815119099035e-02,  1.836398694494937e-01,  2.195652106909134e-01,  5.517982112501968e-02,  4.318667120444976e-02
  3.360000000000000e+00,  4.047691419271636e-01,  3.611251158975937e-02,  1.950474456139704e-01,  2.143206012733876e-01,  6.062287097727063e-02,  5.109546020388988e-02
  3.370000000000000e+00,  4.011863903071612e-01,  2.883312346884082e-02,  2.058257810884624e-01,  2.154335479175103e-01,  6.594573250188254e-02,  6.214312157435826e-02
  3.380000000000000e+00,  3.983959447766522e-01,  2.004353843720263e-02,  2.154350893051820e-01,  2.217720383367617e-01,  7.091089445885085e-02,  7.571232430370918e-02
  3.390000000000000e+00,  3.960696285112161e-01,  1.009928292667817e-02,  2.233472578332592e-01,  2.320423252445307e-01,  7.505412179825363e-02,  9.085292611177040e-02
  3.400000000000000e+00,  3.938073379031907e-01, -6.285616023333773e-04,  2.291775861364976e-01,  2.448958335967798e-01,  7.786105735700932e-02,  1.064318077535007e-01
  3.410000000000000e+00,  3.911745140809284e-01, -1.177739077646822e-02,  2.328058449751828e-01,  2.590414562913415e-01,  7.892654811747581e-02,  1.213148928064355e-01
  3.420000000000000e+00,  3.877497327159274e-01, -2.300424521252808e-02,  2.344206757190002e-01,  2.733313856068610e-01,  7.800173140930533e-02,  1.345317667738108e-01
  3.430000000000000e+00,  3.831668391568707e-01, -3.400452228977668e-02,  2.344609037922943e-01,  2.868073708717253e-01,  7.496715071925096e-02,  1.453844870032935e-01
  3.440000000000000e+00,  3.771420416818219e-01, -4.454523298504887e-02,  2.334824296963157e-01,  2.987162031081153e-01,  6.981121389228803e-02,  1.534894443223380e-01
  3.450000000000000e+00,  3.694839859989454e-01, -5.449806589128170e-02,  2.320153363787832e-01,  3.085087584076038e-01,  6.263224112545904e-02,  1.587546516442576e-01
  3.460000000000000e+00,  3.600911653270149e-01, -6.384866806775502e-02,  2.304690818700941e-01,  3.158295793872301e-01,  5.364129161019198e-02,  1.613128001384616e-01
  3.470000000000000e+00,  3.489426306910274e-01, -7.267160003152839e-02,  2.291010656825552e-01,  3.204978401376604e-01,  4.315255890952033e-02,  1.614485660245651e-01
  3.480000000000000e+00,  3.360871393525158e-01, -8.108246151220611e-02,  2.280259668184823e-01,  3.224828495956614e-01,  3.155809963822844e-02,  1.595395462575018e-01
  3.490000000000000e+00,  3.216361440422165e-01, -8.918937145486949e-02,  2.272392491153411e-01,  3.218790345735612e-01,  1.928893377893474e-02,  1.560068024625839e-01
