Main.Studies.MarkerTracking.t,Main.Studies.MarkerTracking.JointAngleOutputs.OutputFile_LeftLeg.HipFlexion,Main.Studies.MarkerTracking.JointAngleOutputs.OutputFile_LeftLeg.HipAbduction,Main.Studies.MarkerTracking.JointAngleOutputs.OutputFile_LeftLeg.HipExternalRotation,Main.Studies.MarkerTracking.JointAngleOutputs.OutputFile_LeftLeg.KneeFlexion,Main.Studies.MarkerTracking.JointAngleOutputs.OutputFile_LeftLeg.AnklePlantarFlexion,Main.Studies.MarkerTracking.JointAngleOutputs.OutputFile_LeftLeg.SubTalarEversion
  1.600000000000000e+00,  4.379962091337576e-01,  1.193698233137999e-01, -1.504180714925006e-02,  9.257434147465132e-01, -1.882500474076145e-01,  3.407988351949065e-02
  1.610000000000000e+00,  4.474915553912884e-01,  1.190848110534737e-01, -6.262209742012370e-03,  8.619999463892453e-01, -1.788399266109073e-01,  5.174896387578546e-02
  1.620000000000000e+00,  4.543356361856397e-01,  1.194271636743081e-01,  2.628831696020965e-03,  7.944860125080695e-01, -1.680872702721569e-01,  6.779108745071093e-02
  1.630000000000000e+00,  4.586709152556704e-01,  1.204784740192089e-01,  1.151615700475987e-02,  7.238158682996233e-01, -1.561374427537541e-01,  8.152079037187311e-02
  1.640000000000000e+00,  4.606916016805343e-01,  1.223665331943808e-01,  2.029215057395309e-02,  6.508298010654398e-01, -1.431171016102234e-01,  9.243551105493371e-02
  1.650000000000000e+00,  4.606660385171077e-01,  1.252409271278812e-01,  2.890883269184597e-02,  5.766789563310682e-01, -1.291656707248938e-01,  1.001988962678559e-01
  1.660000000000000e+00,  4.589884589584403e-01,  1.292464581627619e-01,  3.747677473524254e-02,  5.029137947644877e-01, -1.145130222640744e-01,  1.044758700725497e-01
  1.670000000000000e+00,  4.561944045069471e-01,  1.344279755910640e-01,  4.639210893093787e-02,  4.315051443830475e-01, -9.955781823339765e-02,  1.047560102488171e-01
  1.680000000000000e+00,  4.529491659804963e-01,  1.406191271120090e-01,  5.638554118591109e-02,  3.647535816450442e-01, -8.491548558886225e-02,  1.002173566516509e-01
  1.690000000000000e+00,  4.498986505722392e-01,  1.472907045097347e-01,  6.825370305023122e-02,  3.049396735560395e-01, -7.132304353140857e-02,  9.017446820987791e-02
  1.700000000000000e+00,  4.475504870708714e-01,  1.536156632095751e-01,  8.237732815530237e-02,  2.539427039732546e-01, -5.949279958258654e-02,  7.468678915193107e-02
  1.710000000000000e+00,  4.461047237450131e-01,  1.585955046949221e-01,  9.814616849231664e-02,  2.128314967027629e-01, -4.991522674218089e-02,  5.560049052487041e-02
  1.720000000000000e+00,  4.454925687297985e-01,  1.613616697508740e-01,  1.140296395577125e-01,  1.818607570587830e-01, -4.284382854510691e-02,  3.636395142938528e-02
  1.730000000000000e+00,  4.455596408558141e-01,  1.613409018496286e-01,  1.282361677321207e-01,  1.608150650017620e-01, -3.834978835412439e-02,  2.088983926422124e-02
  1.740000000000000e+00,  4.461261521531878e-01,  1.582315217494406e-01,  1.393521238309821e-01,  1.492084499541586e-01, -3.625579229397293e-02,  1.246368304468015e-02
  1.750000000000000e+00,  4.470754788353558e-01,  1.519341709091153e-01,  1.467239275080351e-01,  1.464611951977046e-01, -3.604904504182114e-02,  1.297659899235643e-02
  1.760000000000000e+00,  4.483253690358666e-01,  1.424978936899723e-01,  1.504701425032589e-01,  1.518636761410421e-01, -3.684114919218547e-02,  2.278315331274849e-02
  1.770000000000000e+00,  4.498078292097166e-01,  1.301290341963461e-01,  1.513284171505269e-01,  1.645486547729007e-01, -3.751107571522933e-02,  4.080853397054807e-02
  1.780000000000000e+00,  4.513721524260050e-01,  1.152139371314804e-01,  1.503354352558670e-01,  1.833883392030231e-01, -3.697776540057824e-02,  6.497735042336188e-02
  1.790000000000000e+00,  4.527265933115622e-01,  9.832273428691862e-02,  1.484727493301662e-01,  2.069776076284009e-01, -3.451831706043943e-02,  9.273439817195354e-02
  1.800000000000000e+00,  4.534495955351764e-01,  8.016104945331559e-02,  1.464476726609271e-01,  2.337320634854583e-01, -2.997330331698709e-02,  1.215057338413985e-01
  1.810000000000000e+00,  4.529955985994875e-01,  6.145705994286277e-02,  1.446032748566229e-01,  2.619366107704044e-01, -2.372015111885625e-02,  1.491916275508122e-01
  1.820000000000000e+00,  4.508331774088476e-01,  4.285790860962613e-02,  1.430341143652911e-01,  2.899236303655414e-01, -1.655746457383661e-02,  1.743542841540786e-01
  1.830000000000000e+00,  4.466005721635526e-01,  2.486708979254293e-02,  1.417251458975310e-01,  3.162552473293406e-01, -9.563570261583006e-03,  1.962193815285876e-01
  1.840000000000000e+00,  4.401804265207165e-01,  7.808592377285262e-03,  1.406180732428390e-01,  3.398316175520325e-01, -3.909785535853854e-03,  2.145912310050130e-01
  1.850000000000000e+00,  4.317168030991132e-01, -8.140556363174456e-03,  1.396871180189832e-01,  3.599836283511545e-01, -6.701394399351859e-04,  2.295481725427125e-01
  1.860000000000000e+00,  4.215071597719076e-01, -2.293762188079174e-02,  1.389296339069931e-01,  3.764043318870936e-01, -6.030631771686281e-04,  2.413134844110577e-01
  1.870000000000000e+00,  4.099169928515946e-01, -3.655837934344608e-02,  1.383709250253285e-01,  3.890892399821079e-01, -4.054252591823241e-03,  2.500520568226134e-01
  1.880000000000000e+00,  3.972455690552194e-01, -4.898821869457803e-02,  1.380108308286755e-01,  3.981573549304389e-01, -1.089847496687435e-02,  2.559918571586248e-01
  1.890000000000000e+00,  3.836838827790400e-01, -6.017955113524898e-02,  1.378226961438408e-01,  4.037673913304488e-01, -2.063850414664412e-02,  2.594053326846528e-01
  1.900000000000000e+00,  3.693187247091624e-01, -7.004706747816547e-02,  1.377524213229460e-01,  4.060771183863926e-01, -3.256263331526507e-02,  2.605974586696468e-01
  1.910000000000000e+00,  3.541692553570235e-01, -7.848765382624134e-02,  1.377166778340499e-01,  4.052446481743248e-01, -4.589410498411419e-02,  2.599016453554795e-01
  1.920000000000000e+00,  3.382258628193036e-01, -8.541546721160143e-02,  1.376005548423004e-01,  4.014474341150560e-01, -5.989571183513546e-02,  2.576875254599204e-01
  1.930000000000000e+00,  3.214945920115526e-01, -9.078192593449486e-02,  1.372699852889476e-01,  3.949171345568340e-01, -7.394122853121152e-02,  2.543395249147788e-01
  1.940000000000000e+00,  3.039828590501745e-01, -9.460950446163885e-02,  1.365633544035675e-01,  3.859218619136867e-01, -8.753624529006465e-02,  2.502731791558921e-01
  1.950000000000000e+00,  2.857075040706337e-01, -9.698423916423748e-02,  1.353152999384855e-01,  3.747611903617488e-01, -1.003327760357801e-01,  2.458952665269022e-01
  1.960000000000000e+00,  2.666892174811320e-01, -9.805936610752886e-02,  1.333831471354701e-01,  3.617480444885307e-01, -1.121110368807343e-01,  2.415803980196466e-01
  1.970000000000000e+00,  2.469326982088705e-01, -9.802153041933548e-02,  1.306609626901422e-01,  3.471624165575213e-01, -1.227709246298841e-01,  2.376355768360558e-01
  1.980000000000000e+00,  2.264442419572295e-01, -9.707426080335457e-02,  1.271111621151339e-01,  3.312535765849921e-01, -1.323048645772489e-01,  2.342678336903365e-01
  1.990000000000000e+00,  2.052186283642685e-01, -9.542489428319811e-02,  1.227595777251330e-01,  3.142053789214335e-01, -1.407630172648789e-01,  2.316043192074573e-01
  2.000000000000000e+00,  1.832841258825763e-01, -9.324107763152933e-02,  1.177233992675434e-01,  2.961944575705983e-01, -1.482544507006035e-01,  2.296252108996969e-01
  2.010000000000000e+00,  1.606788238956464e-01, -9.065358460116091e-02,  1.121835002176617e-01,  2.773712640500254e-01, -1.549175956571062e-01,  2.282140586826604e-01
  2.020000000000000e+00,  1.374747641894506e-01, -8.774742759649223e-02,  1.063890296484979e-01,  2.579087945208280e-01, -1.609226387414942e-01,  2.271381405727916e-01
  2.030000000000000e+00,  1.137448619690027e-01, -8.457739342393844e-02,  1.006119313379562e-01,  2.379754390330305e-01, -1.664535622793748e-01,  2.261195137230638e-01
  2.040000000000000e+00,  8.958195002931578e-02, -8.117984717701110e-02,  9.513394393537659e-02,  2.177660911548372e-01, -1.717089299002874e-01,  2.248470410016258e-01
  2.050000000000000e+00,  6.510139569279119e-02, -7.758591035841156e-02,  9.021787127508633e-02,  1.975108183304816e-01, -1.768990308631714e-01,  2.230113048375956e-01
  2.060000000000000e+00,  4.042291707588080e-02, -7.383315452688177e-02,  8.605823705975302e-02,  1.774500363674616e-01, -1.822312466904670e-01,  2.203792816941605e-01
  2.070000000000000e+00,  1.570839232418529e-02, -6.996639046682596e-02,  8.278710086024675e-02,  1.578735245028548e-01, -1.879238028412041e-01,  2.167786617563162e-01
  2.080000000000000e+00, -8.856731542713032e-03, -6.604694151024448e-02,  8.044064690291516e-02,  1.390857789550078e-01, -1.941906146506294e-01,  2.121560700645933e-01
  2.090000000000000e+00, -3.306696700784667e-02, -6.215344570389969e-02,  7.895668414417915e-02,  1.213977710314931e-01, -2.012355642771029e-01,  2.065774304669973e-01
  2.100000000000000e+00, -5.671718274081244e-02, -5.837872783525211e-02,  7.817188402072238e-02,  1.051017958586496e-01, -2.092357160585443e-01,  2.002270618966444e-01
  2.110000000000000e+00, -7.959698613054196e-02, -5.482461635075864e-02,  7.786070654639296e-02,  9.048278359712389e-02, -2.183391342490998e-01,  1.933363897403980e-01
  2.120000000000000e+00, -1.015448740204917e-01, -5.159573912899162e-02,  7.772301166367086e-02,  7.774913286050607e-02, -2.286274144201740e-01,  1.862117312267436e-01
  2.130000000000000e+00, -1.224422740648626e-01, -4.879427866854669e-02,  7.745578996567302e-02,  6.705173428009110e-02, -2.401230740487887e-01,  1.791277538031230e-01
  2.140000000000000e+00, -1.422658978366871e-01, -4.651129160675582e-02,  7.676880497680451e-02,  5.842621782461649e-02, -2.527667238837097e-01,  1.723249959746705e-01
  2.150000000000000e+00, -1.610462984409305e-01, -4.482957002253141e-02,  7.549746038376985e-02,  5.187101808783751e-02, -2.664589697983543e-01,  1.658368851138926e-01
  2.160000000000000e+00, -1.789338326776989e-01, -4.381463695967303e-02,  7.355571718642867e-02,  4.726299665202743e-02, -2.810232582825364e-01,  1.595904972921278e-01
  2.170000000000000e+00, -1.961694496426427e-01, -4.352309765102924e-02,  7.095057461179144e-02,  4.440559423694271e-02, -2.962185830070790e-01,  1.533661007608955e-01
  2.180000000000000e+00, -2.129984890143674e-01, -4.400524123386940e-02,  6.782803812836938e-02,  4.313070109218413e-02, -3.117865161193963e-01,  1.467164256838641e-01
  2.190000000000000e+00, -2.296806320602034e-01, -4.528475686595179e-02,  6.433489938952472e-02,  4.323382941744435e-02, -3.274054585507807e-01,  1.392010035790582e-01
  2.200000000000000e+00, -2.463743906826659e-01, -4.731903185702047e-02,  6.066196214574176e-02,  4.459200642090771e-02, -3.427427180792089e-01,  1.303415002433437e-01
  2.210000000000000e+00, -2.631125069835004e-01, -4.990059223724819e-02,  5.702176742520441e-02,  4.716072899737073e-02, -3.574565723955262e-01,  1.197196737910804e-01
  2.220000000000000e+00, -2.797907588689139e-01, -5.256054173530056e-02,  5.368226654514367e-02,  5.098426002934398e-02, -3.712132607181883e-01,  1.070012945578591e-01
  2.230000000000000e+00, -2.961956404802337e-01, -5.457339231121505e-02,  5.098753959063346e-02,  5.618204964666507e-02, -3.836901470510288e-01,  9.194484190197864e-02
  2.240000000000000e+00, -3.120572243907713e-01, -5.512036508961238e-02,  4.930502867073448e-02,  6.291417909689118e-02, -3.945539912296553e-01,  7.444135399616052e-02
  2.250000000000000e+00, -3.270889647124448e-01, -5.350810346791479e-02,  4.894330383509884e-02,  7.137157607318602e-02, -4.034441312052134e-01,  5.453477307623696e-02
  2.260000000000000e+00, -3.410619460136795e-01, -4.928219676042533e-02,  5.000657469501471e-02,  8.170402918895647e-02, -4.099354686357534e-01,  3.255444027029309e-02
  2.270000000000000e+00, -3.538226033222737e-01, -4.223225056211111e-02,  5.237216621178019e-02,  9.402582010263520e-02, -4.135561414778414e-01,  9.100877875951333e-03
  2.280000000000000e+00, -3.653038873558909e-01, -3.235849204618990e-02,  5.568942943056979e-02,  1.084106488444890e-01, -4.138053159596924e-01, -1.496172197530442e-02
  2.290000000000000e+00, -3.755092469973736e-01, -1.985564280642182e-02,  5.941705001234919e-02,  1.249121595049898e-01, -4.101819922595435e-01, -3.856304046422659e-02
  2.300000000000000e+00, -3.844772970554330e-01, -5.114252293292321e-03,  6.288624376764324e-02,  1.436011534378498e-01, -4.022195310169674e-01, -6.052137106982933e-02
  2.310000000000000e+00, -3.922354154647756e-01,  1.128865710550708e-02,  6.540680532243696e-02,  1.646157775755527e-01, -3.895271410196617e-01, -7.969202434821650e-02
  2.320000000000000e+00, -3.987571546965237e-01,  2.863925617145791e-02,  6.642596550204531e-02,  1.882155908616261e-01, -3.718375582882159e-01, -9.518299339767528e-02
  2.330000000000000e+00, -4.039363446148403e-01,  4.618016209118814e-02,  6.569922275171462e-02,  2.148186532439416e-01, -3.490555364352872e-01, -1.065926742963238e-01
  2.340000000000000e+00, -4.075749788609871e-01,  6.321865873270993e-02,  6.338322948435825e-02,  2.449960337432845e-01, -3.213047406931607e-01, -1.141528078221189e-01
  2.350000000000000e+00, -4.093665570927332e-01,  7.921434075431355e-02,  5.998207630389779e-02,  2.794135038705877e-01, -2.889820704006657e-01, -1.186730449175279e-01
  2.360000000000000e+00, -4.088650366365214e-01,  9.382916718587664e-02,  5.616780071043991e-02,  3.187389852785829e-01, -2.528319669070588e-01, -1.213019978484187e-01
  2.370000000000000e+00, -4.054953540903328e-01,  1.069336121620770e-01,  5.253428472840946e-02,  3.635030937503699e-01, -2.140207862154467e-01, -1.231686218024043e-01
  2.380000000000000e+00, -3.985785200339197e-01,  1.185737783544085e-01,  4.942703271455567e-02,  4.140144370916514e-01, -1.741901325379502e-01, -1.251427925036549e-01
  2.390000000000000e+00, -3.874458719363278e-01,  1.289040546113285e-01,  4.684552737120962e-02,  4.702506538901329e-01, -1.353973027078852e-01, -1.276704018938873e-01
  2.400000000000000e+00, -3.716003077508206e-01,  1.380986204641168e-01,  4.448040095176244e-02,  5.317669944840249e-01, -9.989706825742631e-02, -1.307571242943480e-01
  2.410000000000000e+00, -3.508286083409768e-01,  1.462928701850275e-01,  4.189206629472515e-02,  5.976980465628884e-01, -6.980112653989060e-02, -1.341250354196201e-01
  2.420000000000000e+00, -3.252345368346478e-01,  1.535692575849779e-01,  3.870961496407879e-02,  6.668355221613591e-01, -4.672684720218331e-02, -1.374217945553299e-01
  2.430000000000000e+00, -2.952486771918812e-01,  1.599458742798501e-01,  3.473356243877329e-02,  7.377013177500903e-01, -3.157095089406444e-02, -1.403097697507252e-01
  2.440000000000000e+00, -2.615330961347828e-01,  1.653874646742572e-01,  2.995360150860319e-02,  8.086979409582448e-01, -2.447510188246951e-02, -1.425372890280972e-01
  2.450000000000000e+00, -2.248557012199307e-01,  1.698218428110430e-01,  2.449579637977327e-02,  8.782579725518187e-01, -2.494218822463340e-02, -1.439492779724567e-01
  2.460000000000000e+00, -1.859698068395316e-01,  1.731578113287910e-01,  1.854982596474388e-02,  9.449656990008074e-01, -3.203550316425464e-02, -1.444677684676159e-01
  2.470000000000000e+00, -1.455347676189027e-01,  1.753025519347524e-01,  1.231251953568772e-02,  1.007626750926556e+00, -4.458254772177708e-02, -1.440657539561938e-01
  2.480000000000000e+00, -1.040906428781821e-01,  1.761774877583990e-01,  5.963744433613433e-03,  1.065283133799169e+00, -6.132470622144077e-02, -1.427462687940916e-01
  2.490000000000000e+00, -6.207075477163158e-02,  1.757615026863386e-01, -3.306753160965806e-04,  1.117195988941327e+00, -8.101646573509155e-02, -1.405596720936676e-01
  2.500000000000000e+00, -1.984600424613511e-02,  1.740751652571406e-01, -6.410847752475876e-03,  1.162803363979591e+00, -1.024744100447890e-01, -1.375681073173540e-01
  2.510000000000000e+00,  2.223473194469392e-02,  1.712032090027695e-01, -1.211224754041693e-02,  1.201685527203893e+00, -1.246365180500993e-01, -1.338578562854241e-01
  2.520000000000000e+00,  6.380928213946616e-02,  1.672816018659529e-01, -1.726123699240744e-02,  1.233531495459587e+00, -1.466035039252120e-01, -1.295210471647076e-01
  2.530000000000000e+00,  1.044902303575890e-01,  1.624828882360920e-01, -2.167392285272323e-02,  1.258116339896188e+00, -1.676589100807277e-01, -1.246396850888598e-01
  2.540000000000000e+00,  1.438810338104482e-01,  1.569988323323686e-01, -2.515970684490705e-02,  1.275288911384827e+00, -1.872607398659107e-01, -1.192676585558194e-01
  2.550000000000000e+00,  1.816100995390288e-01,  1.510248883264294e-01, -2.752939057741695e-02,  1.284965871624252e+00, -2.050146786909209e-01, -1.134124509208839e-01
  2.560000000000000e+00,  2.173620209641403e-01,  1.447489841340659e-01, -2.860541611470006e-02,  1.287126701966868e+00, -2.206454030613446e-01, -1.070212345896525e-01
  2.570000000000000e+00,  2.508922828061102e-01,  1.383455489346708e-01, -2.823349887952349e-02,  1.281808649072839e+00, -2.339776306279405e-01, -9.997915546711297e-02
  2.580000000000000e+00,  2.820280992595341e-01,  1.319722940007715e-01, -2.629788835369710e-02,  1.269104708766500e+00, -2.449266148773709e-01, -9.212798626733616e-02
  2.590000000000000e+00,  3.106617844531310e-01,  1.257635361548737e-01, -2.273840018863419e-02,  1.249165584757191e+00, -2.534892987578757e-01, -8.330506339650984e-02
  2.600000000000000e+00,  3.367388172756114e-01,  1.198196045855702e-01, -1.756409419221318e-02,  1.222203143408590e+00, -2.597270806870199e-01, -7.339358735069161e-02
  2.610000000000000e+00,  3.602379410057454e-01,  1.141983292279398e-01, -1.086140995576382e-02,  1.188491866350258e+00, -2.637337841870134e-01, -6.236883436415583e-02
  2.620000000000000e+00,  3.811556564367889e-01,  1.089276355969784e-01, -2.802368707251194e-03,  1.148374870728773e+00, -2.655985277569698e-01, -5.036772596638640e-02
  2.630000000000000e+00,  3.994758316162325e-01,  1.040039546681848e-01,  6.359682239437968e-03,  1.102261966961598e+00, -2.653679243016479e-01, -3.765718288804768e-02
  2.640000000000000e+00,  4.151736716970433e-01,  9.942135145354691e-02,  1.629121284475648e-02,  1.050641709981700e+00, -2.630358405922322e-01, -2.461764732338323e-02
  2.650000000000000e+00,  4.282214902203136e-01,  9.519208177083360e-02,  2.659182988635542e-02,  9.940887589553726e-01, -2.585447205950130e-01, -1.164460294648543e-02
  2.660000000000000e+00,  4.385956964936739e-01,  9.136129919164637e-02,  3.681844848576933e-02,  9.332689142331390e-01, -2.517948789063406e-01,  9.663479574720930e-04
  2.670000000000000e+00,  4.462807275395442e-01,  8.801016227765746e-02,  4.652015463222693e-02,  8.689430296134181e-01, -2.426652505605089e-01,  1.311306210452038e-02
  2.680000000000000e+00,  4.512793296086286e-01,  8.525204784438611e-02,  5.528005771046594e-02,  8.019739360512491e-01, -2.310532084618141e-01,  2.491966780007180e-02
  2.690000000000000e+00,  4.536426116160834e-01,  8.323022667577051e-02,  6.276237533474845e-02,  7.333395761027296e-01, -2.169356564943619e-01,  3.668097977966087e-02
  2.700000000000000e+00,  4.534998079542734e-01,  8.209585364631455e-02,  6.877067467682607e-02,  6.641416496892739e-01, -2.004352126657900e-01,  4.874904086126649e-02
  2.710000000000000e+00,  4.511183466936062e-01,  8.201281291795182e-02,  7.330814410752319e-02,  5.956293030155022e-01, -1.818966463370019e-01,  6.128951559385782e-02
  2.720000000000000e+00,  4.469091494192118e-01,  8.310894275701730e-02,  7.664730820669005e-02,  5.291907229787588e-01, -1.619288840884895e-01,  7.408111408776298e-02
  2.730000000000000e+00,  4.414068858145865e-01,  8.541846558711952e-02,  7.936673480250996e-02,  4.663166277328233e-01, -1.414129932823133e-01,  8.635531035159294e-02
  2.740000000000000e+00,  4.352043332478334e-01,  8.880812401050164e-02,  8.230059765152455e-02,  4.085055407286713e-01, -1.214453486114333e-01,  9.682976784584776e-02
  2.750000000000000e+00,  4.288111275261679e-01,  9.288439175158869e-02,  8.631182911817666e-02,  3.570603120055219e-01, -1.031794603920057e-01,  1.041591983732625e-01
  2.760000000000000e+00,  4.226070629823160e-01,  9.707074668327098e-02,  9.203068555465235e-02,  3.129683531633355e-01, -8.766988060652428e-02,  1.073329104283740e-01
  2.770000000000000e+00,  4.167162298989217e-01,  1.006503197986153e-01,  9.955641571399566e-02,  2.767052073592765e-01, -7.565888857214995e-02,  1.063579071414488e-01
  2.780000000000000e+00,  4.110920237207153e-01,  1.029533580368438e-01,  1.085000579278182e-01,  2.483428367164543e-01, -6.751624341810622e-02,  1.021823244724266e-01
  2.790000000000000e+00,  4.055765359825835e-01,  1.034559592268689e-01,  1.181753141766251e-01,  2.276529887636319e-01, -6.323085768781138e-02,  9.639288160102913e-02
  2.800000000000000e+00,  3.999666828558742e-01,  1.018154882081186e-01,  1.278386359439567e-01,  2.142242170817787e-01, -6.247260075587965e-02,  9.074140932176242e-02
  2.810000000000000e+00,  3.940826688692712e-01,  9.786850382891021e-02,  1.368594535710754e-01,  2.075585853830973e-01, -6.470910395131603e-02,  8.667713107663259e-02
  2.820000000000000e+00,  3.877680940149543e-01,  9.161006548948580e-02,  1.447385519618403e-01,  2.070424935642702e-01, -6.932303731612660e-02,  8.507525172207502e-02
  2.830000000000000e+00,  3.808809732430812e-01,  8.318059495419883e-02,  1.510370623105327e-01,  2.118899673315301e-01, -7.573356807797138e-02,  8.610349093929491e-02
  2.840000000000000e+00,  3.733006196297552e-01,  7.284951645410254e-02,  1.552943238313351e-01,  2.211179323539321e-01, -8.349632645051799e-02,  8.923735358436881e-02
  2.850000000000001e+00,  3.649093260032835e-01,  6.096628468504073e-02,  1.569863646621496e-01,  2.335129532504714e-01, -9.230030683060313e-02,  9.353845758984405e-02
  2.860000000000000e+00,  3.556669779043529e-01,  4.791587929739638e-02,  1.556909951225599e-01,  2.477652177802699e-01, -1.019073283915752e-01,  9.789814397768465e-02
  2.870000000000000e+00,  3.482434744115634e-01,  3.390690108430339e-02,  1.512431115332075e-01,  2.625171039703008e-01, -1.118754726273348e-01,  1.015183103495157e-01
  2.880000000000000e+00,  3.406670458948337e-01,  1.997735127133260e-02,  1.437180983976221e-01,  2.766774485318781e-01, -1.219664985407311e-01,  1.039380505399402e-01
  2.890000000000000e+00,  3.292722492812665e-01,  5.838059739040391e-03,  1.339416064526971e-01,  2.894621560092962e-01, -1.324578486935040e-01,  1.044065155229215e-01
  2.900000000000000e+00,  3.178931935777505e-01, -8.108651135817491e-03,  1.225719746787294e-01,  3.002454188914990e-01, -1.429615775102437e-01,  1.032773925096104e-01
  2.910000000000000e+00,  3.069682672890388e-01, -2.168608954185602e-02,  1.104779610786421e-01,  3.087751616890696e-01, -1.534620221867468e-01,  1.007084370078830e-01
  2.920000000000000e+00,  2.968384653528861e-01, -3.478668883560565e-02,  9.846492038746567e-02,  3.150202059506231e-01, -1.639539038572043e-01,  9.690705283101643e-02
  2.930000000000000e+00,  2.877281105057174e-01, -4.734617297184318e-02,  8.722257143870427e-02,  3.191172971409357e-01, -1.744035985256277e-01,  9.204512278248508e-02
  2.940000000000000e+00,  2.797521573923178e-01, -5.933438641000977e-02,  7.728345734291578e-02,  3.213024893526079e-01, -1.847342785463118e-01,  8.629050537422278e-02
  2.950000000000000e+00,  2.729115832650357e-01, -7.072717417594010e-02,  6.898474113729168e-02,  3.218613553018307e-01, -1.948483392666838e-01,  7.986772818634572e-02
  2.960000000000000e+00,  2.671296133085708e-01, -8.150806436848934e-02,  6.250375697848100e-02,  3.211209421652291e-01, -2.046442725348308e-01,  7.300668281076816e-02
  2.970000000000000e+00,  2.622251861647137e-01, -9.163153145413250e-02,  5.785837965934448e-02,  3.194111002423598e-01, -2.140205857612897e-01,  6.590235901141785e-02
  2.980000000000000e+00,  2.579444050879916e-01, -1.010050702571683e-01,  5.494121055167782e-02,  3.170611592995042e-01, -2.228806055157347e-01,  5.866231596680951e-02
  2.990000000000000e+00,  2.540457184278003e-01, -1.094619184824972e-01,  5.355514590261425e-02,  3.143513161410199e-01, -2.310900188082606e-01,  5.142796291154671e-02
  3.000000000000000e+00,  2.502598889159721e-01, -1.169599484702233e-01,  5.327504964720223e-02,  3.115213807899964e-01, -2.385323981725352e-01,  4.434711092708998e-02
  3.010000000000000e+00,  2.463120102534616e-01, -1.236867731323308e-01,  5.361942242748164e-02,  3.086688755630413e-01, -2.452604278109377e-01,  3.741318758887972e-02
