Main.Studies.MarkerTracking.t,Main.Studies.MarkerTracking.JointAngleOutputs.OutputFile_RightLeg.HipFlexion,Main.Studies.MarkerTracking.JointAngleOutputs.OutputFile_RightLeg.HipAbduction,Main.Studies.MarkerTracking.JointAngleOutputs.OutputFile_RightLeg.HipExternalRotation,Main.Studies.MarkerTracking.JointAngleOutputs.OutputFile_RightLeg.KneeFlexion,Main.Studies.MarkerTracking.JointAngleOutputs.OutputFile_RightLeg.AnklePlantarFlexion,Main.Studies.MarkerTracking.JointAngleOutputs.OutputFile_RightLeg.SubTalarEversion
  7.340000000000000e+00,  8.975431332165306e-01,  9.799493156411820e-02, -1.218624153946515e-01,  1.154854071826224e+00,  9.751544815557923e-02, -2.824245691192456e-01
  7.350000000000000e+00,  8.973433181157809e-01,  9.790231787925086e-02, -1.222141285022698e-01,  1.154950780318639e+00,  9.747110590206874e-02, -2.822865025944261e-01
  7.359999999999999e+00,  8.971392648860612e-01,  9.781028821151083e-02, -1.225646495643704e-01,  1.155048068149612e+00,  9.742582444287022e-02, -2.821487136088029e-01
  7.370000000000000e+00,  8.969303904313711e-01,  9.771823400479973e-02, -1.229125052383551e-01,  1.155145731160221e+00,  9.737952786633762e-02, -2.820124354799320e-01
  7.380000000000000e+00,  8.967167254782555e-01,  9.762641156625573e-02, -1.232560842490322e-01,  1.155243423674824e+00,  9.733229394116102e-02, -2.818784974753074e-01
  7.390000000000000e+00,  8.964987384541392e-01,  9.753504152726400e-02, -1.235941022301538e-01,  1.155340776282443e+00,  9.728433033535477e-02, -2.817475231405187e-01
  7.399999999999999e+00,  8.962767335091265e-01,  9.744432815819648e-02, -1.239251882610694e-01,  1.155437432099515e+00,  9.723584675262570e-02, -2.816201625741676e-01
  7.410000000000000e+00,  8.960510153811720e-01,  9.735446516702551e-02, -1.242480001811768e-01,  1.155533032415145e+00,  9.718708558939185e-02, -2.814970386619678e-01
  7.420000000000000e+00,  8.958218813016774e-01,  9.726562740165945e-02, -1.245612463655109e-01,  1.155627220705653e+00,  9.713830591534679e-02, -2.813787490479523e-01
  7.430000000000000e+00,  8.955896121618190e-01,  9.717796656299593e-02, -1.248637044301432e-01,  1.155719649828550e+00,  9.708976155588049e-02, -2.812658659303850e-01
  7.440000000000000e+00,  8.953544618070415e-01,  9.709160378642001e-02, -1.251542400172492e-01,  1.155809987893889e+00,  9.704168866351350e-02, -2.811589268052266e-01
  7.450000000000000e+00,  8.951166395559401e-01,  9.700661864162563e-02, -1.254318190871995e-01,  1.155897917865545e+00,  9.699430875527926e-02, -2.810584168581159e-01
  7.460000000000000e+00,  8.948763044315151e-01,  9.692305030655279e-02, -1.256955067963214e-01,  1.155983136776791e+00,  9.694783208825986e-02, -2.809647505539467e-01
  7.470000000000000e+00,  8.946335920368794e-01,  9.684092095580010e-02, -1.259444636867435e-01,  1.156065363985884e+00,  9.690245356413414e-02, -2.808782608101554e-01
  7.480000000000000e+00,  8.943886570826478e-01,  9.676026213884970e-02, -1.261779578468311e-01,  1.156144355016621e+00,  9.685834967525908e-02, -2.807991955081991e-01
  7.490000000000000e+00,  8.941416950095564e-01,  9.668112186858768e-02, -1.263953922835105e-01,  1.156219910038472e+00,  9.681567876907847e-02, -2.807277163957644e-01
  7.500000000000000e+00,  8.938929360599213e-01,  9.660355873875393e-02, -1.265963242252796e-01,  1.156291874391521e+00,  9.677458005880482e-02, -2.806639031959384e-01
  7.510000000000000e+00,  8.936426371669516e-01,  9.652763884120508e-02, -1.267804688129660e-01,  1.156360138174335e+00,  9.673517036904392e-02, -2.806077669269024e-01
  7.520000000000000e+00,  8.933910881501761e-01,  9.645343671530471e-02, -1.269477025384253e-01,  1.156424637753772e+00,  9.669753976614176e-02, -2.805592660004962e-01
  7.530000000000000e+00,  8.931386177017069e-01,  9.638103350819960e-02, -1.270980677269987e-01,  1.156485353166282e+00,  9.666174823542199e-02, -2.805183168963922e-01
  7.540000000000000e+00,  8.928855831588082e-01,  9.631051077297492e-02, -1.272317640610924e-01,  1.156542300417823e+00,  9.662782637415887e-02, -2.804847963455457e-01
  7.550000000000000e+00,  8.926323608671111e-01,  9.624194584750434e-02, -1.273491282080587e-01,  1.156595527404817e+00,  9.659578084377420e-02, -2.804585338417937e-01
  7.560000000000000e+00,  8.923793546716675e-01,  9.617541154673304e-02, -1.274506153525894e-01,  1.156645116033545e+00,  9.656560259624396e-02, -2.804392995531801e-01
  7.570000000000000e+00,  8.921270009685378e-01,  9.611097371889188e-02, -1.275367888758356e-01,  1.156691181599055e+00,  9.653727470191815e-02, -2.804268012518144e-01
  7.580000000000000e+00,  8.918757472177170e-01,  9.604868158098467e-02, -1.276083126656671e-01,  1.156733865055452e+00,  9.651077440534690e-02, -2.804206939662546e-01
  7.590000000000000e+00,  8.916260195465470e-01,  9.598855650514615e-02, -1.276659387002747e-01,  1.156773324242791e+00,  9.648606647151206e-02, -2.804205876495625e-01
  7.600000000000000e+00,  8.913782102967340e-01,  9.593059087328237e-02, -1.277104903115791e-01,  1.156809728840216e+00,  9.646309465564641e-02, -2.804260502929785e-01
  7.609999999999999e+00,  8.911326921417184e-01,  9.587476117899274e-02, -1.277428390402781e-01,  1.156843258358914e+00,  9.644177920285672e-02, -2.804366186547420e-01
  7.620000000000000e+00,  8.908898332104872e-01,  9.582104416041060e-02, -1.277638755839591e-01,  1.156874101020742e+00,  9.642201743338526e-02, -2.804518138106770e-01
  7.630000000000000e+00,  8.906499933165981e-01,  9.576942360733476e-02, -1.277744903578641e-01,  1.156902451530381e+00,  9.640368358910702e-02, -2.804711532064342e-01
  7.640000000000000e+00,  8.904135135772556e-01,  9.571988995699132e-02, -1.277755656366192e-01,  1.156928506741234e+00,  9.638663482370249e-02, -2.804941569986873e-01
  7.649999999999999e+00,  8.901807116012511e-01,  9.567243762821809e-02, -1.277679681836821e-01,  1.156952460861740e+00,  9.637072416787659e-02, -2.805203469753963e-01
  7.660000000000000e+00,  8.899518781291815e-01,  9.562706055807557e-02, -1.277525518403473e-01,  1.156974505262514e+00,  9.635580538257921e-02, -2.805492456320192e-01
  7.670000000000000e+00,  8.897272768726898e-01,  9.558375062772240e-02, -1.277301755694362e-01,  1.156994833253667e+00,  9.634172723292124e-02, -2.805803852011012e-01
  7.680000000000000e+00,  8.895071522077588e-01,  9.554250263513819e-02, -1.277017126816750e-01,  1.157013640715687e+00,  9.632833444911768e-02, -2.806133216010472e-01
  7.690000000000000e+00,  8.892917362712885e-01,  9.550331900959130e-02, -1.276680362128630e-01,  1.157031118430432e+00,  9.631547955744979e-02, -2.806476449344666e-01
  7.700000000000000e+00,  8.890812431696994e-01,  9.546620483199275e-02, -1.276300006989377e-01,  1.157047444662067e+00,  9.630303256116823e-02, -2.806829872394377e-01
  7.710000000000000e+00,  8.888758566384380e-01,  9.543115924465950e-02, -1.275884368703763e-01,  1.157062785679361e+00,  9.629088324400790e-02, -2.807190259963662e-01
  7.720000000000000e+00,  8.886757286670173e-01,  9.539817689450492e-02, -1.275441480341125e-01,  1.157077301995970e+00,  9.627893946293729e-02, -2.807554766465868e-01
  7.730000000000000e+00,  8.884809870901839e-01,  9.536725374461863e-02, -1.274979049370298e-01,  1.157091154167254e+00,  9.626712121885393e-02, -2.807920810060232e-01
  7.740000000000000e+00,  8.882917403078432e-01,  9.533838758102031e-02, -1.274504450032264e-01,  1.157104504928826e+00,  9.625535339610333e-02, -2.808286057971802e-01
  7.750000000000000e+00,  8.881080814657681e-01,  9.531157867901396e-02, -1.274024684497479e-01,  1.157117518057562e+00,  9.624356440735478e-02, -2.808648461725320e-01
  7.760000000000000e+00,  8.879300940396351e-01,  9.528682987594572e-02, -1.273546355485655e-01,  1.157130356114221e+00,  9.623168826426923e-02, -2.809006238254301e-01
  7.770000000000000e+00,  8.877578537078470e-01,  9.526414125249283e-02, -1.273075718688134e-01,  1.157143178483342e+00,  9.621966161247997e-02, -2.809357833025419e-01
  7.779999999999999e+00,  8.875914286906692e-01,  9.524350719779417e-02, -1.272618656037552e-01,  1.157156139301165e+00,  9.620741861549639e-02, -2.809701925746403e-01
  7.790000000000000e+00,  8.874308832740132e-01,  9.522491916258624e-02, -1.272180545590273e-01,  1.157169385269892e+00,  9.619489618099775e-02, -2.810037493425027e-01
  7.800000000000000e+00,  8.872762834406877e-01,  9.520836704621716e-02, -1.271766204875662e-01,  1.157183054967282e+00,  9.618204931469847e-02, -2.810363892594697e-01
  7.810000000000000e+00,  8.871276996518010e-01,  9.519383563349293e-02, -1.271379970258374e-01,  1.157197280834821e+00,  9.616885944358715e-02, -2.810680916534681e-01
  7.819999999999999e+00,  8.869852004914929e-01,  9.518129503562411e-02, -1.271025852849000e-01,  1.157212190488405e+00,  9.615532817421854e-02, -2.810988818334698e-01
  7.830000000000000e+00,  8.868488393782663e-01,  9.517068849204069e-02, -1.270707625728990e-01,  1.157227902384857e+00,  9.614146725444885e-02, -2.811288250647476e-01
  7.840000000000000e+00,  8.867186473297777e-01,  9.516192826651237e-02, -1.270428756302609e-01,  1.157244519526255e+00,  9.612729271312816e-02, -2.811580121813570e-01
  7.850000000000000e+00,  8.865946375875038e-01,  9.515490353352818e-02, -1.270192302889262e-01,  1.157262128689254e+00,  9.611282177657941e-02, -2.811865502824284e-01
  7.859999999999999e+00,  8.864768122344338e-01,  9.514949273563222e-02, -1.270000816021759e-01,  1.157280803034508e+00,  9.609807341131510e-02, -2.812145624365863e-01
  7.870000000000000e+00,  8.863651612924113e-01,  9.514557370702947e-02, -1.269856150751108e-01,  1.157300602468131e+00,  9.608307303820217e-02, -2.812421841742104e-01
  7.880000000000000e+00,  8.862596551668305e-01,  9.514302903278238e-02, -1.269759262560478e-01,  1.157321573307992e+00,  9.606785272792355e-02, -2.812695517992558e-01
  7.890000000000000e+00,  8.861602342842130e-01,  9.514174506154238e-02, -1.269710144843080e-01,  1.157343748780646e+00,  9.605244371095936e-02, -2.812967899936675e-01
  7.899999999999999e+00,  8.860668013730637e-01,  9.514160775893132e-02, -1.269707927934357e-01,  1.157367147366123e+00,  9.603687513394769e-02, -2.813240057150715e-01
  7.910000000000000e+00,  8.859792207077694e-01,  9.514250254754941e-02, -1.269751031265709e-01,  1.157391769507474e+00,  9.602118475607210e-02, -2.813512875626803e-01
  7.920000000000000e+00,  8.858973175525791e-01,  9.514431608915697e-02, -1.269837301247193e-01,  1.157417596634082e+00,  9.600542470791074e-02, -2.813787069554988e-01
  7.930000000000000e+00,  8.858208688223609e-01,  9.514693016816622e-02, -1.269964171390865e-01,  1.157444592359510e+00,  9.598965351949620e-02, -2.814063204133042e-01
  7.940000000000000e+00,  8.857495881739624e-01,  9.515020886013459e-02, -1.270128804218419e-01,  1.157472702171752e+00,  9.597392871470294e-02, -2.814341702724993e-01
  7.949999999999999e+00,  8.856831209177197e-01,  9.515399314352257e-02, -1.270328126651991e-01,  1.157501852247533e+00,  9.595830719037618e-02, -2.814622802569623e-01
  7.960000000000000e+00,  8.856210607135564e-01,  9.515810937166869e-02, -1.270558820580110e-01,  1.157531952314086e+00,  9.594284213257408e-02, -2.814906496136330e-01
  7.970000000000000e+00,  8.855629757145240e-01,  9.516237982150488e-02, -1.270817408272469e-01,  1.157562902522059e+00,  9.592757404077658e-02, -2.815192530092127e-01
  7.980000000000000e+00,  8.855084237893486e-01,  9.516662512871976e-02, -1.271100438466100e-01,  1.157594599398543e+00,  9.591252649745950e-02, -2.815480456478051e-01
  7.990000000000000e+00,  8.854569546394238e-01,  9.517066019653186e-02, -1.271404642149251e-01,  1.157626938093562e+00,  9.589770943073153e-02, -2.815769686332736e-01
  8.000000000000000e+00,  8.854081074153718e-01,  9.517428885214341e-02, -1.271726983819542e-01,  1.157659811347895e+00,  9.588312763266538e-02, -2.816059573230940e-01
  8.010000000000000e+00,  8.853614147668026e-01,  9.517730886256337e-02, -1.272064651096003e-01,  1.157693108543600e+00,  9.586879090846741e-02, -2.816349558443780e-01
  8.020000000000000e+00,  8.853164160922083e-01,  9.517953197290474e-02, -1.272415026714462e-01,  1.157726717729174e+00,  9.585471253263293e-02, -2.816639279263208e-01
  8.029999999999999e+00,  8.852726655757939e-01,  9.518080072178003e-02, -1.272775645341432e-01,  1.157760527734975e+00,  9.584089469774351e-02, -2.816928531662765e-01
  8.039999999999999e+00,  8.852297266070359e-01,  9.518098632991601e-02, -1.273144156497363e-01,  1.157794427587851e+00,  9.582732386426242e-02, -2.817217139497726e-01
  8.049999999999999e+00,  8.851871680888540e-01,  9.517998034026975e-02, -1.273518286054773e-01,  1.157828306149286e+00,  9.581398615706113e-02, -2.817504845744707e-01
  8.060000000000000e+00,  8.851445747491203e-01,  9.517769632193351e-02, -1.273895735407686e-01,  1.157862052746415e+00,  9.580088582317389e-02, -2.817791244700711e-01
  8.070000000000000e+00,  8.851015568202245e-01,  9.517407420337998e-02, -1.274274077574882e-01,  1.157895555899227e+00,  9.578805314030506e-02, -2.818075752404958e-01
  8.080000000000000e+00,  8.850577464068607e-01,  9.516907966351362e-02, -1.274650764476771e-01,  1.157928702158215e+00,  9.577554317041591e-02, -2.818357655730587e-01
  8.090000000000000e+00,  8.850127922558088e-01,  9.516270483838651e-02, -1.275023206135498e-01,  1.157961378842556e+00,  9.576343035498655e-02, -2.818636206139621e-01
  8.100000000000000e+00,  8.849663648481274e-01,  9.515496920496913e-02, -1.275388864433043e-01,  1.157993478563963e+00,  9.575180236569414e-02, -2.818910670517017e-01
  8.109999999999999e+00,  8.849181671775428e-01,  9.514591422853402e-02, -1.275745377365594e-01,  1.158024901248353e+00,  9.574075297195256e-02, -2.819180343632474e-01
  8.119999999999999e+00,  8.848679408607902e-01,  9.513559398692029e-02, -1.276090679490769e-01,  1.158055553593368e+00,  9.573037189603296e-02, -2.819444581800027e-01
  8.129999999999999e+00,  8.848154642996865e-01,  9.512406957613018e-02, -1.276423018696557e-01,  1.158085348958793e+00,  9.572073244604155e-02, -2.819702844514478e-01
  8.140000000000001e+00,  8.847614002920908e-01,  9.511226931466310e-02, -1.276742104493157e-01,  1.158113968701216e+00,  9.571211774488070e-02, -2.819952520093804e-01
  8.150000000000000e+00,  8.847040761937410e-01,  9.509877778368225e-02, -1.277044399281795e-01,  1.158141861614128e+00,  9.570412293282528e-02, -2.820197979865495e-01
  8.160000000000000e+00,  8.846440216538607e-01,  9.508425359873329e-02, -1.277329421599437e-01,  1.158168689068241e+00,  9.569695349633175e-02, -2.820436042113929e-01
  8.170000000000000e+00,  8.845810918954573e-01,  9.506879704831572e-02, -1.277596282263285e-01,  1.158194396143969e+00,  9.569061336470577e-02, -2.820666104466422e-01
  8.180000000000000e+00,  8.845151841260488e-01,  9.505247609769851e-02, -1.277844362583917e-01,  1.158218948221012e+00,  9.568509353326016e-02, -2.820887393763991e-01
  8.190000000000000e+00,  8.844462243825870e-01,  9.503536386088762e-02, -1.278073345289787e-01,  1.158242326205604e+00,  9.568038277555574e-02, -2.821099033503435e-01
  8.199999999999999e+00,  8.843741731269538e-01,  9.501753698158955e-02, -1.278283262358997e-01,  1.158264525180884e+00,  9.567647411620950e-02, -2.821300187970989e-01
  8.209999999999999e+00,  8.842990306699122e-01,  9.499907031107591e-02, -1.278474562954736e-01,  1.158285553416973e+00,  9.567335724114838e-02, -2.821490198393224e-01
  8.219999999999999e+00,  8.842208432715681e-01,  9.498003681110090e-02, -1.278648174592948e-01,  1.158305434904605e+00,  9.567100583745873e-02, -2.821668634168822e-01
  8.230000000000000e+00,  8.841397107991810e-01,  9.496050839598968e-02, -1.278805542168201e-01,  1.158324213511078e+00,  9.566937527898468e-02, -2.821835279033510e-01
  8.240000000000000e+00,  8.840557934041741e-01,  9.494055741258567e-02, -1.278948558646762e-01,  1.158341953111357e+00,  9.566841285519254e-02, -2.821990120562221e-01
  8.250000000000000e+00,  8.839693088206307e-01,  9.492026423218225e-02, -1.279079298150317e-01,  1.158358732150587e+00,  9.566806992282380e-02, -2.822133341944573e-01
  8.260000000000000e+00,  8.838805148126417e-01,  9.489972229208576e-02, -1.279199726276306e-01,  1.158374636654071e+00,  9.566830522186985e-02, -2.822265256437326e-01
  8.270000000000000e+00,  8.837896867287279e-01,  9.487903042776513e-02, -1.279311650450077e-01,  1.158389755850693e+00,  9.566908204732126e-02, -2.822386213726160e-01
  8.279999999999999e+00,  8.836971025897788e-01,  9.485828152419873e-02, -1.279416797051425e-01,  1.158404179956612e+00,  9.567036745157410e-02, -2.822496549708002e-01
  8.289999999999999e+00,  8.836030322877962e-01,  9.483755623406576e-02, -1.279516757134579e-01,  1.158417996923087e+00,  9.567213169885913e-02, -2.822596552433338e-01
  8.299999999999999e+00,  8.835077230411716e-01,  9.481691816734483e-02, -1.279612825238204e-01,  1.158431287839365e+00,  9.567434179220012e-02, -2.822686392381921e-01
  8.310000000000000e+00,  8.834113857863519e-01,  9.479641106835079e-02, -1.279705889932507e-01,  1.158444124245338e+00,  9.567695027478022e-02, -2.822766049372292e-01
  8.320000000000000e+00,  8.833115868497261e-01,  9.477304752537585e-02, -1.279790901179491e-01,  1.158456492523390e+00,  9.567932968465828e-02, -2.822830617407578e-01
  8.330000000000000e+00,  8.832162574126118e-01,  9.475570989416271e-02, -1.279884446467002e-01,  1.158468662134871e+00,  9.568307031221862e-02, -2.822893450673459e-01
  8.340000000000000e+00,  8.831153145926248e-01,  9.473281610201512e-02, -1.279964922831321e-01,  1.158480461427042e+00,  9.568591885502162e-02, -2.822936660708019e-01
  8.350000000000000e+00,  8.830164168700882e-01,  9.471299794254184e-02, -1.280048108503438e-01,  1.158492066443053e+00,  9.568943408916675e-02, -2.822973629132470e-01
  8.359999999999999e+00,  8.829171378589253e-01,  9.469329092007350e-02, -1.280128097185280e-01,  1.158503462246391e+00,  9.569300330928557e-02, -2.822999675018664e-01
  8.369999999999999e+00,  8.828175418959772e-01,  9.467372363599713e-02, -1.280204326297900e-01,  1.158514688789477e+00,  9.569653739658021e-02, -2.823014944642558e-01
  8.379999999999999e+00,  8.827176814921464e-01,  9.465428799134856e-02, -1.280276149051200e-01,  1.158525779170569e+00,  9.569992150166425e-02, -2.823019277124607e-01
  8.390000000000001e+00,  8.826175962183874e-01,  9.463498079150057e-02, -1.280342980510141e-01,  1.158536761844479e+00,  9.570302834679671e-02, -2.823012421215877e-01
  8.400000000000000e+00,  8.825173131796875e-01,  9.461579920302410e-02, -1.280404325309311e-01,  1.158547657459357e+00,  9.570573830735674e-02, -2.822994098812297e-01
  8.410000000000000e+00,  8.824168518032705e-01,  9.459673851413974e-02, -1.280459763510128e-01,  1.158558478533979e+00,  9.570795489373969e-02, -2.822964050413746e-01
  8.420000000000000e+00,  8.823162262609267e-01,  9.457779211277861e-02, -1.280508937172127e-01,  1.158569230430473e+00,  9.570960762520674e-02, -2.822922055062377e-01
  8.430000000000000e+00,  8.822154408585499e-01,  9.455895290804039e-02, -1.280551538648421e-01,  1.158579912059568e+00,  9.571064816587757e-02, -2.822867958178386e-01
  8.440000000000000e+00,  8.821144872849958e-01,  9.454021789844358e-02, -1.280587301012797e-01,  1.158590518197861e+00,  9.571105015928488e-02, -2.822801709661441e-01
  8.449999999999999e+00,  8.820133495749490e-01,  9.452159296923823e-02, -1.280615979477930e-01,  1.158601043630950e+00,  9.571081144734708e-02, -2.822723363430877e-01
  8.459999999999999e+00,  8.819120110031484e-01,  9.450309223595577e-02, -1.280637307967046e-01,  1.158611485489673e+00,  9.570995197646866e-02, -2.822633032007018e-01
  8.469999999999999e+00,  8.818104586376837e-01,  9.448473335761798e-02, -1.280650970594013e-01,  1.158621842707233e+00,  9.570851150198988e-02, -2.822530827691277e-01
  8.480000000000000e+00,  8.817086898012874e-01,  9.446653543097128e-02, -1.280656594984446e-01,  1.158632113555942e+00,  9.570655306113053e-02, -2.822416815420167e-01
  8.490000000000000e+00,  8.816067225760643e-01,  9.444852303127527e-02, -1.280653681128494e-01,  1.158642291455492e+00,  9.570416535829339e-02, -2.822291008810247e-01
  8.500000000000000e+00,  8.815046027302977e-01,  9.443073187745088e-02, -1.280641504060876e-01,  1.158652361646917e+00,  9.570145528823168e-02, -2.822153410646940e-01
  8.510000000000000e+00,  8.814024012396841e-01,  9.441320897762329e-02, -1.280619131965934e-01,  1.158662301590959e+00,  9.569853394539783e-02, -2.822004035352020e-01
  8.520000000000000e+00,  8.813002086880791e-01,  9.439600757264754e-02, -1.280585521134399e-01,  1.158672084662564e+00,  9.569550338251588e-02, -2.821842871035569e-01
  8.529999999999999e+00,  8.811981342335284e-01,  9.437918144385793e-02, -1.280539582143740e-01,  1.158681685415875e+00,  9.569244705240837e-02, -2.821669818988080e-01
  8.539999999999999e+00,  8.810963064634968e-01,  9.436277949938443e-02, -1.280480224478032e-01,  1.158691083801300e+00,  9.568942667870517e-02, -2.821484671894785e-01
  8.549999999999999e+00,  8.809948698330730e-01,  9.434684000372973e-02, -1.280406394546785e-01,  1.158700265505973e+00,  9.568648505100855e-02, -2.821287141602108e-01
  8.559999999999999e+00,  8.808939801372815e-01,  9.433138723747470e-02, -1.280317108104119e-01,  1.158709219478816e+00,  9.568364838473330e-02, -2.821076894121468e-01
  8.570000000000000e+00,  8.807938066901200e-01,  9.431643440592685e-02, -1.280211504754959e-01,  1.158717935811384e+00,  9.568092799317784e-02, -2.820853588755544e-01
  8.580000000000000e+00,  8.806945351138535e-01,  9.430199063098055e-02, -1.280088908478052e-01,  1.158726403648335e+00,  9.567832981330429e-02, -2.820616956976214e-01
  8.590000000000000e+00,  8.805963602154951e-01,  9.428806621065200e-02, -1.279948826449327e-01,  1.158734609032258e+00,  9.567586872617589e-02, -2.820366882349871e-01
  8.600000000000000e+00,  8.804994737218070e-01,  9.427467424715008e-02, -1.279790888087221e-01,  1.158742536013904e+00,  9.567357130783739e-02, -2.820103405657297e-01
  8.609999999999999e+00,  8.804040566807056e-01,  9.426182851297105e-02, -1.279614814528690e-01,  1.158750171185869e+00,  9.567146562955206e-02, -2.819826666104426e-01
  8.619999999999999e+00,  8.803102778951787e-01,  9.424953804297242e-02, -1.279420467082056e-01,  1.158757506881857e+00,  9.566957411579602e-02, -2.819536883023882e-01
  8.629999999999999e+00,  8.802182962055997e-01,  9.423780295775530e-02, -1.279207935004170e-01,  1.158764540599243e+00,  9.566791569859864e-02, -2.819234423414437e-01
  8.640000000000001e+00,  8.801282664802312e-01,  9.422661640501029e-02, -1.278977605778855e-01,  1.158771274661178e+00,  9.566650809410632e-02, -2.818919853940032e-01
  8.649999999999999e+00,  8.800403478792581e-01,  9.421597328426912e-02, -1.278730188223877e-01,  1.158777719593282e+00,  9.566536693955432e-02, -2.818593931650027e-01
  8.660000000000000e+00,  8.799547069473876e-01,  9.420588069231051e-02, -1.278466685335214e-01,  1.158783897667269e+00,  9.566450881207168e-02, -2.818257617977098e-01
  8.670000000000000e+00,  8.798715108835630e-01,  9.419636141763288e-02, -1.278188339790382e-01,  1.158789842758657e+00,  9.566395741054572e-02, -2.817912105706964e-01
  8.680000000000000e+00,  8.797909187819400e-01,  9.418744837628856e-02, -1.277896592353281e-01,  1.158795598133922e+00,  9.566374541814321e-02, -2.817558783193282e-01
  8.690000000000000e+00,  8.797130801150539e-01,  9.417917724862757e-02, -1.277593082830906e-01,  1.158801214934869e+00,  9.566391146944137e-02, -2.817199195466610e-01
  8.699999999999999e+00,  8.796381376007755e-01,  9.417158324964903e-02, -1.277279676287055e-01,  1.158806752034973e+00,  9.566449403652898e-02, -2.816835059905669e-01
  8.709999999999999e+00,  8.795662254140392e-01,  9.416470228177243e-02, -1.276958455610079e-01,  1.158812275609091e+00,  9.566552460467190e-02, -2.816468265012984e-01
  8.719999999999999e+00,  8.794974628886568e-01,  9.415857314939369e-02, -1.276631663305648e-01,  1.158817856124900e+00,  9.566702942937994e-02, -2.816100825794649e-01
  8.730000000000000e+00,  8.794319532881333e-01,  9.415323667603759e-02, -1.276301649265210e-01,  1.158823565489185e+00,  9.566904041549770e-02, -2.815734836837938e-01
  8.740000000000000e+00,  8.793697899695790e-01,  9.414873092408649e-02, -1.275970865485871e-01,  1.158829478319081e+00,  9.567160268493753e-02, -2.815372419761188e-01
  8.750000000000000e+00,  8.793110624244457e-01,  9.414508486184348e-02, -1.275641880545862e-01,  1.158835673981559e+00,  9.567477441404633e-02, -2.815015652450168e-01
  8.760000000000000e+00,  8.792558601673727e-01,  9.414231592923872e-02, -1.275317326218655e-01,  1.158842235069770e+00,  9.567862086146457e-02, -2.814666477618587e-01
  8.770000000000000e+00,  8.792042781616892e-01,  9.414043723886434e-02, -1.274999699283871e-01,  1.158849243576988e+00,  9.568320292383763e-02, -2.814326600455566e-01
  8.779999999999999e+00,  8.791564209188527e-01,  9.413946998046585e-02, -1.274691132055243e-01,  1.158856777746716e+00,  9.568856486913721e-02, -2.813997445383273e-01
  8.789999999999999e+00,  8.791123990972985e-01,  9.413944841443467e-02, -1.274393378113057e-01,  1.158864910897575e+00,  9.569472850850677e-02, -2.813680227818209e-01
  8.799999999999999e+00,  8.790723212974016e-01,  9.414041408011786e-02, -1.274108047903001e-01,  1.158873710582326e+00,  9.570169691734026e-02, -2.813376085261391e-01
  8.809999999999999e+00,  8.790362893047123e-01,  9.414240701110277e-02, -1.273836876428767e-01,  1.158883236557222e+00,  9.570946436080813e-02, -2.813086173635825e-01
  8.820000000000000e+00,  8.790043976740817e-01,  9.414545838010446e-02, -1.273581837828567e-01,  1.158893539815351e+00,  9.571802437046803e-02, -2.812811682728228e-01
  8.830000000000000e+00,  8.789767337735106e-01,  9.414958540073037e-02, -1.273345058463899e-01,  1.158904663995910e+00,  9.572736961587520e-02, -2.812553777361588e-01
  8.840000000000000e+00,  8.789533780672560e-01,  9.415479278726324e-02, -1.273128563123601e-01,  1.158916646127031e+00,  9.573748591042523e-02, -2.812313514867777e-01
  8.850000000000000e+00,  8.789344008322737e-01,  9.416107992839806e-02, -1.272934014118442e-01,  1.158929515420540e+00,  9.574834878600613e-02, -2.812091790809534e-01
  8.859999999999999e+00,  8.789198502271183e-01,  9.416844342792285e-02, -1.272762661263092e-01,  1.158943293189314e+00,  9.575992591409382e-02, -2.811889338546246e-01
  8.869999999999999e+00,  8.789097391934598e-01,  9.417687127452323e-02, -1.272615475054338e-01,  1.158957994360563e+00,  9.577218146917732e-02, -2.811706763156172e-01
  8.879999999999999e+00,  8.789040391485259e-01,  9.418633569778745e-02, -1.272493231331932e-01,  1.158973627312059e+00,  9.578507965524689e-02, -2.811544528486098e-01
  8.890000000000001e+00,  8.789026738621527e-01,  9.419678807070619e-02, -1.272396515958419e-01,  1.158990191755529e+00,  9.579858378514515e-02, -2.811402859399410e-01
  8.899999999999999e+00,  8.789055080067759e-01,  9.420815722447373e-02, -1.272325721571794e-01,  1.159007676764801e+00,  9.581264756272614e-02, -2.811281633988580e-01
  8.910000000000000e+00,  8.789123409350247e-01,  9.422035577440435e-02, -1.272280951951925e-01,  1.159026059175121e+00,  9.582720800852028e-02, -2.811180343444716e-01
  8.920000000000000e+00,  8.789229151135382e-01,  9.423329179922502e-02, -1.272261848243756e-01,  1.159045301937872e+00,  9.584218941307605e-02, -2.811098121000021e-01
  8.930000000000000e+00,  8.789369299792423e-01,  9.424687706532575e-02, -1.272267534274822e-01,  1.159065352555818e+00,  9.585750929287669e-02, -2.811033807098991e-01
  8.940000000000000e+00,  8.789540498448818e-01,  9.426102774856338e-02, -1.272296741279312e-01,  1.159086141769453e+00,  9.587307898732833e-02, -2.810986026232414e-01
  8.949999999999999e+00,  8.789739101836860e-01,  9.427565970935259e-02, -1.272347985360969e-01,  1.159107583981935e+00,  9.588880579353624e-02, -2.810953251819108e-01
  8.959999999999999e+00,  8.789961309842069e-01,  9.429068328261758e-02, -1.272419712972212e-01,  1.159129581876930e+00,  9.590459928132829e-02, -2.810933851447198e-01
  8.969999999999999e+00,  8.790203342657122e-01,  9.430600228251285e-02, -1.272510391059655e-01,  1.159152033435154e+00,  9.592037594325380e-02, -2.810926125253574e-01
  8.980000000000000e+00,  8.790461553157178e-01,  9.432151679032508e-02, -1.272618540487809e-01,  1.159174835427657e+00,  9.593605981879440e-02, -2.810928329539568e-01
  8.990000000000000e+00,  8.790732434110040e-01,  9.433712348316403e-02, -1.272742787372720e-01,  1.159197882109896e+00,  9.595158501118686e-02, -2.810938686513986e-01
  9.000000000000000e+00,  8.791012584168223e-01,  9.435271362596276e-02, -1.272881896307278e-01,  1.159221063120328e+00,  9.596690147486513e-02, -2.810955392930247e-01
  9.010000000000000e+00,  8.791298699951458e-01,  9.436817639817607e-02, -1.273034655093236e-01,  1.159244263107688e+00,  9.598197449192011e-02, -2.810976623871765e-01
  9.020000000000000e+00,  8.791587589242320e-01,  9.438340680240231e-02, -1.273199697313394e-01,  1.159267364114005e+00,  9.599677779464177e-02, -2.811000557332848e-01
  9.029999999999999e+00,  8.791876205302475e-01,  9.439831201448956e-02, -1.273375426863073e-01,  1.159290251014277e+00,  9.601128844607690e-02, -2.811025411643367e-01
  9.039999999999999e+00,  8.792161694306994e-01,  9.441281589491113e-02, -1.273560022836469e-01,  1.159312817300227e+00,  9.602547913834489e-02, -2.811049441894272e-01
  9.049999999999999e+00,  8.792441378944149e-01,  9.442685887993441e-02, -1.273751472682222e-01,  1.159334967668491e+00,  9.603930665462580e-02, -2.811070916206441e-01
  9.059999999999999e+00,  8.792712673060759e-01,  9.444038869429816e-02, -1.273947679408233e-01,  1.159356617256757e+00,  9.605271069174502e-02, -2.811088109339874e-01
  9.070000000000000e+00,  8.792973025078166e-01,  9.445334953157070e-02, -1.274146624358400e-01,  1.159377690113256e+00,  9.606562656088767e-02, -2.811099323087190e-01
  9.080000000000000e+00,  8.793219901902227e-01,  9.446567675972317e-02, -1.274346513765644e-01,  1.159398118116073e+00,  9.607800043049101e-02, -2.811102955631400e-01
  9.090000000000000e+00,  8.793450784989447e-01,  9.447729381408965e-02, -1.274545892742608e-01,  1.159417839607573e+00,  9.608980255506011e-02, -2.811097576705478e-01
  9.100000000000000e+00,  8.793663234111276e-01,  9.448811354109465e-02, -1.274743697119184e-01,  1.159436799047002e+00,  9.610103493297058e-02, -2.811081945745528e-01
  9.109999999999999e+00,  8.793855007729888e-01,  9.449804609555024e-02, -1.274939246495357e-01,  1.159454949665700e+00,  9.611172464049143e-02, -2.811055016392900e-01
  9.119999999999999e+00,  8.794024138637575e-01,  9.450700543749324e-02, -1.275132183874731e-01,  1.159472256201584e+00,  9.612190756322173e-02, -2.811015947065637e-01
  9.129999999999999e+00,  8.794168955174013e-01,  9.451491163091008e-02, -1.275322313013185e-01,  1.159488694677628e+00,  9.613161638544741e-02, -2.810964054057662e-01
  9.139999999999999e+00,  8.794288112202708e-01,  9.452169376782305e-02, -1.275509424273459e-01,  1.159504251909657e+00,  9.614087417457139e-02, -2.810898748172387e-01
  9.149999999999999e+00,  8.794356291351739e-01,  9.452718712344099e-02, -1.275691300391418e-01,  1.159518383440047e+00,  9.614949470511520e-02, -2.810822378376881e-01
  9.160000000000000e+00,  8.794421848475471e-01,  9.453164543627701e-02, -1.275872021425621e-01,  1.159532203797105e+00,  9.615789186540419e-02, -2.810729469156090e-01
  9.170000000000000e+00,  8.794460450932469e-01,  9.453481042792866e-02, -1.276049426639356e-01,  1.159545189187271e+00,  9.616586488599133e-02, -2.810621975394911e-01
  9.180000000000000e+00,  8.794470596286396e-01,  9.453662859126211e-02, -1.276223516400567e-01,  1.159557342374380e+00,  9.617341618072356e-02, -2.810499680636801e-01
  9.190000000000000e+00,  8.794451903296709e-01,  9.453705362278231e-02, -1.276394211219890e-01,  1.159568690096537e+00,  9.618056045946531e-02, -2.810362371565650e-01
  9.199999999999999e+00,  8.794404100652072e-01,  9.453604524037940e-02, -1.276561388236580e-01,  1.159579263947167e+00,  9.618731564007886e-02, -2.810210005689808e-01
  9.209999999999999e+00,  8.794326991708729e-01,  9.453356864484364e-02, -1.276724985144151e-01,  1.159589102017332e+00,  9.619370006319047e-02, -2.810042753946739e-01
  9.219999999999999e+00,  8.794220538019182e-01,  9.452959651250725e-02, -1.276884967735683e-01,  1.159598249524233e+00,  9.619973078874672e-02, -2.809860975682399e-01
  9.230000000000000e+00,  8.794084940325791e-01,  9.452410763197516e-02, -1.277041248795768e-01,  1.159606756156040e+00,  9.620542565106598e-02, -2.809665207165539e-01
  9.240000000000000e+00,  8.793920674920511e-01,  9.451708351002419e-02, -1.277193653105724e-01,  1.159614673875261e+00,  9.621080669148924e-02, -2.809456187780612e-01
  9.250000000000000e+00,  8.793728500602759e-01,  9.450850841864766e-02, -1.277341884539040e-01,  1.159622056730000e+00,  9.621590117178647e-02, -2.809234865693787e-01
  9.260000000000000e+00,  8.793509433808750e-01,  9.449837126419869e-02, -1.277485478571814e-01,  1.159628960243127e+00,  9.622073715684745e-02, -2.809002339208466e-01
  9.270000000000000e+00,  8.793264641893237e-01,  9.448666579612475e-02, -1.277623783998827e-01,  1.159635438683380e+00,  9.622533493356680e-02, -2.808759782127737e-01
  9.279999999999999e+00,  8.792995178618086e-01,  9.447338717219878e-02, -1.277755995668335e-01,  1.159641540033512e+00,  9.622969997616956e-02, -2.808508407379243e-01
  9.289999999999999e+00,  8.792701680591766e-01,  9.445852838094559e-02, -1.277881197457391e-01,  1.159647300127425e+00,  9.623382195664518e-02, -2.808249466311476e-01
  9.299999999999999e+00,  8.792384313139451e-01,  9.444208662351161e-02, -1.277998340331344e-01,  1.159652739620576e+00,  9.623768221358799e-02, -2.807984257679251e-01
  9.309999999999999e+00,  8.792042953152790e-01,  9.442407742910741e-02, -1.278106196465570e-01,  1.159657864642720e+00,  9.624126797497005e-02, -2.807714126397395e-01
  9.320000000000000e+00,  8.791677306752311e-01,  9.440454164187329e-02, -1.278203410652721e-01,  1.159662668112196e+00,  9.624458220423282e-02, -2.807440471440517e-01
  9.330000000000000e+00,  8.791286874212255e-01,  9.438354322936537e-02, -1.278288603027308e-01,  1.159667130955419e+00,  9.624763898048624e-02, -2.807164789494806e-01
  9.340000000000000e+00,  8.790870900321848e-01,  9.436116499464342e-02, -1.278360395318272e-01,  1.159671224001420e+00,  9.625045284413287e-02, -2.806888689535106e-01
  9.350000000000000e+00,  8.790428407873994e-01,  9.433750382209194e-02, -1.278417370116172e-01,  1.159674910156953e+00,  9.625303528089509e-02, -2.806613788154992e-01
  9.359999999999999e+00,  8.789958318561640e-01,  9.431266625582135e-02, -1.278458022002149e-01,  1.159678146784963e+00,  9.625539714437256e-02, -2.806341537912914e-01
  9.369999999999999e+00,  8.789467814933608e-01,  9.428385315637811e-02, -1.278476732845992e-01,  1.159680914449277e+00,  9.625732483880653e-02, -2.806060341317962e-01
  9.379999999999999e+00,  8.788931553110790e-01,  9.425972918336933e-02, -1.278483743419138e-01,  1.159683082161964e+00,  9.625948644922012e-02, -2.805808843645312e-01
  9.390000000000001e+00,  8.788378530476013e-01,  9.422903940662231e-02, -1.278461584673325e-01,  1.159684686928000e+00,  9.626098036694417e-02, -2.805538471844560e-01
  9.399999999999999e+00,  8.787785785531433e-01,  9.420045492148210e-02, -1.278420947468981e-01,  1.159685637558463e+00,  9.626245612113450e-02, -2.805286339269438e-01
  9.410000000000000e+00,  8.787159296607905e-01,  9.417108894072213e-02, -1.278356414297633e-01,  1.159685898336603e+00,  9.626365213942298e-02, -2.805040077082541e-01
  9.420000000000000e+00,  8.786497446292617e-01,  9.414102168590777e-02, -1.278266875525580e-01,  1.159685429243691e+00,  9.626453375903621e-02, -2.804799662561281e-01
  9.430000000000000e+00,  8.785798792012867e-01,  9.411027788003734e-02, -1.278151396324010e-01,  1.159684194932044e+00,  9.626506409108911e-02, -2.804564680591046e-01
  9.440000000000000e+00,  8.785061918808822e-01,  9.407886755759276e-02, -1.278009490659953e-01,  1.159682169383659e+00,  9.626520123868156e-02, -2.804334572516236e-01
  9.449999999999999e+00,  8.784285432893875e-01,  9.404677962388375e-02, -1.277841327822493e-01,  1.159679334496428e+00,  9.626489418483639e-02, -2.804108716654221e-01
  9.459999999999999e+00,  8.783468004527722e-01,  9.401398036949682e-02, -1.277647724375420e-01,  1.159675677241662e+00,  9.626408259022662e-02, -2.803886476935386e-01
  9.469999999999999e+00,  8.782608481730437e-01,  9.398041970119819e-02, -1.277429908330453e-01,  1.159671187316520e+00,  9.626269940782367e-02, -2.803667185199817e-01
  9.480000000000000e+00,  8.781706084904162e-01,  9.394604378929650e-02, -1.277189243747218e-01,  1.159665855277510e+00,  9.626067353723006e-02, -2.803450079785597e-01
  9.489999999999998e+00,  8.780760619911778e-01,  9.391080729809431e-02, -1.276927109323128e-01,  1.159659672034246e+00,  9.625794066855409e-02, -2.803234288394099e-01
  9.500000000000000e+00,  8.779772575271033e-01,  9.387467782813919e-02, -1.276644958790354e-01,  1.159652630049554e+00,  9.625446055224361e-02, -2.803018871272717e-01
  9.510000000000000e+00,  8.778743056986730e-01,  9.383763083809749e-02, -1.276344520476686e-01,  1.159644725751999e+00,  9.625022252779750e-02, -2.802802878232921e-01
  9.520000000000000e+00,  8.777673676823151e-01,  9.379964078361991e-02, -1.276028063576971e-01,  1.159635963694554e+00,  9.624523582470053e-02, -2.802585402121597e-01
  9.529999999999999e+00,  8.776566521270186e-01,  9.376067619182660e-02, -1.275698584317325e-01,  1.159626361891776e+00,  9.623952014076206e-02, -2.802365610612504e-01
  9.539999999999999e+00,  8.775424143387413e-01,  9.372069982142839e-02, -1.275359766914193e-01,  1.159615954367823e+00,  9.623310349201497e-02, -2.802142716215579e-01
  9.549999999999999e+00,  8.774249461841371e-01,  9.367967182329218e-02, -1.275015728180104e-01,  1.159604788626644e+00,  9.622602172949625e-02, -2.801915909671356e-01
  9.559999999999999e+00,  8.773045681348260e-01,  9.363755684766795e-02, -1.274670770167637e-01,  1.159592922958488e+00,  9.621831898549123e-02, -2.801684348032563e-01
  9.570000000000000e+00,  8.771816343741706e-01,  9.359433363041991e-02, -1.274329233860942e-01,  1.159580426562428e+00,  9.621005034916197e-02, -2.801447185222976e-01
  9.580000000000000e+00,  8.770565298995289e-01,  9.355000047947604e-02, -1.273995297113608e-01,  1.159567376769955e+00,  9.620128024551142e-02, -2.801203551554922e-01
  9.590000000000000e+00,  8.769296506732919e-01,  9.350457301925230e-02, -1.273672777260974e-01,  1.159553852771018e+00,  9.619207533038085e-02, -2.800952504804542e-01
  9.600000000000000e+00,  8.768018677370130e-01,  9.346144083488839e-02, -1.273368406292985e-01,  1.159540118210730e+00,  9.618274611019977e-02, -2.800705105014081e-01
  9.609999999999999e+00,  8.766721808628296e-01,  9.341050792137628e-02, -1.273075193051283e-01,  1.159525694374230e+00,  9.617262548544259e-02, -2.800423818519964e-01
  9.619999999999999e+00,  8.765427942769672e-01,  9.336528488133755e-02, -1.272808427176668e-01,  1.159511387976592e+00,  9.616273082612807e-02, -2.800156651899723e-01
  9.629999999999999e+00,  8.764128401602795e-01,  9.331594647634978e-02, -1.272560752928126e-01,  1.159496756555327e+00,  9.615243477676656e-02, -2.799865951174690e-01
  9.640000000000001e+00,  8.762832023047515e-01,  9.326552926376719e-02, -1.272336201082083e-01,  1.159482034819431e+00,  9.614198784227965e-02, -2.799561697142608e-01
  9.650000000000000e+00,  8.761542627122325e-01,  9.321422639823651e-02, -1.272135891065757e-01,  1.159467313895251e+00,  9.613144231401460e-02, -2.799243487139612e-01
  9.660000000000000e+00,  8.760263875740557e-01,  9.316205397136001e-02, -1.271960727113574e-01,  1.159452675612761e+00,  9.612084991656739e-02, -2.798910581635644e-01
  9.670000000000000e+00,  8.758999129141508e-01,  9.310899962143115e-02, -1.271811610160220e-01,  1.159438200012837e+00,  9.611027336741627e-02, -2.798562506047879e-01
  9.680000000000000e+00,  8.757751447134358e-01,  9.305503573522267e-02, -1.271689415417517e-01,  1.159423964375669e+00,  9.609977967421214e-02, -2.798199027474184e-01
  9.690000000000000e+00,  8.756523664817795e-01,  9.300012967492477e-02, -1.271594844127223e-01,  1.159410041755345e+00,  9.608943398527400e-02, -2.797820029809401e-01
  9.699999999999999e+00,  8.755318478822182e-01,  9.294425246746685e-02, -1.271528253662500e-01,  1.159396498719355e+00,  9.607930305831353e-02, -2.797425436736727e-01
  9.709999999999999e+00,  8.754147162822150e-01,  9.288465800179946e-02, -1.271489587340940e-01,  1.159383493979110e+00,  9.606945297396353e-02, -2.797000083720611e-01
  9.719999999999999e+00,  8.752996413351180e-01,  9.282687954101565e-02, -1.271479203907592e-01,  1.159370916796219e+00,  9.606001887762620e-02, -2.796574285030162e-01
  9.730000000000000e+00,  8.751875638054600e-01,  9.276801441913762e-02, -1.271496325822612e-01,  1.159358871265654e+00,  9.605104200630911e-02, -2.796133207419815e-01
  9.740000000000000e+00,  8.750786728168500e-01,  9.270808247808415e-02, -1.271540541571638e-01,  1.159347398155818e+00,  9.604259917574887e-02, -2.795677403419310e-01
  9.750000000000000e+00,  8.749731530358803e-01,  9.264706785712606e-02, -1.271611343152719e-01,  1.159336534552954e+00,  9.603476366683548e-02, -2.795207384314663e-01
  9.760000000000000e+00,  8.748711627083279e-01,  9.258495519983301e-02, -1.271708225398191e-01,  1.159326315907159e+00,  9.602760430546471e-02, -2.794723774252474e-01
  9.770000000000000e+00,  8.747728337370899e-01,  9.252173407074271e-02, -1.271830608922356e-01,  1.159316775525671e+00,  9.602118044965215e-02, -2.794227362245940e-01
  9.779999999999999e+00,  8.746782698796274e-01,  9.245740625671717e-02, -1.271977671617054e-01,  1.159307942271573e+00,  9.601553688244938e-02, -2.793719083208740e-01
  9.789999999999999e+00,  8.745875396984092e-01,  9.239199254743147e-02, -1.272148215622846e-01,  1.159299838361584e+00,  9.601069850873875e-02, -2.793199956988113e-01
  9.799999999999999e+00,  8.745006732013851e-01,  9.232553684399325e-02, -1.272340632695372e-01,  1.159292477543631e+00,  9.600666779942232e-02, -2.792671069875847e-01
  9.809999999999999e+00,  8.744176641172771e-01,  9.225810545143931e-02, -1.272552895517190e-01,  1.159285862595539e+00,  9.600342769067884e-02, -2.792133568124069e-01
  9.820000000000000e+00,  8.743384715188751e-01,  9.218978528703592e-02, -1.272782521884634e-01,  1.159279983583647e+00,  9.600094805841451e-02, -2.791588612177370e-01
  9.830000000000000e+00,  8.742630179501778e-01,  9.212068354463421e-02, -1.273026642633798e-01,  1.159274819486765e+00,  9.599919195050342e-02, -2.791037349429603e-01
  9.840000000000000e+00,  8.741911913344986e-01,  9.205092973347218e-02, -1.273282196810663e-01,  1.159270343182670e+00,  9.599812101586236e-02, -2.790480961683663e-01
  9.850000000000000e+00,  8.741228600111479e-01,  9.198068249872060e-02, -1.273546036265331e-01,  1.159266527298323e+00,  9.599770132930571e-02, -2.789920712744758e-01
  9.859999999999999e+00,  8.740578914111183e-01,  9.191013509330048e-02, -1.273814901515904e-01,  1.159263348689746e+00,  9.599790674311451e-02, -2.789357905364542e-01
  9.869999999999999e+00,  8.739961573968181e-01,  9.183950956221887e-02, -1.274085505832528e-01,  1.159260791230449e+00,  9.599871408771221e-02, -2.788793829298304e-01
  9.879999999999999e+00,  8.739375285202103e-01,  9.176904290934096e-02, -1.274354797827869e-01,  1.159258846886041e+00,  9.600009065545334e-02, -2.788229819188145e-01
  9.889999999999999e+00,  8.738818717622739e-01,  9.169897717574282e-02, -1.274620205498458e-01,  1.159257514697070e+00,  9.600198444206545e-02, -2.787667366247442e-01
  9.899999999999999e+00,  8.738290583730801e-01,  9.162955778645077e-02, -1.274879688852039e-01,  1.159256798833302e+00,  9.600432640252513e-02, -2.787108163557038e-01
  9.910000000000000e+00,  8.737789745093846e-01,  9.156103632176582e-02, -1.275131559646872e-01,  1.159256707294766e+00,  9.600704183373636e-02, -2.786554043167020e-01
  9.920000000000000e+00,  8.737315240002611e-01,  9.149367166039601e-02, -1.275374221506081e-01,  1.159257251932126e+00,  9.601006198103625e-02, -2.786006840074565e-01
  9.930000000000000e+00,  8.736866216575241e-01,  9.142772405301836e-02, -1.275606064358692e-01,  1.159258448917496e+00,  9.601332896146295e-02, -2.785468238631313e-01
  9.940000000000000e+00,  8.736441840160157e-01,  9.136344525111895e-02, -1.275825465242363e-01,  1.159260316462684e+00,  9.601679295946754e-02, -2.784939631218970e-01
  9.949999999999999e+00,  8.736041234549472e-01,  9.130107192297721e-02, -1.276030762933328e-01,  1.159262869465650e+00,  9.602040964918816e-02, -2.784422058515679e-01
  9.959999999999999e+00,  8.735663447511759e-01,  9.124082010215240e-02, -1.276220337277642e-01,  1.159266115400787e+00,  9.602414277993521e-02, -2.783916302443334e-01
  9.969999999999999e+00,  8.735307418775673e-01,  9.118287689685567e-02, -1.276392859072636e-01,  1.159270052935384e+00,  9.602796456056571e-02, -2.783423029863683e-01
  9.980000000000000e+00,  8.734971972070090e-01,  9.112739329107611e-02, -1.276547526906402e-01,  1.159274671888828e+00,  9.603184791768490e-02, -2.782942822576445e-01
  9.989999999999998e+00,  8.734655854707303e-01,  9.107448294944165e-02, -1.276684131738307e-01,  1.159279955150583e+00,  9.603575539152985e-02, -2.782476098346064e-01
  1.000000000000000e+01,  8.734357816977376e-01,  9.102422766351137e-02, -1.276802949544111e-01,  1.159285881760617e+00,  9.603963429292023e-02, -2.782023015873954e-01
  1.001000000000000e+01,  8.734076691720920e-01,  9.097668363191302e-02, -1.276904592915614e-01,  1.159292428494500e+00,  9.604342021315253e-02, -2.781583420565624e-01
  1.002000000000000e+01,  8.733811430618259e-01,  9.093188413144615e-02, -1.276989886184140e-01,  1.159299570540422e+00,  9.604704026613561e-02, -2.781156872068407e-01
  1.003000000000000e+01,  8.733561087550663e-01,  9.088984074905104e-02, -1.277059755409571e-01,  1.159307282620868e+00,  9.605041392903228e-02, -2.780742741486721e-01
  1.004000000000000e+01,  8.733324756648072e-01,  9.085054207159216e-02, -1.277115279853317e-01,  1.159315539070993e+00,  9.605345743085340e-02, -2.780340319245220e-01
  1.005000000000000e+01,  8.733101506199333e-01,  9.081395015594396e-02, -1.277157904950980e-01,  1.159324312486942e+00,  9.605609035738395e-02, -2.779948923377373e-01
  1.006000000000000e+01,  8.732890382508943e-01,  9.078000254922891e-02, -1.277189484902917e-01,  1.159333573431125e+00,  9.605823881382806e-02, -2.779568020071483e-01
  1.007000000000000e+01,  8.732690493091102e-01,  9.074862070241174e-02, -1.277212061742864e-01,  1.159343292117741e+00,  9.605983479603397e-02, -2.779197312457897e-01
  1.008000000000000e+01,  8.732501100207889e-01,  9.071971816505719e-02, -1.277227653061162e-01,  1.159353441024122e+00,  9.606081645948704e-02, -2.778836737839726e-01
  1.009000000000000e+01,  8.732321669545134e-01,  9.069320644214929e-02, -1.277238183443121e-01,  1.159363998658733e+00,  9.606113287339499e-02, -2.778486393731455e-01
  1.010000000000000e+01,  8.732151873271627e-01,  9.066899916448623e-02, -1.277245476138671e-01,  1.159374953754607e+00,  9.606075097761811e-02, -2.778146493563869e-01
  1.011000000000000e+01,  8.731991544147625e-01,  9.064701360946015e-02, -1.277251222885775e-01,  1.159386306244198e+00,  9.605966027874920e-02, -2.777817406293098e-01
  1.012000000000000e+01,  8.731840542021633e-01,  9.062716738691257e-02, -1.277256892920507e-01,  1.159398062405013e+00,  9.605787482745551e-02, -2.777499718680098e-01
  1.013000000000000e+01,  8.731698574134698e-01,  9.060937035595074e-02, -1.277263611308972e-01,  1.159410226647220e+00,  9.605543286833970e-02, -2.777194216053339e-01
  1.014000000000000e+01,  8.731565101713898e-01,  9.059351745444744e-02, -1.277272093381815e-01,  1.159422795224703e+00,  9.605239049518763e-02, -2.776901760339625e-01
  1.015000000000000e+01,  8.731439367149934e-01,  9.057948758764911e-02, -1.277282656926391e-01,  1.159435753776958e+00,  9.604881075620245e-02, -2.776623169731076e-01
  1.016000000000000e+01,  8.731320468146262e-01,  9.056714816771416e-02, -1.277295266135705e-01,  1.159449078227803e+00,  9.604475840119636e-02, -2.776359183586496e-01
  1.017000000000000e+01,  8.731207427564667e-01,  9.055636246418275e-02, -1.277309584679945e-01,  1.159462738316419e+00,  9.604030168315690e-02, -2.776110471118287e-01
  1.018000000000000e+01,  8.731099244560825e-01,  9.054699629459773e-02, -1.277325028866395e-01,  1.159476700453956e+00,  9.603551254057670e-02, -2.775877622482558e-01
  1.019000000000000e+01,  8.730968927600996e-01,  9.053889938730508e-02, -1.277338000193060e-01,  1.159490423695128e+00,  9.603014537449191e-02, -2.775665718872733e-01
  1.020000000000000e+01,  8.730867676871314e-01,  9.053201713561032e-02, -1.277353218653387e-01,  1.159504879262536e+00,  9.602492578779603e-02, -2.775465729763524e-01
  1.021000000000000e+01,  8.730769632692338e-01,  9.052620746562390e-02, -1.277366653022197e-01,  1.159519532395874e+00,  9.601962734413211e-02, -2.775282661306824e-01
  1.022000000000000e+01,  8.730672857972004e-01,  9.052136952808731e-02, -1.277377160436688e-01,  1.159534315161661e+00,  9.601432218812253e-02, -2.775116922817433e-01
  1.023000000000000e+01,  8.730576403572237e-01,  9.051740353646753e-02, -1.277383972092805e-01,  1.159549181773752e+00,  9.600907468394884e-02, -2.774968893651730e-01
  1.024000000000000e+01,  8.730479364556524e-01,  9.051421096361234e-02, -1.277386717114513e-01,  1.159564094325543e+00,  9.600392425436638e-02, -2.774839013273345e-01
  1.025000000000000e+01,  8.730380928933167e-01,  9.051170121827079e-02, -1.277385234160481e-01,  1.159579021180602e+00,  9.599888471644036e-02, -2.774727710836911e-01
  1.026000000000000e+01,  8.730280415321794e-01,  9.050979556461414e-02, -1.277379344646777e-01,  1.159593934181213e+00,  9.599394330808603e-02, -2.774635320873330e-01
  1.027000000000000e+01,  8.730177254264047e-01,  9.050842609878340e-02, -1.277368753018860e-01,  1.159608807461429e+00,  9.598906722546832e-02, -2.774562035460590e-01
  1.028000000000000e+01,  8.730070950203840e-01,  9.050753251674548e-02, -1.277353065693092e-01,  1.159623616953926e+00,  9.598421992483488e-02, -2.774507887396297e-01
  1.029000000000000e+01,  8.729961040845825e-01,  9.050705807262416e-02, -1.277331894857926e-01,  1.159638338749075e+00,  9.597937405396122e-02, -2.774472751737803e-01
  1.030000000000000e+01,  8.729847054155110e-01,  9.050694530809444e-02, -1.277304998413729e-01,  1.159652947402819e+00,  9.597450989374047e-02, -2.774456367123089e-01
  1.031000000000000e+01,  8.729728480758893e-01,  9.050713462832216e-02, -1.277272311917041e-01,  1.159667416826758e+00,  9.596960112283791e-02, -2.774458349998772e-01
  1.032000000000000e+01,  8.729604804128167e-01,  9.050756960428585e-02, -1.277233812647414e-01,  1.159681723796399e+00,  9.596460355152583e-02, -2.774478184890261e-01
  1.033000000000000e+01,  8.729475578584664e-01,  9.050820625390243e-02, -1.277189373580142e-01,  1.159695850343497e+00,  9.595945850927352e-02, -2.774515225395235e-01
  1.034000000000000e+01,  8.729340467087983e-01,  9.050901800562516e-02, -1.277138724286677e-01,  1.159709782621484e+00,  9.595410322623069e-02, -2.774568712227328e-01
  1.035000000000000e+01,  8.729199187999719e-01,  9.050999201766752e-02, -1.277081500923687e-01,  1.159723508137220e+00,  9.594848172517406e-02, -2.774637785944852e-01
  1.036000000000000e+01,  8.729051430617741e-01,  9.051112077370971e-02, -1.277017375755409e-01,  1.159737015029290e+00,  9.594255693381924e-02, -2.774721513200641e-01
  1.037000000000000e+01,  8.728896838933793e-01,  9.051239732429894e-02, -1.276946214023246e-01,  1.159750295051468e+00,  9.593631637198027e-02, -2.774818956651747e-01
  1.038000000000000e+01,  8.728735073908173e-01,  9.051381763522381e-02, -1.276868140950851e-01,  1.159763346924563e+00,  9.592976919778418e-02, -2.774929272412637e-01
  1.039000000000000e+01,  8.728565865411405e-01,  9.051538457572827e-02, -1.276783453863588e-01,  1.159776175691677e+00,  9.592294258752182e-02, -2.775051745245407e-01
  1.040000000000000e+01,  8.728388983575885e-01,  9.051710573809202e-02, -1.276692476135555e-01,  1.159788788827132e+00,  9.591587845474968e-02, -2.775185724801051e-01
  1.041000000000000e+01,  8.728204154180225e-01,  9.051898502965461e-02, -1.276595538453971e-01,  1.159801193067519e+00,  9.590862627955804e-02, -2.775330601325351e-01
  1.042000000000000e+01,  8.728011023500577e-01,  9.052101859095063e-02, -1.276493050929335e-01,  1.159813393862989e+00,  9.590123274689266e-02, -2.775485879075841e-01
  1.043000000000000e+01,  8.727809226909824e-01,  9.052320053727358e-02, -1.276385512738057e-01,  1.159825396247210e+00,  9.589373783540801e-02, -2.775651205170119e-01
  1.044000000000000e+01,  8.727598474888945e-01,  9.052552966993432e-02, -1.276273513387232e-01,  1.159837205890742e+00,  9.588618290739165e-02, -2.775826316877277e-01
  1.045000000000000e+01,  8.727378582224475e-01,  9.052801193638360e-02, -1.276157756124688e-01,  1.159848830819131e+00,  9.587861972680511e-02, -2.776010997500377e-01
  1.046000000000000e+01,  8.727149481863281e-01,  9.053066321535597e-02, -1.276039000450164e-01,  1.159860282888312e+00,  9.587111090874988e-02, -2.776205028080323e-01
  1.047000000000000e+01,  8.726911252329479e-01,  9.053351223732209e-02, -1.275917941387335e-01,  1.159871575899406e+00,  9.586372749932864e-02, -2.776408093500335e-01
  1.048000000000000e+01,  8.726664101829178e-01,  9.053659807718595e-02, -1.275795116394888e-01,  1.159882720831022e+00,  9.585654928723981e-02, -2.776619704436529e-01
  1.049000000000000e+01,  8.726408271628345e-01,  9.053996110685136e-02, -1.275670895402893e-01,  1.159893722915527e+00,  9.584966233880153e-02, -2.776839199074881e-01
  1.050000000000000e+01,  8.726143944530126e-01,  9.054363429879353e-02, -1.275545576688827e-01,  1.159904582522223e+00,  9.584315077288598e-02, -2.777065808795341e-01
  1.051000000000000e+01,  8.725871288116575e-01,  9.054764423770023e-02, -1.275419486185213e-01,  1.159915297874772e+00,  9.583709036861336e-02, -2.777298726505562e-01
  1.052000000000000e+01,  8.725590605954227e-01,  9.055202073713731e-02, -1.275292971547130e-01,  1.159925867682902e+00,  9.583154875110039e-02, -2.777537141805418e-01
  1.053000000000000e+01,  8.725302427276191e-01,  9.055680248720166e-02, -1.275166385746140e-01,  1.159936293128573e+00,  9.582658829893925e-02, -2.777780261773312e-01
  1.054000000000000e+01,  8.725007450430017e-01,  9.056203227525916e-02, -1.275040155068893e-01,  1.159946580020280e+00,  9.582226375006409e-02, -2.778027300852878e-01
  1.055000000000000e+01,  8.724706396362440e-01,  9.056774826736702e-02, -1.274914831926833e-01,  1.159956740893411e+00,  9.581861147650254e-02, -2.778277411316030e-01
  1.056000000000000e+01,  8.724399879991596e-01,  9.057397846964199e-02, -1.274791078704964e-01,  1.159966795757336e+00,  9.581564118912572e-02, -2.778529628641702e-01
  1.057000000000000e+01,  8.724088369765636e-01,  9.058073920031418e-02, -1.274669668774903e-01,  1.159976772243118e+00,  9.581334136570331e-02, -2.778782898150733e-01
  1.058000000000000e+01,  8.723772161919966e-01,  9.058803494986023e-02, -1.274551487168739e-01,  1.159986703603392e+00,  9.581169482122787e-02, -2.779036144540672e-01
  1.059000000000000e+01,  8.723451291081505e-01,  9.059585871961229e-02, -1.274437414381975e-01,  1.159996621361500e+00,  9.581069373023927e-02, -2.779288351299415e-01
  1.060000000000000e+01,  8.723125503932045e-01,  9.060419585663926e-02, -1.274328140855694e-01,  1.160006548010585e+00,  9.581034687646722e-02, -2.779538638075634e-01
  1.061000000000000e+01,  8.722794392162783e-01,  9.061303137246801e-02, -1.274224075705419e-01,  1.160016497591782e+00,  9.581067607838546e-02, -2.779786279775788e-01
  1.062000000000000e+01,  8.722457559278441e-01,  9.062235680615527e-02, -1.274125353258019e-01,  1.160026481018057e+00,  9.581170612943386e-02, -2.780030644096530e-01
  1.063000000000000e+01,  8.722114713036289e-01,  9.063217483815245e-02, -1.274031834751213e-01,  1.160036508686186e+00,  9.581345605528035e-02, -2.780271118637057e-01
  1.064000000000000e+01,  8.721765685834637e-01,  9.064249984505501e-02, -1.273943088563998e-01,  1.160046589266121e+00,  9.581593165421155e-02, -2.780507108550136e-01
  1.065000000000000e+01,  8.721410419869274e-01,  9.065335419484377e-02, -1.273858404643668e-01,  1.160056727542009e+00,  9.581911883534587e-02, -2.780738107838993e-01
  1.066000000000000e+01,  8.721048965154941e-01,  9.066476290567693e-02, -1.273776916821021e-01,  1.160066923085630e+00,  9.582298371913132e-02, -2.780963767652062e-01
  1.067000000000000e+01,  8.720681463097636e-01,  9.067674542237891e-02, -1.273697843431119e-01,  1.160077169993471e+00,  9.582748013300316e-02, -2.781183897190814e-01
  1.068000000000000e+01,  8.720308079691282e-01,  9.068930563654742e-02, -1.273620687140089e-01,  1.160087456927393e+00,  9.583255923788279e-02, -2.781398422656368e-01
  1.069000000000000e+01,  8.719928968792471e-01,  9.070242763473524e-02, -1.273545251264325e-01,  1.160097765922663e+00,  9.583817941065234e-02, -2.781607357621312e-01
  1.070000000000000e+01,  8.719544296091825e-01,  9.071607646562785e-02, -1.273471613415161e-01,  1.160108070999273e+00,  9.584431283625712e-02, -2.781810779884042e-01
  1.071000000000000e+01,  8.719154248951224e-01,  9.073019852693132e-02, -1.273400177620007e-01,  1.160118339040643e+00,  9.585094416286281e-02, -2.782008787386445e-01
  1.072000000000000e+01,  8.718759067536829e-01,  9.074472740582928e-02, -1.273331619895947e-01,  1.160128531387336e+00,  9.585806804007800e-02, -2.782201460875007e-01
  1.073000000000000e+01,  8.718359165748815e-01,  9.075959924936550e-02, -1.273266651080825e-01,  1.160138604741965e+00,  9.586569336653392e-02, -2.782388876711679e-01
  1.074000000000000e+01,  8.717955231745365e-01,  9.077476602615131e-02, -1.273205806138359e-01,  1.160148512761686e+00,  9.587384570009659e-02, -2.782571143991757e-01
  1.075000000000000e+01,  8.717548181947777e-01,  9.079019601636107e-02, -1.273149365164284e-01,  1.160158207610073e+00,  9.588255750934525e-02, -2.782748421586024e-01
  1.076000000000000e+01,  8.717139024091438e-01,  9.080586568709470e-02, -1.273097369083209e-01,  1.160167641447099e+00,  9.589185264311315e-02, -2.782920931624653e-01
  1.077000000000000e+01,  8.716728763954089e-01,  9.082175330746622e-02, -1.273049734353436e-01,  1.160176770419430e+00,  9.590173708909071e-02, -2.783089003417449e-01
  1.078000000000000e+01,  8.716318420058101e-01,  9.083784096824643e-02, -1.273006371726071e-01,  1.160185559891993e+00,  9.591219913635336e-02, -2.783253138081557e-01
  1.079000000000000e+01,  8.715909105139441e-01,  9.085412376203594e-02, -1.272967156717734e-01,  1.160193987143214e+00,  9.592321542134077e-02, -2.783414052009374e-01
  1.080000000000000e+01,  8.715502092003701e-01,  9.087061779589667e-02, -1.272931801883374e-01,  1.160202042431841e+00,  9.593475617427626e-02, -2.783572665698082e-01
  1.081000000000000e+01,  8.715098841857113e-01,  9.088736243469708e-02, -1.272899779708790e-01,  1.160209730890442e+00,  9.594678348356045e-02, -2.783730042412730e-01
  1.082000000000000e+01,  8.714701005381688e-01,  9.090441893960111e-02, -1.272870338983417e-01,  1.160217073125095e+00,  9.595924546211679e-02, -2.783887300798563e-01
  1.083000000000000e+01,  8.714310357433062e-01,  9.092186445626527e-02, -1.272842580176512e-01,  1.160224102030378e+00,  9.597207578372982e-02, -2.784045518829098e-01
  1.084000000000000e+01,  8.713928642735889e-01,  9.093978009945580e-02, -1.272815540097583e-01,  1.160230857496942e+00,  9.598520034989581e-02, -2.784205663926108e-01
  1.085000000000000e+01,  8.713557396083611e-01,  9.095823917901269e-02, -1.272788241755758e-01,  1.160237381742000e+00,  9.599854423586317e-02, -2.784368578501617e-01
  1.086000000000000e+01,  8.713197800716783e-01,  9.097729904413132e-02, -1.272759745171570e-01,  1.160243716237221e+00,  9.601203524455432e-02, -2.784535018506796e-01
  1.087000000000000e+01,  8.712850599429202e-01,  9.099699472824407e-02, -1.272729259591079e-01,  1.160249899822488e+00,  9.602560473312298e-02, -2.784705723430600e-01
  1.088000000000000e+01,  8.712516081286025e-01,  9.101733711142423e-02, -1.272696222073195e-01,  1.160255967052311e+00,  9.603918598910512e-02, -2.784881447157119e-01
  1.089000000000000e+01,  8.712194144376579e-01,  9.103831717313438e-02, -1.272660246192741e-01,  1.160261946312833e+00,  9.605271111242664e-02, -2.785062910300848e-01
  1.090000000000000e+01,  8.711884357060927e-01,  9.105990878521442e-02, -1.272621081639866e-01,  1.160267858287330e+00,  9.606610978008190e-02, -2.785250757654456e-01
  1.091000000000000e+01,  8.711585963767109e-01,  9.108206486932513e-02, -1.272578707430031e-01,  1.160273715739232e+00,  9.607931217341052e-02, -2.785445585033414e-01
  1.092000000000000e+01,  8.711297900472222e-01,  9.110471445452517e-02, -1.272533391808834e-01,  1.160279524908791e+00,  9.609225203637217e-02, -2.785647968574406e-01
  1.093000000000000e+01,  8.711018911559001e-01,  9.112777063497357e-02, -1.272485552480052e-01,  1.160285287130971e+00,  9.610486536442096e-02, -2.785858421321049e-01
  1.094000000000000e+01,  8.710747750484027e-01,  9.115114678998260e-02, -1.272435550845263e-01,  1.160290998021560e+00,  9.611708986868568e-02, -2.786077325296331e-01
  1.095000000000000e+01,  8.710483324638949e-01,  9.117476702804450e-02, -1.272383603331249e-01,  1.160296644007096e+00,  9.612887148944996e-02, -2.786304917123101e-01
  1.096000000000000e+01,  8.710224678953646e-01,  9.119856218432942e-02, -1.272329816963635e-01,  1.160302200578743e+00,  9.614017243485659e-02, -2.786541301872567e-01
  1.097000000000000e+01,  8.709970884201178e-01,  9.122245817362695e-02, -1.272274327578214e-01,  1.160307636572830e+00,  9.615097186282422e-02, -2.786786467056168e-01
  1.098000000000000e+01,  8.709720961416069e-01,  9.124636889404547e-02, -1.272217459764796e-01,  1.160312922045575e+00,  9.616126097890765e-02, -2.787040307026404e-01
  1.099000000000000e+01,  8.709473895812734e-01,  9.127019764271171e-02, -1.272159761101687e-01,  1.160318032469943e+00,  9.617104162284799e-02, -2.787302630105933e-01
  1.100000000000000e+01,  8.709228716462644e-01,  9.129384357562387e-02, -1.272101938788418e-01,  1.160322946821744e+00,  9.618033106251786e-02, -2.787573157546394e-01
  1.101000000000000e+01,  8.708984598757064e-01,  9.131721171991947e-02, -1.272044762218692e-01,  1.160327644114537e+00,  9.618916655160697e-02, -2.787851538791349e-01
  1.102000000000000e+01,  8.708740937457720e-01,  9.134022393863850e-02, -1.271988870165453e-01,  1.160332102305030e+00,  9.619760139845231e-02, -2.788137319496458e-01
  1.103000000000000e+01,  8.708497329902857e-01,  9.136282225906123e-02, -1.271934533785687e-01,  1.160336299588835e+00,  9.620569136288155e-02, -2.788429832448682e-01
  1.104000000000000e+01,  8.708253497411075e-01,  9.138496302754806e-02, -1.271881529095190e-01,  1.160340216923621e+00,  9.621348216255904e-02, -2.788728119285294e-01
  1.105000000000000e+01,  8.708009236363934e-01,  9.140660932025657e-02, -1.271829189082598e-01,  1.160343840948896e+00,  9.622100701412185e-02, -2.789030971297943e-01
  1.106000000000000e+01,  8.707764412941587e-01,  9.142772562672530e-02, -1.271776604053565e-01,  1.160347166829426e+00,  9.622828963582954e-02, -2.789337022802338e-01
  1.107000000000000e+01,  8.707518970387659e-01,  9.144827577386105e-02, -1.271722843742703e-01,  1.160350200253840e+00,  9.623534524529120e-02, -2.789644813546813e-01
  1.108000000000000e+01,  8.707272929945589e-01,  9.146822378406183e-02, -1.271667110342783e-01,  1.160352957118285e+00,  9.624217729288077e-02, -2.789952853196866e-01
  1.109000000000000e+01,  8.707026387314117e-01,  9.148753602818238e-02, -1.271608822051320e-01,  1.160355459873393e+00,  9.624877314977476e-02, -2.790259716483055e-01
  1.110000000000000e+01,  8.706779532364910e-01,  9.150618437912983e-02, -1.271547597648763e-01,  1.160357731805293e+00,  9.625510498697544e-02, -2.790564114624369e-01
  1.111000000000000e+01,  8.706532696905079e-01,  9.152415076650766e-02, -1.271483153688629e-01,  1.160359792395178e+00,  9.626113671940009e-02, -2.790864913146848e-01
  1.112000000000000e+01,  8.706286428048545e-01,  9.154143428336581e-02, -1.271415180908061e-01,  1.160361655291576e+00,  9.626683328262976e-02, -2.791161119738794e-01
  1.113000000000000e+01,  8.706041546790714e-01,  9.155805670428618e-02, -1.271343260630735e-01,  1.160363329127396e+00,  9.627216884059774e-02, -2.791451878450992e-01
  1.114000000000000e+01,  8.705799099670971e-01,  9.157405788192530e-02, -1.271266927074049e-01,  1.160364822148682e+00,  9.627712943455254e-02, -2.791736504671758e-01
  1.115000000000000e+01,  8.705560248557117e-01,  9.158948617482499e-02, -1.271185827004522e-01,  1.160366148626452e+00,  9.628171107246969e-02, -2.792014552688107e-01
  1.116000000000000e+01,  8.705326253630029e-01,  9.160439755270411e-02, -1.271099734653819e-01,  1.160367332751193e+00,  9.628591867218506e-02, -2.792285849563560e-01
  1.117000000000000e+01,  8.705098544260439e-01,  9.161886128125074e-02, -1.271008428040005e-01,  1.160368409211709e+00,  9.628976445702100e-02, -2.792550449876938e-01
  1.118000000000000e+01,  8.704878742877932e-01,  9.163295973541885e-02, -1.270911712192230e-01,  1.160369421543622e+00,  9.629326460706529e-02, -2.792808585875410e-01
  1.119000000000000e+01,  8.704668605394231e-01,  9.164678078966793e-02, -1.270809629938489e-01,  1.160370418894021e+00,  9.629643942508857e-02, -2.793060697375643e-01
  1.120000000000000e+01,  8.704469909295164e-01,  9.166040978795564e-02, -1.270702547523986e-01,  1.160371451883076e+00,  9.629931769568834e-02, -2.793307447709445e-01
  1.121000000000000e+01,  8.704284291942653e-01,  9.167392404385444e-02, -1.270590958810964e-01,  1.160372567885170e+00,  9.630193690742370e-02, -2.793549600046780e-01
  1.122000000000000e+01,  8.704113114212436e-01,  9.168739053480968e-02, -1.270475253874063e-01,  1.160373807250074e+00,  9.630433480376760e-02, -2.793787840878793e-01
  1.123000000000000e+01,  8.703957439254789e-01,  9.170086755209761e-02, -1.270355685050999e-01,  1.160375201471802e+00,  9.630654038388485e-02, -2.794022713635678e-01
  1.124000000000000e+01,  8.703818041043732e-01,  9.171440664792740e-02, -1.270232483162587e-01,  1.160376772756069e+00,  9.630857165058360e-02, -2.794254663633655e-01
  1.125000000000000e+01,  8.703695327610023e-01,  9.172805108751314e-02, -1.270105991633666e-01,  1.160378535755016e+00,  9.631043637200375e-02, -2.794484091337764e-01
  1.126000000000000e+01,  8.703589244019364e-01,  9.174183349206722e-02, -1.269976697426664e-01,  1.160380500332617e+00,  9.631213230315537e-02, -2.794711330652618e-01
  1.127000000000000e+01,  8.703499276928348e-01,  9.175577593539952e-02, -1.269845146691409e-01,  1.160382672975936e+00,  9.631364901024189e-02, -2.794936550627933e-01
  1.128000000000000e+01,  8.703424550556395e-01,  9.176988970418432e-02, -1.269711939948621e-01,  1.160385059026584e+00,  9.631497372965496e-02, -2.795159695311296e-01
  1.129000000000000e+01,  8.703363907282637e-01,  9.178417227421720e-02, -1.269577893961360e-01,  1.160387666725248e+00,  9.631610068335354e-02, -2.795380538490073e-01
  1.130000000000000e+01,  8.703315935279423e-01,  9.179860650477845e-02, -1.269444135200513e-01,  1.160390508096872e+00,  9.631703793260102e-02, -2.795598777346590e-01
  1.131000000000000e+01,  8.703279018726020e-01,  9.181316750484214e-02, -1.269311933149279e-01,  1.160393594718448e+00,  9.631780734060701e-02, -2.795814085395022e-01
  1.132000000000000e+01,  8.703251470838161e-01,  9.182783463196453e-02, -1.269182419512083e-01,  1.160396933805533e+00,  9.631843969574573e-02, -2.796026129045013e-01
  1.133000000000000e+01,  8.703231679506365e-01,  9.184260051272020e-02, -1.269056466009424e-01,  1.160400528103229e+00,  9.631896660877108e-02, -2.796234576475010e-01
  1.134000000000000e+01,  8.703218146977345e-01,  9.185747028927072e-02, -1.268934822822061e-01,  1.160404376999482e+00,  9.631941257365952e-02, -2.796439110459652e-01
  1.135000000000000e+01,  8.703209451863616e-01,  9.187245431097124e-02, -1.268818332605522e-01,  1.160408476489020e+00,  9.631979307665497e-02, -2.796639421836931e-01
  1.136000000000000e+01,  8.703204269496035e-01,  9.188756588547764e-02, -1.268707928567292e-01,  1.160412817670900e+00,  9.632011729645035e-02, -2.796835169652928e-01
  1.137000000000000e+01,  8.703201444683862e-01,  9.190282510273140e-02, -1.268604449091124e-01,  1.160417384732092e+00,  9.632039085256107e-02, -2.797025948462682e-01
  1.138000000000000e+01,  8.703199982576850e-01,  9.191825731882663e-02, -1.268508593376151e-01,  1.160422154643333e+00,  9.632061917583211e-02, -2.797211313308282e-01
  1.139000000000000e+01,  8.703198940799068e-01,  9.193388415330594e-02, -1.268421085650134e-01,  1.160427099597780e+00,  9.632080979201080e-02, -2.797390849391315e-01
  1.140000000000000e+01,  8.703197327302582e-01,  9.194971609476865e-02, -1.268342817864862e-01,  1.160432191536527e+00,  9.632096964105928e-02, -2.797564209566866e-01
  1.141000000000000e+01,  8.703194069908391e-01,  9.196575131982065e-02, -1.268274874532727e-01,  1.160437406813329e+00,  9.632110172105315e-02, -2.797731109515834e-01
  1.142000000000000e+01,  8.703188071354312e-01,  9.198197999335345e-02, -1.268218475568557e-01,  1.160442727968528e+00,  9.632120575134687e-02, -2.797891359723741e-01
  1.143000000000000e+01,  8.703178356033874e-01,  9.199839423844591e-02, -1.268174821199100e-01,  1.160448141602775e+00,  9.632128156268846e-02, -2.798044920737891e-01
  1.144000000000000e+01,  8.703164270911575e-01,  9.201500005540675e-02, -1.268144925626047e-01,  1.160453635785210e+00,  9.632133503163527e-02, -2.798191908098032e-01
  1.145000000000000e+01,  8.703145647309234e-01,  9.203182260412435e-02, -1.268129596646735e-01,  1.160459201890652e+00,  9.632138264261846e-02, -2.798332577722487e-01
  1.146000000000000e+01,  8.703148012755521e-01,  9.204932847169522e-02, -1.268129934299491e-01,  1.160465343105407e+00,  9.632199729699191e-02, -2.798452201935606e-01
  1.147000000000000e+01,  8.703117831695535e-01,  9.206655363750715e-02, -1.268146496299817e-01,  1.160470932767495e+00,  9.632212515352835e-02, -2.798580055628567e-01
  1.148000000000000e+01,  8.703092567369610e-01,  9.208452364054565e-02, -1.268177273795342e-01,  1.160476778987415e+00,  9.632238259986015e-02, -2.798706590346154e-01
  1.149000000000000e+01,  8.703064273937666e-01,  9.210287236219483e-02, -1.268223183343467e-01,  1.160482668787084e+00,  9.632272121036675e-02, -2.798828766600421e-01
  1.150000000000000e+01,  8.703035323559143e-01,  9.212171531197533e-02, -1.268283192737281e-01,  1.160488620746717e+00,  9.632317710347318e-02, -2.798946912552190e-01
  1.151000000000000e+01,  8.703005981838789e-01,  9.214109464291620e-02, -1.268356063415445e-01,  1.160494600771117e+00,  9.632375199144515e-02, -2.799061277952713e-01
  1.152000000000000e+01,  8.702976849895352e-01,  9.216107150950381e-02, -1.268440314589004e-01,  1.160500577881947e+00,  9.632445108980123e-02, -2.799172176726120e-01
  1.153000000000000e+01,  8.702911171067579e-01,  9.218034849751522e-02, -1.268533112634899e-01,  1.160505885973281e+00,  9.632444687850489e-02, -2.799282287334309e-01
  1.154000000000000e+01,  8.702879055549284e-01,  9.220136775142040e-02, -1.268635531288409e-01,  1.160511667976697e+00,  9.632534466686905e-02, -2.799384276864256e-01
  1.155000000000000e+01,  8.702849020182889e-01,  9.222315885552312e-02, -1.268744680633511e-01,  1.160517354839886e+00,  9.632641685788337e-02, -2.799483218544786e-01
  1.156000000000000e+01,  8.702819561188602e-01,  9.224563735259705e-02, -1.268859249021437e-01,  1.160522882117774e+00,  9.632764789979352e-02, -2.799578898646756e-01
  1.157000000000000e+01,  8.702790028921336e-01,  9.226876261387873e-02, -1.268977962738384e-01,  1.160528209356521e+00,  9.632904117251913e-02, -2.799671121194839e-01
  1.158000000000000e+01,  8.702759450922486e-01,  9.229246911493405e-02, -1.269099625010019e-01,  1.160533295915312e+00,  9.633058605273448e-02, -2.799759582051672e-01
  1.159000000000000e+01,  8.702726526427006e-01,  9.231666238873482e-02, -1.269223176924173e-01,  1.160538099749760e+00,  9.633225663703086e-02, -2.799843842668954e-01
  1.160000000000000e+01,  8.702689759806017e-01,  9.234122290712987e-02, -1.269347791539478e-01,  1.160542581132383e+00,  9.633402201796659e-02, -2.799923353760023e-01
  1.161000000000000e+01,  8.702647617685462e-01,  9.236601190803517e-02, -1.269472953749237e-01,  1.160546708149830e+00,  9.633585742933876e-02, -2.799997483621869e-01
  1.162000000000000e+01,  8.702598600391691e-01,  9.239087440870697e-02, -1.269598492679511e-01,  1.160550458455782e+00,  9.633774497950956e-02, -2.800065533962190e-01
  1.163000000000000e+01,  8.702541208681021e-01,  9.241563871963976e-02, -1.269724561608499e-01,  1.160553815294793e+00,  9.633966484764397e-02, -2.800126790342935e-01
  1.164000000000000e+01,  8.702473940596412e-01,  9.244011750711678e-02, -1.269851561029524e-01,  1.160556763625712e+00,  9.634158550590276e-02, -2.800180603388480e-01
  1.165000000000000e+01,  8.702395424281683e-01,  9.246411615594452e-02, -1.269979971913637e-01,  1.160559291211337e+00,  9.634345934617312e-02, -2.800226411616766e-01
  1.166000000000000e+01,  8.702304604337129e-01,  9.248744697537470e-02, -1.270110125826247e-01,  1.160561391506496e+00,  9.634522785678613e-02, -2.800263712933201e-01
  1.167000000000000e+01,  8.702200851368850e-01,  9.250994172251659e-02, -1.270242044018760e-01,  1.160563064329228e+00,  9.634683369298763e-02, -2.800292092547882e-01
  1.168000000000000e+01,  8.702083977907977e-01,  9.253145678487917e-02, -1.270375481192457e-01,  1.160564315052796e+00,  9.634823077509962e-02, -2.800311336818743e-01
  1.169000000000000e+01,  8.701954198229633e-01,  9.255186961892381e-02, -1.270510188136901e-01,  1.160565155649430e+00,  9.634938602232287e-02, -2.800321553907266e-01
  1.170000000000000e+01,  8.701812073261309e-01,  9.257107113803364e-02, -1.270646189709498e-01,  1.160565608403256e+00,  9.635027567899411e-02, -2.800323208443082e-01
  1.171000000000000e+01,  8.701658508125034e-01,  9.258896411551998e-02, -1.270783819110287e-01,  1.160565707191727e+00,  9.635088701028656e-02, -2.800317077920286e-01
  1.172000000000000e+01,  8.701494789043600e-01,  9.260547011200448e-02, -1.270923509225640e-01,  1.160565492755967e+00,  9.635122619348495e-02, -2.800304205755498e-01
  1.173000000000000e+01,  8.701322526680891e-01,  9.262053550947225e-02, -1.271065522188843e-01,  1.160565005871257e+00,  9.635131809490169e-02, -2.800285818016950e-01
  1.174000000000000e+01,  8.701143523125963e-01,  9.263413120523767e-02, -1.271209764792970e-01,  1.160564284005928e+00,  9.635119553069864e-02, -2.800263150611405e-01
  1.175000000000000e+01,  8.700959778014496e-01,  9.264625135373206e-02, -1.271355793522683e-01,  1.160563363255647e+00,  9.635089707598089e-02, -2.800237316575627e-01
  1.176000000000000e+01,  8.700773616917452e-01,  9.265691437994739e-02, -1.271502946458618e-01,  1.160562282057352e+00,  9.635047812243211e-02, -2.800209326074752e-01
  1.177000000000000e+01,  8.700587668333707e-01,  9.266616272632300e-02, -1.271650382173447e-01,  1.160561081501192e+00,  9.635001293487508e-02, -2.800180159389091e-01
  1.178000000000000e+01,  8.700404654408168e-01,  9.267406045070836e-02, -1.271796971380062e-01,  1.160559801760187e+00,  9.634957810806419e-02, -2.800150791725223e-01
  1.179000000000000e+01,  8.700227213566053e-01,  9.268069108318833e-02, -1.271941211509836e-01,  1.160558477722877e+00,  9.634923552655796e-02, -2.800122159214576e-01
  1.180000000000000e+01,  8.700057831492165e-01,  9.268615434613148e-02, -1.272081305477182e-01,  1.160557136529613e+00,  9.634902943932148e-02, -2.800095064076079e-01
  1.181000000000000e+01,  8.699898774673289e-01,  9.269055835104512e-02, -1.272215391641318e-01,  1.160555799086617e+00,  9.634898908729281e-02, -2.800070088263163e-01
  1.182000000000000e+01,  8.699746820202879e-01,  9.269577518090877e-02, -1.272339920761987e-01,  1.160554452459189e+00,  9.634898073527749e-02, -2.800064899446492e-01
  1.183000000000000e+01,  8.699615181730034e-01,  9.269770371130748e-02, -1.272457584333359e-01,  1.160553149046679e+00,  9.634925916557635e-02, -2.800043111529229e-01
  1.184000000000000e+01,  8.699495999732879e-01,  9.269946147335606e-02, -1.272564861237170e-01,  1.160551939810141e+00,  9.634967096136468e-02, -2.800024572934038e-01
  1.185000000000000e+01,  8.699393924141277e-01,  9.270045203840982e-02, -1.272660266413188e-01,  1.160550834667822e+00,  9.635018916620275e-02, -2.800008486181047e-01
  1.186000000000000e+01,  8.699308022028802e-01,  9.270101134444153e-02, -1.272743394507648e-01,  1.160549853558531e+00,  9.635077649645475e-02, -2.799995692581471e-01
  1.187000000000000e+01,  8.699234804148502e-01,  9.270129658531201e-02, -1.272816357438904e-01,  1.160548977224669e+00,  9.635138653877444e-02, -2.799985639641982e-01
