Main.Studies.MarkerTracking.t,Main.Studies.MarkerTracking.JointAngleOutputs.OutputFile_LeftArm.SternoClavicularProtraction,Main.Studies.MarkerTracking.JointAngleOutputs.OutputFile_LeftArm.SternoClavicularElevation,Main.Studies.MarkerTracking.JointAngleOutputs.OutputFile_LeftArm.SternoClavicularAxialRotation,Main.Studies.MarkerTracking.JointAngleOutputs.OutputFile_LeftArm.AcromioClavicularProtraction,Main.Studies.MarkerTracking.JointAngleOutputs.OutputFile_LeftArm.AcromioClavicularMedialRotation,Main.Studies.MarkerTracking.JointAngleOutputs.OutputFile_LeftArm.AcromioClavicularPosteriorTilt,Main.Studies.MarkerTracking.JointAngleOutputs.OutputFile_LeftArm.GlenohumeralFlexion,Main.Studies.MarkerTracking.JointAngleOutputs.OutputFile_LeftArm.GlenohumeralExternalRotation,Main.Studies.MarkerTracking.JointAngleOutputs.OutputFile_LeftArm.GlenohumeralAbduction,Main.Studies.MarkerTracking.JointAngleOutputs.OutputFile_LeftArm.ElbowFlexion,Main.Studies.MarkerTracking.JointAngleOutputs.OutputFile_LeftArm.ElbowPronation,Main.Studies.MarkerTracking.JointAngleOutputs.OutputFile_LeftArm.WristFlexion,Main.Studies.MarkerTracking.JointAngleOutputs.OutputFile_LeftArm.WristAbduction
  1.502000000000000e+01, -4.294105943324752e-01,  1.470546073294776e-01,  6.212367175140286e-02,  7.901579747794178e-01, -1.079415835385553e-01,  6.212367175138855e-02, -3.333049752987454e-01,  2.832770793501112e-02,  5.608519250793879e-01,  1.374201007228578e+00,  3.995555491753628e-01,  2.983835352512085e-01,  4.588046751149863e-02
  1.503000000000000e+01, -4.294034701262311e-01,  1.470523309905325e-01,  6.212510020029110e-02,  7.901630331274938e-01, -1.079413244605547e-01,  6.212510020035548e-02, -3.332152830826203e-01,  2.825521922349579e-02,  5.608669616875998e-01,  1.374168180141772e+00,  3.997986417418610e-01,  2.984001123994080e-01,  4.588997177925010e-02
  1.504000000000000e+01, -4.293957450773443e-01,  1.470497991963569e-01,  6.212635281056585e-02,  7.901680598994839e-01, -1.079407728696546e-01,  6.212635281063202e-02, -3.331222602537349e-01,  2.818246819134389e-02,  5.608811670204279e-01,  1.374135647031162e+00,  4.000434095696040e-01,  2.984199657674491e-01,  4.589962285983703e-02
  1.505000000000000e+01, -4.293874109018865e-01,  1.470470232016909e-01,  6.212749614057977e-02,  7.901731613265661e-01, -1.079399877377396e-01,  6.212749614059943e-02, -3.330248752301299e-01,  2.810764195053110e-02,  5.608950183747762e-01,  1.374102724881004e+00,  4.002913899344441e-01,  2.984434305965891e-01,  4.590918699261173e-02
  1.506000000000000e+01, -4.293785376548294e-01,  1.470440137868214e-01,  6.212846197867285e-02,  7.901782039026813e-01, -1.079389221324283e-01,  6.212846197874258e-02, -3.329247839962404e-01,  2.803262639702822e-02,  5.609079840797849e-01,  1.374070585504796e+00,  4.005370870698626e-01,  2.984734650406526e-01,  4.591892328759329e-02
  1.507000000000000e+01, -4.293689844456344e-01,  1.470407320922977e-01,  6.212930732315230e-02,  7.901833321135051e-01, -1.079375971835113e-01,  6.212930732317197e-02, -3.328198020089483e-01,  2.795531708889160e-02,  5.609205651940965e-01,  1.374037990736319e+00,  4.007860431159117e-01,  2.985068545226106e-01,  4.592841945722883e-02
  1.508000000000000e+01, -4.293588558371065e-01,  1.470372026487126e-01,  6.212996976247560e-02,  7.901884076163828e-01, -1.079359788297156e-01,  6.212996976249527e-02, -3.327118379788434e-01,  2.787773841150261e-02,  5.609322473225604e-01,  1.374006124099098e+00,  4.010326708759892e-01,  2.985462420658826e-01,  4.593795262763212e-02
  1.509000000000000e+01, -4.293481072052534e-01,  1.470334104238304e-01,  6.213045463544634e-02,  7.901934565051033e-01, -1.079340621442821e-01,  6.213045463546421e-02, -3.326003817229024e-01,  2.779950448923099e-02,  5.609430990533674e-01,  1.373974772555458e+00,  4.012778536073822e-01,  2.985909211693276e-01,  4.594740488277711e-02
  1.510000000000000e+01, -4.293367344501465e-01,  1.470293513907042e-01,  6.213075008633349e-02,  7.901984620739726e-01, -1.079318353893248e-01,  6.213075008635315e-02, -3.324855628525409e-01,  2.772086225678174e-02,  5.609530391745748e-01,  1.373944086188800e+00,  4.015207892918007e-01,  2.986409704759816e-01,  4.595675923682224e-02
  1.511000000000000e+01, -4.293247354810139e-01,  1.470250223619727e-01,  6.213084477988277e-02,  7.902034076167513e-01, -1.079292877423803e-01,  6.213084477989529e-02, -3.323675230922118e-01,  2.764205695991194e-02,  5.609619887700416e-01,  1.373914212523242e+00,  4.017606424408735e-01,  2.986963744219715e-01,  4.596599119077336e-02
  1.512000000000000e+01, -4.293121105050937e-01,  1.470204210226236e-01,  6.213072756551376e-02,  7.902082757917881e-01, -1.079264090530714e-01,  6.213072756553879e-02, -3.322464238872151e-01,  2.756334324372869e-02,  5.609698686406078e-01,  1.373885300825007e+00,  4.019965224667146e-01,  2.987570271679931e-01,  4.597506629952526e-02
  1.513000000000000e+01, -4.292988631921566e-01,  1.470155464980274e-01,  6.213038815852159e-02,  7.902130492096870e-01, -1.079231907209974e-01,  6.213038815853947e-02, -3.321224479944096e-01,  2.748498820246102e-02,  5.609766033273712e-01,  1.373857501104468e+00,  4.022275075300730e-01,  2.988227339346250e-01,  4.598393790754902e-02
  1.514000000000000e+01, -4.292850024567356e-01,  1.470104002135229e-01,  6.212981813692574e-02,  7.902177112622552e-01, -1.079196269976723e-01,  6.212981813694184e-02, -3.319958025680916e-01,  2.740727187506484e-02,  5.609821269461133e-01,  1.373830961476635e+00,  4.024526815842647e-01,  2.988932079454243e-01,  4.599254676663678e-02
  1.515000000000000e+01, -4.292705441066962e-01,  1.470049866713568e-01,  6.212901177867874e-02,  7.902222467581435e-01, -1.079157161133775e-01,  6.212901177870378e-02, -3.318667232266628e-01,  2.733048306475996e-02,  5.609863879830196e-01,  1.373805820101172e+00,  4.026711900460584e-01,  2.989680784448323e-01,  4.600082507350203e-02
  1.516000000000000e+01, -4.292555117927253e-01,  1.469993138755246e-01,  6.212796643804330e-02,  7.902266421256036e-01, -1.079114608296987e-01,  6.212796643806297e-02, -3.317354779049957e-01,  2.725491222380019e-02,  5.609893513079323e-01,  1.373782193448390e+00,  4.028823001776710e-01,  2.990469192193261e-01,  4.600870510072778e-02
  1.517000000000000e+01, -4.292399371598007e-01,  1.469933933763825e-01,  6.212668249730308e-02,  7.902308852778041e-01, -1.079068684290752e-01,  6.212668249733169e-02, -3.316023690137841e-01,  2.718084371806024e-02,  5.609909977295077e-01,  1.373760167879038e+00,  4.030854293160508e-01,  2.991292750763459e-01,  4.601612712390244e-02
  1.518000000000000e+01, -4.292238594160715e-01,  1.469872400640169e-01,  6.212516313143671e-02,  7.902349654218951e-01, -1.079019504055594e-01,  6.212516313146890e-02, -3.314677326063751e-01,  2.710854990707862e-02,  5.609913226268728e-01,  1.373739796922289e+00,  4.032801373912147e-01,  2.992146692922248e-01,  4.602304308055197e-02
  1.519000000000000e+01, -4.292073247877228e-01,  1.469808719460401e-01,  6.212341419298575e-02,  7.902388730996227e-01, -1.078967222404037e-01,  6.212341419300185e-02, -3.313319347186854e-01,  2.703828885160452e-02,  5.609903355118955e-01,  1.373721101269621e+00,  4.034661152637149e-01,  2.993026003978978e-01,  4.602941823720980e-02
  1.520000000000000e+01, -4.291903865135369e-01,  1.469743102136738e-01,  6.212144452933787e-02,  7.902426006809845e-01, -1.078912036912374e-01,  6.212144452935575e-02, -3.311953667771210e-01,  2.697030179245245e-02,  5.609880622838179e-01,  1.373704069706727e+00,  4.036431829123728e-01,  2.993925431442863e-01,  4.603523270709278e-02
  1.521000000000000e+01, -4.291731052807276e-01,  1.469675795226324e-01,  6.211926655611512e-02,  7.902461430774547e-01, -1.078854194120025e-01,  6.211926655614194e-02, -3.310584416383566e-01,  2.690480663129366e-02,  5.609845489939279e-01,  1.373688661759145e+00,  4.038112838806390e-01,  2.994839535548897e-01,  4.604048111115403e-02
  1.522000000000000e+01, -4.291555831362631e-01,  1.469607161696753e-01,  6.211687704735996e-02,  7.902494544707255e-01, -1.078793888515779e-01,  6.211687704743507e-02, -3.309221978784282e-01,  2.684263760727333e-02,  5.609797023259566e-01,  1.373675182926080e+00,  4.039688283454719e-01,  2.995771119738724e-01,  4.604527345146146e-02
  1.523000000000000e+01, -4.291378275433140e-01,  1.469537354438528e-01,  6.211433474554996e-02,  7.902526227135405e-01, -1.078731673009647e-01,  6.211433474561971e-02, -3.307858686932179e-01,  2.678265924387007e-02,  5.609739333560050e-01,  1.373662812774447e+00,  4.041192368613420e-01,  2.996697517689655e-01,  4.604941842945847e-02
  1.524000000000000e+01, -4.291199534509919e-01,  1.469466798403318e-01,  6.211164352382708e-02,  7.902556078151955e-01, -1.078667835325215e-01,  6.211164352389147e-02, -3.306505166251295e-01,  2.672562711102289e-02,  5.609671901984626e-01,  1.373651822639795e+00,  4.042610904373592e-01,  2.997621007536204e-01,  4.605304117562807e-02
  1.525000000000000e+01, -4.291020469130615e-01,  1.469395857867148e-01,  6.210882782013909e-02,  7.902584131514436e-01, -1.078602787631548e-01,  6.210882782019275e-02, -3.305166293071873e-01,  2.667164928986575e-02,  5.609595866457819e-01,  1.373642124218744e+00,  4.043945902683445e-01,  2.998535483618958e-01,  4.605617441618223e-02
  1.526000000000000e+01, -4.290841963248693e-01,  1.469324909804759e-01,  6.210591403565074e-02,  7.902610442031793e-01, -1.078536965209855e-01,  6.210591403570977e-02, -3.303846890544051e-01,  2.662079413969735e-02,  5.609512488035155e-01,  1.373633619954873e+00,  4.045199919989250e-01,  2.999434430270769e-01,  4.605885479842876e-02
  1.527000000000000e+01, -4.290664919411536e-01,  1.469254340796211e-01,  6.210292990660075e-02,  7.902635077780216e-01, -1.078470819658055e-01,  6.210292990665262e-02, -3.302551771498923e-01,  2.657310080966549e-02,  5.609423109723451e-01,  1.373626211604952e+00,  4.046375711547654e-01,  3.000311157078575e-01,  4.606112320226784e-02
  1.528000000000000e+01, -4.290490251119690e-01,  1.469184543640940e-01,  6.209990421649564e-02,  7.902658118709597e-01, -1.078404814585356e-01,  6.209990421654394e-02, -3.301285705260035e-01,  2.652858007093580e-02,  5.609329141364514e-01,  1.373619803865009e+00,  4.047476149533430e-01,  3.001158888410169e-01,  4.606302365361133e-02
  1.529000000000000e+01, -4.290318874096343e-01,  1.469115913284231e-01,  6.209686637191962e-02,  7.902679653573644e-01, -1.078339419819321e-01,  6.209686637196613e-02, -3.300053393369153e-01,  2.648721799392394e-02,  5.609232035595408e-01,  1.373614308067904e+00,  4.048504169009591e-01,  3.001970921709405e-01,  4.606460356040357e-02
  1.530000000000000e+01, -4.290151693518789e-01,  1.469048840816962e-01,  6.209384576231913e-02,  7.902699775131093e-01, -1.078275102751518e-01,  6.209384576236207e-02, -3.298859436932391e-01,  2.644898042579097e-02,  5.609133251277956e-01,  1.373609644359220e+00,  4.049462683170735e-01,  3.002740915724360e-01,  4.606591453606904e-02
  1.531000000000000e+01, -4.289989589754584e-01,  1.468983706788325e-01,  6.209087105215874e-02,  7.902718574897247e-01, -1.078212318735725e-01,  6.209087105219453e-02, -3.297708299098816e-01,  2.641381526454485e-02,  5.609034213162812e-01,  1.373605742171319e+00,  4.050354422298505e-01,  3.003463193993452e-01,  4.606701152749595e-02
  1.532000000000000e+01, -4.289833410014979e-01,  1.468920877285327e-01,  6.208796976345574e-02,  7.902736140018424e-01, -1.078151505436746e-01,  6.208796976348974e-02, -3.296604283597697e-01,  2.638165245311174e-02,  5.608936288042312e-01,  1.373602539989641e+00,  4.051181823055337e-01,  3.004133033353402e-01,  4.606794970982883e-02
  1.533000000000000e+01, -4.289683809766629e-01,  1.468860721703646e-01,  6.208520339878738e-02,  7.902753159983871e-01, -1.078093368885760e-01,  6.208520339885538e-02, -3.295544972717830e-01,  2.635147723805212e-02,  5.608843383310068e-01,  1.373599485243487e+00,  4.051965397431469e-01,  3.004737267091924e-01,  4.606864526706047e-02
  1.534000000000000e+01, -4.289541888098570e-01,  1.468803534204988e-01,  6.208252329765800e-02,  7.902768442859842e-01, -1.078037706100232e-01,  6.208252329770811e-02, -3.294548007319991e-01,  2.632511986751169e-02,  5.608751293147899e-01,  1.373597572649142e+00,  4.052668796068107e-01,  3.005293950714185e-01,  4.606942354358948e-02
  1.535000000000000e+01, -4.289408172686943e-01,  1.468749638987981e-01,  6.207999148548158e-02,  7.902782737370875e-01, -1.077985199855251e-01,  6.207999148551737e-02, -3.293609652000664e-01,  2.630143025287799e-02,  5.608664050285125e-01,  1.373596198213167e+00,  4.053314724709129e-01,  3.005791492465317e-01,  4.607016707496719e-02
  1.536000000000000e+01, -4.289283298069008e-01,  1.468699306762360e-01,  6.207762694500382e-02,  7.902796083718890e-01, -1.077936163160775e-01,  6.207762694504498e-02, -3.292733362202049e-01,  2.628031333455076e-02,  5.608582563336377e-01,  1.373595329809530e+00,  4.053904737672426e-01,  3.006230783253421e-01,  4.607090539311925e-02
  1.537000000000000e+01, -4.289167773152603e-01,  1.468652755221938e-01,  6.207544516932263e-02,  7.902808518357964e-01, -1.077890849550094e-01,  6.207544516935664e-02, -3.291921870492940e-01,  2.626164950917410e-02,  5.608507580233717e-01,  1.373594919259891e+00,  4.054440956346748e-01,  3.006613498496493e-01,  4.607165850592196e-02
  1.538000000000000e+01, -4.289061977064711e-01,  1.468610144564810e-01,  6.207345677388167e-02,  7.902820054172635e-01, -1.077849439479250e-01,  6.207345677390137e-02, -3.291177344645715e-01,  2.624532132853529e-02,  5.608439592689083e-01,  1.373594916379064e+00,  4.054925357685592e-01,  3.006942175931648e-01,  4.607244151252586e-02
  1.539000000000000e+01, -4.288966162785665e-01,  1.468571580221509e-01,  6.207166815532273e-02,  7.902830689206902e-01, -1.077812047138034e-01,  6.207166815534063e-02, -3.290501328870585e-01,  2.623120686342827e-02,  5.608378880351690e-01,  1.373595267108442e+00,  4.055359877317865e-01,  3.007220038331733e-01,  4.607326296331694e-02
  1.540000000000000e+01, -4.288880767519573e-01,  1.468537185817136e-01,  6.207006303748009e-02,  7.902839997099469e-01, -1.077778620021026e-01,  6.207006303753736e-02, -3.289900399452179e-01,  2.621978072556918e-02,  5.608323988868930e-01,  1.373596273209034e+00,  4.055730297708735e-01,  3.007458993928793e-01,  4.607422514108828e-02
  1.541000000000000e+01, -4.288805193140742e-01,  1.468506831137086e-01,  6.206868182657904e-02,  7.902848842227779e-01, -1.077749396045200e-01,  6.206868182663094e-02, -3.289362963946254e-01,  2.620964306894327e-02,  5.608278194994178e-01,  1.373597127199350e+00,  4.056072178398314e-01,  3.007645989627101e-01,  4.607511264799297e-02
  1.542000000000000e+01, -4.288739651639868e-01,  1.468480544311292e-01,  6.206750178129535e-02,  7.902856788206668e-01, -1.077724214122104e-01,  6.206750178134009e-02, -3.288894333091759e-01,  2.620125443749070e-02,  5.608239741286251e-01,  1.373598132036151e+00,  4.056370676015444e-01,  3.007793506482623e-01,  4.607601678696593e-02
  1.543000000000000e+01, -4.288683756620282e-01,  1.468458241027211e-01,  6.206654891418256e-02,  7.902864392059845e-01, -1.077703227137026e-01,  6.206654891424342e-02, -3.288487030796148e-01,  2.619352792549975e-02,  5.608210738205817e-01,  1.373598742954216e+00,  4.056643144305684e-01,  3.007897298335629e-01,  4.607679583554195e-02
  1.544000000000000e+01, -4.288637836610824e-01,  1.468439868762457e-01,  6.206574313295582e-02,  7.902870283541314e-01, -1.077685775556581e-01,  6.206574313298983e-02, -3.288155698652211e-01,  2.618845674275174e-02,  5.608185283041437e-01,  1.373599996919998e+00,  4.056852697677242e-01,  3.007981739922383e-01,  4.607770893004735e-02
  1.545000000000000e+01, -4.288600609863010e-01,  1.468425008249348e-01,  6.206510560042883e-02,  7.902875302520206e-01, -1.077671771195490e-01,  6.206510560043777e-02, -3.287884848104365e-01,  2.618451107324123e-02,  5.608165759564542e-01,  1.373601158067375e+00,  4.057026274962008e-01,  3.008041087007418e-01,  4.607855358220552e-02
  1.546000000000000e+01, -4.288570120637544e-01,  1.468412811867170e-01,  6.206457159520919e-02,  7.902879229631976e-01, -1.077660193036261e-01,  6.206457159525752e-02, -3.287664712955238e-01,  2.618184964904666e-02,  5.608148928941712e-01,  1.373602559322737e+00,  4.057154368616451e-01,  3.008092850070063e-01,  4.607943097198159e-02
