Main.Studies.MarkerTracking.t,Main.Studies.MarkerTracking.JointAngleOutputs.OutputFile_LeftLeg.HipFlexion,Main.Studies.MarkerTracking.JointAngleOutputs.OutputFile_LeftLeg.HipAbduction,Main.Studies.MarkerTracking.JointAngleOutputs.OutputFile_LeftLeg.HipExternalRotation,Main.Studies.MarkerTracking.JointAngleOutputs.OutputFile_LeftLeg.KneeFlexion,Main.Studies.MarkerTracking.JointAngleOutputs.OutputFile_LeftLeg.AnklePlantarFlexion,Main.Studies.MarkerTracking.JointAngleOutputs.OutputFile_LeftLeg.SubTalarEversion
  1.450000000000000e+01, -1.421598475843729e-01,  9.400145593177878e-02,  1.843683272818100e-01, -6.031375807507233e-02,  2.836133965458721e-02,  2.320339831240288e-01
  1.451000000000000e+01, -1.423305162609440e-01,  9.404405507319269e-02,  1.845711894434899e-01, -6.030662034601919e-02,  2.839793663131008e-02,  2.322464767392503e-01
  1.452000000000000e+01, -1.425094471102562e-01,  9.408797942261682e-02,  1.847818037833713e-01, -6.029907591565454e-02,  2.843582704713071e-02,  2.324594633405461e-01
  1.453000000000000e+01, -1.426944451736107e-01,  9.413207536082302e-02,  1.849986626032380e-01, -6.029077092001494e-02,  2.847557942015791e-02,  2.326777819279433e-01
  1.454000000000000e+01, -1.428858764892679e-01,  9.417627801216044e-02,  1.852220634385812e-01, -6.028164093350794e-02,  2.851735518363765e-02,  2.329017102691182e-01
  1.455000000000000e+01, -1.430873517473471e-01,  9.422177715513702e-02,  1.854553903804627e-01, -6.027166325965318e-02,  2.856084465147443e-02,  2.331258403069312e-01
  1.456000000000000e+01, -1.432914476482649e-01,  9.426603126521460e-02,  1.856915617882114e-01, -6.026084144259821e-02,  2.860666411400347e-02,  2.333598622742005e-01
  1.457000000000000e+01, -1.435018528899040e-01,  9.431020654394273e-02,  1.859339782726523e-01, -6.024914948851169e-02,  2.865460893293252e-02,  2.335988260703299e-01
  1.458000000000000e+01, -1.437185977194056e-01,  9.435424748200805e-02,  1.861825746599536e-01, -6.023657638413063e-02,  2.870474762367801e-02,  2.338425675926623e-01
  1.459000000000000e+01, -1.439416991107633e-01,  9.439810042316310e-02,  1.864372776548718e-01, -6.022310941163986e-02,  2.875714754161219e-02,  2.340908790993299e-01
  1.460000000000000e+01, -1.441711664942468e-01,  9.444171571371518e-02,  1.866979948341442e-01, -6.020873991441767e-02,  2.881187891957310e-02,  2.343435301925803e-01
  1.461000000000000e+01, -1.444070009380532e-01,  9.448504865718887e-02,  1.869646138494962e-01, -6.019346370716434e-02,  2.886901545785826e-02,  2.346002652823357e-01
  1.462000000000000e+01, -1.446491949541753e-01,  9.452806008757020e-02,  1.872370019004944e-01, -6.017728157111707e-02,  2.892863464255248e-02,  2.348608010486622e-01
  1.463000000000000e+01, -1.448977329972603e-01,  9.457071662925620e-02,  1.875150041524556e-01, -6.016019996908158e-02,  2.899081758575734e-02,  2.351248261711733e-01
  1.464000000000000e+01, -1.451525923541897e-01,  9.461299116561461e-02,  1.877984422462627e-01, -6.014223162106874e-02,  2.905564865575804e-02,  2.353920019387571e-01
  1.465000000000000e+01, -1.454137435838290e-01,  9.465486365414533e-02,  1.880871139070902e-01, -6.012339576210710e-02,  2.912321511943950e-02,  2.356619620810630e-01
  1.466000000000000e+01, -1.456811499218830e-01,  9.469632162502850e-02,  1.883807928158935e-01, -6.010371833465704e-02,  2.919360686772179e-02,  2.359343120947372e-01
  1.467000000000000e+01, -1.459547663497269e-01,  9.473735998676025e-02,  1.886792281199115e-01, -6.008323221521598e-02,  2.926691618763787e-02,  2.362086284605227e-01
  1.468000000000000e+01, -1.462345391252140e-01,  9.477798067411713e-02,  1.889821439644770e-01, -6.006197730355029e-02,  2.934323749886164e-02,  2.364844579720982e-01
  1.469000000000000e+01, -1.465204056266048e-01,  9.481819249956391e-02,  1.892892391925309e-01, -6.004000040868090e-02,  2.942266694656215e-02,  2.367613178516399e-01
  1.470000000000000e+01, -1.468122942015307e-01,  9.485801073106037e-02,  1.896001869128658e-01, -6.001735499732534e-02,  2.950530178421584e-02,  2.370386973143047e-01
  1.471000000000000e+01, -1.471101238609072e-01,  9.489745607803557e-02,  1.899146340995567e-01, -5.999410073676601e-02,  2.959123968895821e-02,  2.373160601910242e-01
  1.472000000000000e+01, -1.474138033838221e-01,  9.493655347789720e-02,  1.902322017016694e-01, -5.997030263930542e-02,  2.968057813652269e-02,  2.375928473930920e-01
  1.473000000000000e+01, -1.477232297614844e-01,  9.497533099004118e-02,  1.905524848171964e-01, -5.994602982229761e-02,  2.977341375238410e-02,  2.378684793004502e-01
  1.474000000000000e+01, -1.480382868164302e-01,  9.501381879076276e-02,  1.908750522021173e-01, -5.992135407014837e-02,  2.986984175576108e-02,  2.381423588350481e-01
  1.475000000000000e+01, -1.483588444121392e-01,  9.505204822940483e-02,  1.911994458697420e-01, -5.989634821449506e-02,  2.996995563065362e-02,  2.384138743740579e-01
  1.476000000000000e+01, -1.486847575040126e-01,  9.509005071817733e-02,  1.915251817656122e-01, -5.987108446067536e-02,  3.007384662611836e-02,  2.386824021909293e-01
  1.477000000000000e+01, -1.490158648398695e-01,  9.512785629254350e-02,  1.918517512907377e-01, -5.984563306011862e-02,  3.018160281830059e-02,  2.389473091444033e-01
  1.478000000000000e+01, -1.493519881865071e-01,  9.516549205671554e-02,  1.921786235844667e-01, -5.982006131487015e-02,  3.029330816636317e-02,  2.392079545971338e-01
  1.479000000000000e+01, -1.496929321957296e-01,  9.520298094329727e-02,  1.925052485875445e-01, -5.979443244764629e-02,  3.040904194175862e-02,  2.394636911843220e-01
  1.480000000000000e+01, -1.500384841668836e-01,  9.524034104348056e-02,  1.928310598749345e-01, -5.976880429079491e-02,  3.052887829232422e-02,  2.397138667718491e-01
  1.481000000000000e+01, -1.503884135805595e-01,  9.527758522171403e-02,  1.931554765074072e-01, -5.974322833187274e-02,  3.065288561581507e-02,  2.399578288548617e-01
  1.482000000000000e+01, -1.507424723087215e-01,  9.531472062523361e-02,  1.934779048148549e-01, -5.971774945302145e-02,  3.078112577020195e-02,  2.401949297534613e-01
  1.483000000000000e+01, -1.511003962035034e-01,  9.535174816896408e-02,  1.937977414670012e-01, -5.969240611692269e-02,  3.091365331100977e-02,  2.404245308948602e-01
  1.484000000000000e+01, -1.514619068477980e-01,  9.538866224549714e-02,  1.941143777779239e-01, -5.966723054080904e-02,  3.105051502826716e-02,  2.406460063394470e-01
  1.485000000000000e+01, -1.518267116828294e-01,  9.542545068872355e-02,  1.944272042011553e-01, -5.964224860640524e-02,  3.119174990955860e-02,  2.408587457879365e-01
  1.486000000000000e+01, -1.521945031363120e-01,  9.546209483120149e-02,  1.947356142008605e-01, -5.961747976039280e-02,  3.133738904289685e-02,  2.410621569710602e-01
  1.487000000000000e+01, -1.525649588628770e-01,  9.549856969444503e-02,  1.950390068933195e-01, -5.959293734770056e-02,  3.148745476024895e-02,  2.412556691285566e-01
  1.488000000000000e+01, -1.529377434165725e-01,  9.553484464912354e-02,  1.953367889500277e-01, -5.956862921746509e-02,  3.164195919595824e-02,  2.414387384634808e-01
  1.489000000000000e+01, -1.533125096096498e-01,  9.557088437509886e-02,  1.956283774910755e-01, -5.954455813564338e-02,  3.180090318633490e-02,  2.416108537454984e-01
  1.490000000000000e+01, -1.536888986883755e-01,  9.560664952509734e-02,  1.959132045123538e-01, -5.952072193274211e-02,  3.196427592257062e-02,  2.417715407897937e-01
  1.491000000000000e+01, -1.540665406401069e-01,  9.564209706661742e-02,  1.961907220043423e-01, -5.949711350005862e-02,  3.213205508268552e-02,  2.419203653537052e-01
  1.492000000000000e+01, -1.544450556967043e-01,  9.567718058690167e-02,  1.964604069212020e-01, -5.947372081648710e-02,  3.230420711447361e-02,  2.420569346622465e-01
  1.493000000000000e+01, -1.548240563817292e-01,  9.571185065891741e-02,  1.967217652335466e-01, -5.945052718080720e-02,  3.248068734953186e-02,  2.421808994166371e-01
  1.494000000000000e+01, -1.552031496192272e-01,  9.574605519515367e-02,  1.969743348654972e-01, -5.942751155640485e-02,  3.266143980632489e-02,  2.422919571644117e-01
  1.495000000000000e+01, -1.555819394813980e-01,  9.577973975214515e-02,  1.972176877366579e-01, -5.940464905540420e-02,  3.284639683830583e-02,  2.423898558217665e-01
  1.496000000000000e+01, -1.559600304941482e-01,  9.581284818254088e-02,  1.974514309866187e-01, -5.938191160947285e-02,  3.303547879659771e-02,  2.424743962470253e-01
  1.497000000000000e+01, -1.563370305291088e-01,  9.584532386004629e-02,  1.976752074678735e-01, -5.935926838504275e-02,  3.322859387446155e-02,  2.425454341583350e-01
  1.498000000000000e+01, -1.567125529044843e-01,  9.587711099952534e-02,  1.978886952277021e-01, -5.933668571880592e-02,  3.342563822877352e-02,  2.426028830228218e-01
  1.499000000000000e+01, -1.570862179885619e-01,  9.590815558673271e-02,  1.980916061186415e-01, -5.931412691402766e-02,  3.362649616833972e-02,  2.426467185934812e-01
  1.500000000000000e+01, -1.574576548732781e-01,  9.593840590288405e-02,  1.982836846262279e-01, -5.929155207037411e-02,  3.383104015440534e-02,  2.426769834546123e-01
  1.501000000000000e+01, -1.578265036812828e-01,  9.596781302351154e-02,  1.984647068984086e-01, -5.926891805188277e-02,  3.403913068945565e-02,  2.426937906941064e-01
  1.502000000000000e+01, -1.581924182188961e-01,  9.599633170900779e-02,  1.986344795784524e-01, -5.924617882392827e-02,  3.425061624766625e-02,  2.426973263538309e-01
  1.503000000000000e+01, -1.585550678081452e-01,  9.602392161265749e-02,  1.987928401850065e-01, -5.922328578730983e-02,  3.446533330917837e-02,  2.426878477101848e-01
  1.504000000000000e+01, -1.589141375570115e-01,  9.605054838000560e-02,  1.989396598678435e-01, -5.920018731864569e-02,  3.468310671452601e-02,  2.426656762257851e-01
  1.505000000000000e+01, -1.592693275743839e-01,  9.607618448745092e-02,  1.990748457479985e-01, -5.917682744830274e-02,  3.490375048438563e-02,  2.426311889700067e-01
  1.506000000000000e+01, -1.596203520747983e-01,  9.610080982098124e-02,  1.991983405332777e-01, -5.915314449400783e-02,  3.512706890986469e-02,  2.425848114326256e-01
  1.507000000000000e+01, -1.599669390184369e-01,  9.612441186916887e-02,  1.993101204124633e-01, -5.912907051403435e-02,  3.535285749785494e-02,  2.425270119973888e-01
  1.508000000000000e+01, -1.603088306386317e-01,  9.614698543620337e-02,  1.994101932859319e-01, -5.910453165943724e-02,  3.558090360300611e-02,  2.424582978601015e-01
  1.509000000000000e+01, -1.606457845954605e-01,  9.616853187442609e-02,  1.994985984029234e-01, -5.907944880205544e-02,  3.581098729408750e-02,  2.423792101537109e-01
  1.510000000000000e+01, -1.609775752320671e-01,  9.618905815417289e-02,  1.995754067911042e-01, -5.905373815650612e-02,  3.604288279900680e-02,  2.422903169127641e-01
  1.511000000000000e+01, -1.613039951245251e-01,  9.620857612685896e-02,  1.996407208203932e-01, -5.902731224235057e-02,  3.627635989867874e-02,  2.421922072448454e-01
  1.512000000000000e+01, -1.616248569970949e-01,  9.622710193731776e-02,  1.996946726116280e-01, -5.900008120001446e-02,  3.651118472291366e-02,  2.420854888670365e-01
  1.513000000000000e+01, -1.619399950354420e-01,  9.624465548995631e-02,  1.997374226697626e-01, -5.897195395708817e-02,  3.674712028263748e-02,  2.419707857961834e-01
  1.514000000000000e+01, -1.622492652800271e-01,  9.626125981219413e-02,  1.997691593458704e-01, -5.894283913768126e-02,  3.698392742398653e-02,  2.418487334849500e-01
  1.515000000000000e+01, -1.625525460522635e-01,  9.627694002266396e-02,  1.997900982275528e-01, -5.891264602160787e-02,  3.722136632772253e-02,  2.417199727768521e-01
  1.516000000000000e+01, -1.628497387639035e-01,  9.629172199959024e-02,  1.998004806413932e-01, -5.888128555836915e-02,  3.745919804485300e-02,  2.415851447926431e-01
  1.517000000000000e+01, -1.631407685406464e-01,  9.630563134791137e-02,  1.998005715048934e-01, -5.884867134507172e-02,  3.769718567253851e-02,  2.414448873230131e-01
  1.518000000000000e+01, -1.634255843052679e-01,  9.631869305484853e-02,  1.997906571295942e-01, -5.881472070985948e-02,  3.793509511952356e-02,  2.412998320771559e-01
  1.519000000000000e+01, -1.637041582912810e-01,  9.633093162978512e-02,  1.997710428443452e-01, -5.877935587453469e-02,  3.817269554795884e-02,  2.411506018895541e-01
  1.520000000000000e+01, -1.639764849561501e-01,  9.634237147861224e-02,  1.997420499434245e-01, -5.874250495105213e-02,  3.840975976961764e-02,  2.409978083120237e-01
  1.521000000000000e+01, -1.642425794599637e-01,  9.635303739162993e-02,  1.997040124204734e-01, -5.870410264779068e-02,  3.864606508575040e-02,  2.408420505127013e-01
  1.522000000000000e+01, -1.645024761754177e-01,  9.636295488644042e-02,  1.996572745978674e-01, -5.866409070827774e-02,  3.888139471483933e-02,  2.406839146100120e-01
  1.523000000000000e+01, -1.647562275329814e-01,  9.637215013303502e-02,  1.996021899442223e-01, -5.862241823295068e-02,  3.911553912089919e-02,  2.405239719597327e-01
  1.524000000000000e+01, -1.650039029917353e-01,  9.638064942127156e-02,  1.995391202564239e-01, -5.857904210487080e-02,  3.934829655906150e-02,  2.403627768662023e-01
  1.525000000000000e+01, -1.652455878408618e-01,  9.638847839206188e-02,  1.994684343021238e-01, -5.853392753398490e-02,  3.957947310718325e-02,  2.402008650426294e-01
  1.526000000000000e+01, -1.654813821292848e-01,  9.639566115998521e-02,  1.993905059760883e-01, -5.848704857455779e-02,  3.980888282030853e-02,  2.400387525650785e-01
  1.527000000000000e+01, -1.657114000616962e-01,  9.640221931926662e-02,  1.993057126663863e-01, -5.843838852427344e-02,  4.003634818743314e-02,  2.398769346829900e-01
  1.528000000000000e+01, -1.659357693800940e-01,  9.640817106047139e-02,  1.992144342150463e-01, -5.838794011961251e-02,  4.026170064622551e-02,  2.397158850852164e-01
  1.529000000000000e+01, -1.661546301757243e-01,  9.641353069998537e-02,  1.991170525412830e-01, -5.833570549069031e-02,  4.048478084725440e-02,  2.395560556334504e-01
  1.530000000000000e+01, -1.663681332083709e-01,  9.641830867647205e-02,  1.990139518563803e-01, -5.828169599533936e-02,  4.070543862298485e-02,  2.393978756390611e-01
  1.531000000000000e+01, -1.665764382666304e-01,  9.642251175687178e-02,  1.989055192830447e-01, -5.822593210336390e-02,  4.092353298590347e-02,  2.392417503796122e-01
  1.532000000000000e+01, -1.667797132075967e-01,  9.642614307279529e-02,  1.987921458302868e-01, -5.816844331877775e-02,  4.113893244008403e-02,  2.390880589462263e-01
  1.533000000000000e+01, -1.669781336070859e-01,  9.642920196858840e-02,  1.986742271500575e-01, -5.810926805575773e-02,  4.135151538013798e-02,  2.389371522308296e-01
  1.534000000000000e+01, -1.671718822532580e-01,  9.643168393661372e-02,  1.985521628014672e-01, -5.804845363110319e-02,  4.156117033436343e-02,  2.387893527485105e-01
  1.535000000000000e+01, -1.673611479346808e-01,  9.643358070896357e-02,  1.984263540406731e-01, -5.798605636062520e-02,  4.176779633296221e-02,  2.386449565827458e-01
  1.536000000000000e+01, -1.675461236339444e-01,  9.643488035622427e-02,  1.982972017546935e-01, -5.792214129243182e-02,  4.197130343761122e-02,  2.385042354846921e-01
  1.537000000000000e+01, -1.677270048408459e-01,  9.643556722178070e-02,  1.981651053153241e-01, -5.785678144393346e-02,  4.217161279024713e-02,  2.383674378528419e-01
  1.538000000000000e+01, -1.679039886913472e-01,  9.643562164195774e-02,  1.980304617662574e-01, -5.779005693610478e-02,  4.236865578884743e-02,  2.382347897523307e-01
  1.539000000000000e+01, -1.680772739366804e-01,  9.643501961966883e-02,  1.978936646905306e-01, -5.772205424162820e-02,  4.256237263663570e-02,  2.381064974903745e-01
  1.540000000000000e+01, -1.682470609125366e-01,  9.643373273578737e-02,  1.977551027660229e-01, -5.765286524602587e-02,  4.275271079203576e-02,  2.379827509669028e-01
  1.541000000000000e+01, -1.684135505463308e-01,  9.643172851180970e-02,  1.976151586833490e-01, -5.758258557704637e-02,  4.293962386926500e-02,  2.378637248035732e-01
  1.542000000000000e+01, -1.685769424297525e-01,  9.642897111828841e-02,  1.974742085001444e-01, -5.751131217230756e-02,  4.312307090059810e-02,  2.377495763928411e-01
  1.543000000000000e+01, -1.687374327802772e-01,  9.642542207821103e-02,  1.973326206544844e-01, -5.743914074050456e-02,  4.330301538302658e-02,  2.376404436793728e-01
  1.544000000000000e+01, -1.688952125637333e-01,  9.642104087276593e-02,  1.971907544289608e-01, -5.736616359428789e-02,  4.347942412650693e-02,  2.375364447583244e-01
  1.545000000000000e+01, -1.690504654253919e-01,  9.641578556945007e-02,  1.970489582334932e-01, -5.729246780686747e-02,  4.365226632955724e-02,  2.374376793281233e-01
  1.546000000000000e+01, -1.692033655600783e-01,  9.640961331210218e-02,  1.969075679932101e-01, -5.721813361086951e-02,  4.382151297026288e-02,  2.373442314590080e-01
  1.547000000000000e+01, -1.693540761885690e-01,  9.640248043937016e-02,  1.967669058831170e-01, -5.714323315537614e-02,  4.398713623377336e-02,  2.372561725316507e-01
  1.548000000000000e+01, -1.695027490206847e-01,  9.639434239016276e-02,  1.966272796325567e-01, -5.706782980162477e-02,  4.414910876025427e-02,  2.371735630078410e-01
  1.549000000000000e+01, -1.696495243954938e-01,  9.638515377733103e-02,  1.964889824591770e-01, -5.699197799500317e-02,  4.430740301135230e-02,  2.370964518927930e-01
  1.550000000000000e+01, -1.697945315956354e-01,  9.637486881136881e-02,  1.963522929595326e-01, -5.691572370757839e-02,  4.446199120313993e-02,  2.370248745166449e-01
  1.551000000000000e+01, -1.699378893589782e-01,  9.636344192296664e-02,  1.962174739927453e-01, -5.683910564161207e-02,  4.461284574723851e-02,  2.369588521078406e-01
  1.552000000000000e+01, -1.700797067221445e-01,  9.635082827186880e-02,  1.960847711337467e-01, -5.676215690322491e-02,  4.475993966224604e-02,  2.368983948896940e-01
  1.553000000000000e+01, -1.702200839818834e-01,  9.633698395188706e-02,  1.959544121968643e-01, -5.668490616961141e-02,  4.490324644654662e-02,  2.368435056395423e-01
  1.554000000000000e+01, -1.703591136449830e-01,  9.632186603684412e-02,  1.958266081396889e-01, -5.660737801420124e-02,  4.504273962192056e-02,  2.367941800143200e-01
  1.555000000000000e+01, -1.704968812503160e-01,  9.630543278795511e-02,  1.957015550957108e-01, -5.652959283418001e-02,  4.517839266007680e-02,  2.367504026856539e-01
  1.556000000000000e+01, -1.706334656787829e-01,  9.628764408321100e-02,  1.955794371826207e-01, -5.645156668163533e-02,  4.531017932864363e-02,  2.367121413782550e-01
  1.557000000000000e+01, -1.707689390028199e-01,  9.626846186220539e-02,  1.954604286324075e-01, -5.637331137934860e-02,  4.543807403593175e-02,  2.366793429944897e-01
  1.558000000000000e+01, -1.709033667145423e-01,  9.624785035047556e-02,  1.953446937933188e-01, -5.629483541621834e-02,  4.556205209794800e-02,  2.366519346442724e-01
  1.559000000000000e+01, -1.710368086957406e-01,  9.622577593927506e-02,  1.952323852135093e-01, -5.621614555826406e-02,  4.568208975244284e-02,  2.366298287998182e-01
  1.560000000000000e+01, -1.711665098234018e-01,  9.620235925639453e-02,  1.951146638233396e-01, -5.613993232311245e-02,  4.580081743214844e-02,  2.366309265937158e-01
  1.561000000000000e+01, -1.712981162728576e-01,  9.617721988150718e-02,  1.950096804301464e-01, -5.606079978373803e-02,  4.591287634310764e-02,  2.366189817196799e-01
  1.562000000000000e+01, -1.714289013550184e-01,  9.615052553965731e-02,  1.949088035430885e-01, -5.598138934025006e-02,  4.602083533080919e-02,  2.366114013334623e-01
  1.563000000000000e+01, -1.715588987642735e-01,  9.612225583038425e-02,  1.948118261657362e-01, -5.590179802590851e-02,  4.612476801415802e-02,  2.366086759415807e-01
  1.564000000000000e+01, -1.716881500457365e-01,  9.609238980462886e-02,  1.947188185578825e-01, -5.582204359322348e-02,  4.622466114269441e-02,  2.366106981865829e-01
  1.565000000000000e+01, -1.718166928970561e-01,  9.606090934077538e-02,  1.946298460835721e-01, -5.574214466630301e-02,  4.632050129313475e-02,  2.366173338553851e-01
  1.566000000000000e+01, -1.719445617916420e-01,  9.602779940922002e-02,  1.945449617494339e-01, -5.566212387583643e-02,  4.641227853767691e-02,  2.366284388186183e-01
  1.567000000000000e+01, -1.720717877603835e-01,  9.599304836758726e-02,  1.944642070270127e-01, -5.558200850267318e-02,  4.649998680959055e-02,  2.366438612748160e-01
  1.568000000000000e+01, -1.721983980333349e-01,  9.595664791650083e-02,  1.943876125734707e-01, -5.550183106460847e-02,  4.658362387497173e-02,  2.366634449481274e-01
  1.569000000000000e+01, -1.723244155896633e-01,  9.591859252660306e-02,  1.943151990012436e-01, -5.542162977517466e-02,  4.666319140374975e-02,  2.366870306830731e-01
  1.570000000000000e+01, -1.724498585085840e-01,  9.587887909738235e-02,  1.942469775616147e-01, -5.534144895465478e-02,  4.673869543449850e-02,  2.367144568091912e-01
  1.571000000000000e+01, -1.725747392007031e-01,  9.583750731228369e-02,  1.941829509470926e-01, -5.526133940111081e-02,  4.681014728843011e-02,  2.367455589472754e-01
  1.572000000000000e+01, -1.726990637109919e-01,  9.579448035504812e-02,  1.941231148563148e-01, -5.518135869217453e-02,  4.687756434724363e-02,  2.367801679919393e-01
  1.573000000000000e+01, -1.728228313371501e-01,  9.574980549891610e-02,  1.940674596078810e-01, -5.510157166477641e-02,  4.694097009427411e-02,  2.368181081808044e-01
  1.574000000000000e+01, -1.729460347786231e-01,  9.570349402909595e-02,  1.940159701063788e-01, -5.502205138002707e-02,  4.700039379455193e-02,  2.368591992518315e-01
  1.575000000000000e+01, -1.730686607206618e-01,  9.565556034094413e-02,  1.939686245377970e-01, -5.494288033436993e-02,  4.705587091020781e-02,  2.369032607301089e-01
  1.576000000000000e+01, -1.731906905058904e-01,  9.560602090797432e-02,  1.939253938862469e-01, -5.486415127101245e-02,  4.710744442739905e-02,  2.369501127731199e-01
  1.577000000000000e+01, -1.733121007921048e-01,  9.555489368118697e-02,  1.938862427481957e-01, -5.478596741458827e-02,  4.715516583786673e-02,  2.369995734040041e-01
  1.578000000000000e+01, -1.734328641076016e-01,  9.550219777686308e-02,  1.938511303880976e-01, -5.470844217505264e-02,  4.719909503324322e-02,  2.370514559971366e-01
  1.579000000000000e+01, -1.735529489122905e-01,  9.544795344212398e-02,  1.938200115547172e-01, -5.463169813108590e-02,  4.723929976970420e-02,  2.371055678902478e-01
  1.580000000000000e+01, -1.736723192458797e-01,  9.539218244701475e-02,  1.937928370210239e-01, -5.455586563269309e-02,  4.727585523603219e-02,  2.371617091298089e-01
  1.581000000000000e+01, -1.737909345505484e-01,  9.533490854973481e-02,  1.937695536010945e-01, -5.448108168527686e-02,  4.730884342498901e-02,  2.372196723130177e-01
  1.582000000000000e+01, -1.739087497254019e-01,  9.527615760685215e-02,  1.937501038959727e-01, -5.440748899550178e-02,  4.733835204879838e-02,  2.372792441235304e-01
  1.583000000000000e+01, -1.740257149104131e-01,  9.521595742319122e-02,  1.937344263547617e-01, -5.433523459306704e-02,  4.736447324322708e-02,  2.373402078045163e-01
  1.584000000000000e+01, -1.741417748504519e-01,  9.515433752017466e-02,  1.937224553462536e-01, -5.426446794114841e-02,  4.738730241221203e-02,  2.374023466737344e-01
  1.585000000000000e+01, -1.742568681890138e-01,  9.509132882229943e-02,  1.937141209833826e-01, -5.419533880361391e-02,  4.740693721929142e-02,  2.374654472343277e-01
  1.586000000000000e+01, -1.743709269273551e-01,  9.502696338936834e-02,  1.937093494443689e-01, -5.412799494294592e-02,  4.742347659783307e-02,  2.375292987005502e-01
  1.587000000000000e+01, -1.744838761790297e-01,  9.496127423407663e-02,  1.937080634614252e-01, -5.406257989810730e-02,  4.743701995710491e-02,  2.375936905761614e-01
  1.588000000000000e+01, -1.745956343399812e-01,  9.489429502822522e-02,  1.937101816418040e-01, -5.399923135600782e-02,  4.744766663302707e-02,  2.376584129787479e-01
  1.589000000000000e+01, -1.747061134385298e-01,  9.482605977907288e-02,  1.937156172747578e-01, -5.393808019594305e-02,  4.745551516518209e-02,  2.377232590633708e-01
  1.590000000000000e+01, -1.748152193691581e-01,  9.475660280540965e-02,  1.937242781384551e-01, -5.387925002464995e-02,  4.746066205116471e-02,  2.377880268661102e-01
  1.591000000000000e+01, -1.749228522607588e-01,  9.468595891109910e-02,  1.937360668730971e-01, -5.382285713564482e-02,  4.746320013238899e-02,  2.378525218753134e-01
  1.592000000000000e+01, -1.750289074526461e-01,  9.461416330655426e-02,  1.937508813762828e-01, -5.376901059041103e-02,  4.746321732894114e-02,  2.379165604481128e-01
  1.593000000000000e+01, -1.751332766723313e-01,  9.454125130069890e-02,  1.937686159959727e-01, -5.371781204477186e-02,  4.746079638955161e-02,  2.379799707327281e-01
  1.594000000000000e+01, -1.752358484434362e-01,  9.446725823169388e-02,  1.937891632918870e-01, -5.366935541895324e-02,  4.745601539774640e-02,  2.380425906423704e-01
  1.595000000000000e+01, -1.753365079715307e-01,  9.439221963530242e-02,  1.938124148219571e-01, -5.362372690059358e-02,  4.744894818553019e-02,  2.381042663894941e-01
  1.596000000000000e+01, -1.754351376550519e-01,  9.431617124523495e-02,  1.938382606857150e-01, -5.358100557974546e-02,  4.743966430319810e-02,  2.381648533476271e-01
  1.597000000000000e+01, -1.755316182146178e-01,  9.423914887669982e-02,  1.938665892739468e-01, -5.354126431367066e-02,  4.742822896282128e-02,  2.382242174754221e-01
  1.598000000000000e+01, -1.756258293722500e-01,  9.416118844470933e-02,  1.938972881188977e-01, -5.350457006017093e-02,  4.741470336144787e-02,  2.382822353265074e-01
  1.599000000000000e+01, -1.757176497095579e-01,  9.408232598615496e-02,  1.939302451125338e-01, -5.347098362929956e-02,  4.739914512703181e-02,  2.383387928383915e-01
  1.600000000000000e+01, -1.758069562865758e-01,  9.400259751885032e-02,  1.939653490541025e-01, -5.344055951234814e-02,  4.738160831207010e-02,  2.383937848249491e-01
  1.601000000000000e+01, -1.758936244145308e-01,  9.392203881310612e-02,  1.940024896345592e-01, -5.341334593593943e-02,  4.736214290112519e-02,  2.384471156902324e-01
  1.602000000000000e+01, -1.759775275135234e-01,  9.384068511082599e-02,  1.940415575938416e-01, -5.338938475439303e-02,  4.734079449623207e-02,  2.384987003261747e-01
  1.603000000000000e+01, -1.760585369851353e-01,  9.375857073413241e-02,  1.940824448388071e-01, -5.336871129699406e-02,  4.731760454191988e-02,  2.385484655508990e-01
  1.604000000000000e+01, -1.761365220382070e-01,  9.367572875329122e-02,  1.941250441743091e-01, -5.335135447016764e-02,  4.729261070889163e-02,  2.385963513302253e-01
  1.605000000000000e+01, -1.762113495738245e-01,  9.359219092138038e-02,  1.941692497599805e-01, -5.333733677557546e-02,  4.726584720115919e-02,  2.386423088823349e-01
  1.606000000000000e+01, -1.762828843806614e-01,  9.350798781131342e-02,  1.942149587846085e-01, -5.332667400384080e-02,  4.723734510024145e-02,  2.386862965133307e-01
  1.607000000000000e+01, -1.763509895676091e-01,  9.342314902493731e-02,  1.942620726140347e-01, -5.331937520251585e-02,  4.720713265516555e-02,  2.387282779115041e-01
  1.608000000000000e+01, -1.764155268367732e-01,  9.333770336140645e-02,  1.943104961141981e-01, -5.331544333149761e-02,  4.717523537832417e-02,  2.387682246296000e-01
  1.609000000000000e+01, -1.764763560616942e-01,  9.325167899014608e-02,  1.943601359722189e-01, -5.331487598017585e-02,  4.714167596180607e-02,  2.388061198154611e-01
  1.610000000000000e+01, -1.765333342389122e-01,  9.316510375872689e-02,  1.944108995265350e-01, -5.331766542870452e-02,  4.710647409745137e-02,  2.388419598248370e-01
  1.611000000000000e+01, -1.765863148605907e-01,  9.307800536651056e-02,  1.944626946128331e-01, -5.332379830907269e-02,  4.706964638222889e-02,  2.388757530224857e-01
  1.612000000000000e+01, -1.766351481599128e-01,  9.299041123852936e-02,  1.945154297768185e-01, -5.333325557467155e-02,  4.703120642297021e-02,  2.389075175380128e-01
  1.613000000000000e+01, -1.766796813674940e-01,  9.290234866541081e-02,  1.945690147260745e-01, -5.334601279938692e-02,  4.699116512418500e-02,  2.389372792431947e-01
  1.614000000000000e+01, -1.767197583276735e-01,  9.281384556493411e-02,  1.946233614403836e-01, -5.336204028509307e-02,  4.694953096856297e-02,  2.389650693744635e-01
  1.615000000000000e+01, -1.767552189338225e-01,  9.272493131032533e-02,  1.946783850523083e-01, -5.338130299702687e-02,  4.690630995761599e-02,  2.389909225020874e-01
  1.616000000000000e+01, -1.767858991695656e-01,  9.263563709231137e-02,  1.947340033527849e-01, -5.340376082395409e-02,  4.686150536295196e-02,  2.390148767778567e-01
  1.617000000000000e+01, -1.768116317519731e-01,  9.254599594223212e-02,  1.947901355093801e-01, -5.342936913939632e-02,  4.681511773051768e-02,  2.390369757384443e-01
  1.618000000000000e+01, -1.768322468347133e-01,  9.245604260166185e-02,  1.948467011142556e-01, -5.345807929425640e-02,  4.676714509945908e-02,  2.390572696150372e-01
  1.619000000000000e+01, -1.768475727078907e-01,  9.236581332340288e-02,  1.949036199951163e-01, -5.348983897363207e-02,  4.671758331951338e-02,  2.390758154994209e-01
  1.620000000000000e+01, -1.768574366503494e-01,  9.227534600121934e-02,  1.949608129282788e-01, -5.352459244834196e-02,  4.666642641098504e-02,  2.390926762616677e-01
  1.621000000000000e+01, -1.768616657513239e-01,  9.218468078941755e-02,  1.950182027061499e-01, -5.356228076111987e-02,  4.661366664343199e-02,  2.391079187867649e-01
  1.622000000000000e+01, -1.768600874222934e-01,  9.209386067193193e-02,  1.950757146298748e-01, -5.360284190528710e-02,  4.655929439582211e-02,  2.391216125481438e-01
  1.623000000000000e+01, -1.768525295607273e-01,  9.200293157578865e-02,  1.951332763191668e-01, -5.364621096725945e-02,  4.650329834831415e-02,  2.391338287365607e-01
  1.624000000000000e+01, -1.768388205708287e-01,  9.191194230448163e-02,  1.951908172170019e-01, -5.369232027341851e-02,  4.644566607762751e-02,  2.391446400169044e-01
  1.625000000000000e+01, -1.768187893688415e-01,  9.182094461092882e-02,  1.952482679082924e-01, -5.374109963516690e-02,  4.638638444748430e-02,  2.391541210944100e-01
  1.626000000000000e+01, -1.767922655109169e-01,  9.172999323773356e-02,  1.953055590221620e-01, -5.379247676716931e-02,  4.632543942979503e-02,  2.391623499878923e-01
  1.627000000000000e+01, -1.767590798275220e-01,  9.163914564714193e-02,  1.953626196010999e-01, -5.384637788912302e-02,  4.626281582192452e-02,  2.391694096275602e-01
  1.628000000000000e+01, -1.767190655173145e-01,  9.154846158982077e-02,  1.954193756958246e-01, -5.390272823451935e-02,  4.619849737615268e-02,  2.391753885995505e-01
  1.629000000000000e+01, -1.766720589635732e-01,  9.145800287121708e-02,  1.954757500185433e-01, -5.396145204838780e-02,  4.613246718855923e-02,  2.391803801525304e-01
  1.630000000000000e+01, -1.766178998944772e-01,  9.136783333428977e-02,  1.955316621438054e-01, -5.402247205516668e-02,  4.606470795571890e-02,  2.391844806143313e-01
  1.631000000000000e+01, -1.765564312454553e-01,  9.127801881854447e-02,  1.955870281913441e-01, -5.408570890017377e-02,  4.599520190605089e-02,  2.391877889848872e-01
  1.632000000000000e+01, -1.764874991611165e-01,  9.118862700801866e-02,  1.956417599050043e-01, -5.415108099475865e-02,  4.592393044144936e-02,  2.391904077045879e-01
  1.633000000000000e+01, -1.764109534070863e-01,  9.109972718788040e-02,  1.956957638802939e-01, -5.421850464034943e-02,  4.585087369321772e-02,  2.391924430395037e-01
  1.634000000000000e+01, -1.763266483126462e-01,  9.101138980637802e-02,  1.957489412183738e-01, -5.428789419936106e-02,  4.577601010532100e-02,  2.391940044719886e-01
  1.635000000000000e+01, -1.762344439259028e-01,  9.092368581797650e-02,  1.958011871879479e-01, -5.435916222385846e-02,  4.569931622797738e-02,  2.391952038492775e-01
  1.636000000000000e+01, -1.761342067370306e-01,  9.083668606019568e-02,  1.958523909209446e-01, -5.443221929922621e-02,  4.562076724728117e-02,  2.391961541907925e-01
  1.637000000000000e+01, -1.760258097286737e-01,  9.075046083661431e-02,  1.959024351961035e-01, -5.450697367362439e-02,  4.554033811609520e-02,  2.391969682111565e-01
  1.638000000000000e+01, -1.759091322280327e-01,  9.066507963610815e-02,  1.959511956420069e-01, -5.458333126305372e-02,  4.545800421887046e-02,  2.391977580223043e-01
  1.639000000000000e+01, -1.757840602362626e-01,  9.058061083564151e-02,  1.959985395149653e-01, -5.466119622761559e-02,  4.537374136411781e-02,  2.391986360890496e-01
  1.640000000000000e+01, -1.756504872044988e-01,  9.049712128990128e-02,  1.960443251531533e-01, -5.474047163699182e-02,  4.528752577166149e-02,  2.391997158548744e-01
  1.641000000000000e+01, -1.755083145150155e-01,  9.041467602998221e-02,  1.960884020092604e-01, -5.482105987377431e-02,  4.519933393146364e-02,  2.392011117442572e-01
  1.642000000000000e+01, -1.753574513379688e-01,  9.033333837131763e-02,  1.961306106593024e-01, -5.490286273211287e-02,  4.510914204289198e-02,  2.392029386370412e-01
  1.643000000000000e+01, -1.751978143313594e-01,  9.025317032334490e-02,  1.961707833852157e-01, -5.498578112745404e-02,  4.501692561157657e-02,  2.392053095923249e-01
  1.644000000000000e+01, -1.750293278190279e-01,  9.017423293207649e-02,  1.962087455412956e-01, -5.506971473182269e-02,  4.492265964986460e-02,  2.392083322663211e-01
  1.645000000000000e+01, -1.748519246798262e-01,  9.009658633185724e-02,  1.962443167132120e-01, -5.515456216381631e-02,  4.482631924337624e-02,  2.392121068061841e-01
  1.646000000000000e+01, -1.746655476507684e-01,  9.002028956964181e-02,  1.962773111229739e-01, -5.524022178470639e-02,  4.472788014347598e-02,  2.392167263502367e-01
  1.647000000000000e+01, -1.744701505097671e-01,  8.994540034412313e-02,  1.963075377755920e-01, -5.532659259475849e-02,  4.462731911950858e-02,  2.392222786189359e-01
  1.648000000000000e+01, -1.742656987698034e-01,  8.987197476588848e-02,  1.963348014107802e-01, -5.541357466629679e-02,  4.452461399834653e-02,  2.392288462789249e-01
  1.649000000000000e+01, -1.740521699357033e-01,  8.980006724176315e-02,  1.963589046643174e-01, -5.550106887594615e-02,  4.441974362008739e-02,  2.392365051963004e-01
  1.650000000000000e+01, -1.738246829327555e-01,  8.973030919526348e-02,  1.963718462502299e-01, -5.559041645000767e-02,  4.431403250583970e-02,  2.392589941857499e-01
  1.651000000000000e+01, -1.735927819335641e-01,  8.966158479780950e-02,  1.963888412294680e-01, -5.567865431726522e-02,  4.420479968948958e-02,  2.392693589916103e-01
  1.652000000000000e+01, -1.733518270594750e-01,  8.959453341297219e-02,  1.964020488840830e-01, -5.576712474313284e-02,  4.409336105823176e-02,  2.392810760653225e-01
  1.653000000000000e+01, -1.731018373578286e-01,  8.952920059168501e-02,  1.964113158288634e-01, -5.585571683866171e-02,  4.397968465023137e-02,  2.392941075356847e-01
  1.654000000000000e+01, -1.728428620346551e-01,  8.946563196359802e-02,  1.964164603346000e-01, -5.594433554236846e-02,  4.386375408895944e-02,  2.393084830886240e-01
  1.655000000000000e+01, -1.725749677240033e-01,  8.940387041179410e-02,  1.964173099049455e-01, -5.603288729437889e-02,  4.374555448267115e-02,  2.393242217539776e-01
  1.656000000000000e+01, -1.722982391864861e-01,  8.934395542194329e-02,  1.964137021855300e-01, -5.612128029956202e-02,  4.362507276811717e-02,  2.393413339027743e-01
  1.657000000000000e+01, -1.720127792573669e-01,  8.928592311671757e-02,  1.964054863127492e-01, -5.620942440875142e-02,  4.350229741681209e-02,  2.393598229211629e-01
  1.658000000000000e+01, -1.717187083511374e-01,  8.922980695205918e-02,  1.963925248759238e-01, -5.629723054021707e-02,  4.337721852162005e-02,  2.393796860714942e-01
  1.659000000000000e+01, -1.714161639585548e-01,  8.917563847499688e-02,  1.963746955922847e-01, -5.638461009835016e-02,  4.324982849908394e-02,  2.394009152222140e-01
  1.660000000000000e+01, -1.711053005474372e-01,  8.912344767389158e-02,  1.963518917325205e-01, -5.647147497405568e-02,  4.312012234535302e-02,  2.394234979466567e-01
  1.661000000000000e+01, -1.707862900217850e-01,  8.907326295278195e-02,  1.963240214485711e-01, -5.655773805036640e-02,  4.298809696558943e-02,  2.394474189273165e-01
  1.662000000000000e+01, -1.704593222392784e-01,  8.902511116489209e-02,  1.962910072388756e-01, -5.664331364880334e-02,  4.285375058354773e-02,  2.394726611024944e-01
  1.663000000000000e+01, -1.701246049162050e-01,  8.897901789491613e-02,  1.962527864067149e-01, -5.672811767362852e-02,  4.271708306308861e-02,  2.394992059734047e-01
  1.664000000000000e+01, -1.697823628508430e-01,  8.893500759285233e-02,  1.962093119956169e-01, -5.681206776412417e-02,  4.257809675386372e-02,  2.395270335299080e-01
  1.665000000000000e+01, -1.694328368533566e-01,  8.889310313637555e-02,  1.961605534216150e-01, -5.689508360126538e-02,  4.243679729835815e-02,  2.395561220790014e-01
  1.666000000000000e+01, -1.690762828137888e-01,  8.885332501390319e-02,  1.961064967145461e-01, -5.697708721484859e-02,  4.229319445255708e-02,  2.395864475652044e-01
  1.667000000000000e+01, -1.687129709039960e-01,  8.881569090028130e-02,  1.960471443174123e-01, -5.705800349072943e-02,  4.214730285346026e-02,  2.396179829743798e-01
  1.668000000000000e+01, -1.683431842288681e-01,  8.878021597065056e-02,  1.959825142499048e-01, -5.713776103982567e-02,  4.199914235676276e-02,  2.396506989004047e-01
  1.669000000000000e+01, -1.679672163240257e-01,  8.874691332528273e-02,  1.959126389223071e-01, -5.721629289011827e-02,  4.184873801670636e-02,  2.396845650632349e-01
  1.670000000000000e+01, -1.675853677587311e-01,  8.871579409315178e-02,  1.958375640527176e-01, -5.729353644706769e-02,  4.169612018837348e-02,  2.397195515923183e-01
  1.671000000000000e+01, -1.671979429092744e-01,  8.868686737652443e-02,  1.957573477991334e-01, -5.736943294353062e-02,  4.154132518390277e-02,  2.397556292347134e-01
  1.672000000000000e+01, -1.668052477446578e-01,  8.866013998961808e-02,  1.956720601108638e-01, -5.744392700411861e-02,  4.138439636611509e-02,  2.397927687703555e-01
  1.673000000000000e+01, -1.664075883255770e-01,  8.863561598476632e-02,  1.955817821129320e-01, -5.751696667331409e-02,  4.122538497369136e-02,  2.398309408606512e-01
  1.674000000000000e+01, -1.660052695743642e-01,  8.861329619057257e-02,  1.954866050994737e-01, -5.758850385401754e-02,  4.106435033463206e-02,  2.398701170812611e-01
  1.675000000000000e+01, -1.655985944107209e-01,  8.859317799906319e-02,  1.953866292335781e-01, -5.765849479416153e-02,  4.090135958353445e-02,  2.399102713992320e-01
  1.676000000000000e+01, -1.651878628261782e-01,  8.857525590572579e-02,  1.952819628606163e-01, -5.772690008763028e-02,  4.073648691805029e-02,  2.399513803024143e-01
  1.677000000000000e+01, -1.647733704915288e-01,  8.855952290834623e-02,  1.951727229267093e-01, -5.779368405913025e-02,  4.056981274863945e-02,  2.399934205011541e-01
  1.678000000000000e+01, -1.643554073997942e-01,  8.854597190988422e-02,  1.950590357736199e-01, -5.785881401766777e-02,  4.040142320385399e-02,  2.400363656256043e-01
  1.679000000000000e+01, -1.639342568711270e-01,  8.853459637302041e-02,  1.949410374806566e-01, -5.792225969773880e-02,  4.023140976931722e-02,  2.400801842882068e-01
  1.680000000000000e+01, -1.635101949185667e-01,  8.852539021852235e-02,  1.948188738309097e-01, -5.798399281134092e-02,  4.005986871554364e-02,  2.401248402041483e-01
  1.681000000000000e+01, -1.630834902060225e-01,  8.851834719300866e-02,  1.946927007375280e-01, -5.804398669930185e-02,  3.988690061031819e-02,  2.401702936328803e-01
  1.682000000000000e+01, -1.626544047813646e-01,  8.851345989388282e-02,  1.945626856666480e-01, -5.810221608564538e-02,  3.971261036109272e-02,  2.402165029568112e-01
  1.683000000000000e+01, -1.622231953321923e-01,  8.851071873958949e-02,  1.944290091714069e-01, -5.815865682644479e-02,  3.953710761956984e-02,  2.402634254147518e-01
  1.684000000000000e+01, -1.617901140241872e-01,  8.851011114311902e-02,  1.942918651987552e-01, -5.821328557027314e-02,  3.936050689502126e-02,  2.403110172611625e-01
  1.685000000000000e+01, -1.613554082913093e-01,  8.851162085330655e-02,  1.941514603022144e-01, -5.826607928835912e-02,  3.918292718589939e-02,  2.403592340185379e-01
  1.686000000000000e+01, -1.609193201895786e-01,  8.851522731340333e-02,  1.940080126177833e-01, -5.831701472879536e-02,  3.900449160629892e-02,  2.404080308709379e-01
  1.687000000000000e+01, -1.604820857737062e-01,  8.852090505185051e-02,  1.938617502406602e-01, -5.836606802988798e-02,  3.882532718807783e-02,  2.404573642802129e-01
  1.688000000000000e+01, -1.600439341604994e-01,  8.852862332879541e-02,  1.937129086112266e-01, -5.841321451967375e-02,  3.864556450682476e-02,  2.405071953520444e-01
  1.689000000000000e+01, -1.596050867131951e-01,  8.853834625503709e-02,  1.935617279025256e-01, -5.845842841952366e-02,  3.846533692317731e-02,  2.405574924965939e-01
  1.690000000000000e+01, -1.591657573014216e-01,  8.855003302453746e-02,  1.934084513372327e-01, -5.850168241918073e-02,  3.828477972308888e-02,  2.406082317720817e-01
  1.691000000000000e+01, -1.587261533841730e-01,  8.856363753552232e-02,  1.932533247161643e-01, -5.854294727091949e-02,  3.810402961003625e-02,  2.406593961347727e-01
  1.692000000000000e+01, -1.582864773002976e-01,  8.857910758704057e-02,  1.930965971249311e-01, -5.858219149246861e-02,  3.792322467226865e-02,  2.407109742212096e-01
  1.693000000000000e+01, -1.578469281825028e-01,  8.859638472974352e-02,  1.929385215234694e-01, -5.861938156876413e-02,  3.774250450169520e-02,  2.407629585986131e-01
  1.694000000000000e+01, -1.574077047978711e-01,  8.861540505018639e-02,  1.927793534053900e-01, -5.865448300102229e-02,  3.756200981496016e-02,  2.408153451528763e-01
  1.695000000000000e+01, -1.569690088489432e-01,  8.863610008320522e-02,  1.926193480136442e-01, -5.868746176759052e-02,  3.738188142949615e-02,  2.408681344656921e-01
  1.696000000000000e+01, -1.565310484992855e-01,  8.865839738500858e-02,  1.924587584610769e-01, -5.871828549660109e-02,  3.720225953162866e-02,  2.409213326440338e-01
  1.697000000000000e+01, -1.560940420631601e-01,  8.868222087237965e-02,  1.922978352778179e-01, -5.874692430277394e-02,  3.702328389280992e-02,  2.409749498676885e-01
  1.698000000000000e+01, -1.556582213106190e-01,  8.870749094190189e-02,  1.921368255042464e-01, -5.877335179052155e-02,  3.684509448472022e-02,  2.410289989965770e-01
  1.699000000000000e+01, -1.552238334327479e-01,  8.873412458841612e-02,  1.919759707719172e-01, -5.879754636285129e-02,  3.666783177975760e-02,  2.410834957884868e-01
  1.700000000000000e+01, -1.547911415757777e-01,  8.876203598404708e-02,  1.918155060469254e-01, -5.881949226061357e-02,  3.649163661449142e-02,  2.411384582831127e-01
  1.701000000000000e+01, -1.543604252355805e-01,  8.879113741840583e-02,  1.916556594392081e-01, -5.883918000061518e-02,  3.631664990346406e-02,  2.411939042396079e-01
  1.702000000000000e+01, -1.539319809226276e-01,  8.882134004446884e-02,  1.914966522495128e-01, -5.885660648880325e-02,  3.614301251885112e-02,  2.412498484148805e-01
  1.703000000000000e+01, -1.535061223736176e-01,  8.885255430462413e-02,  1.913386994692553e-01, -5.887177504153430e-02,  3.597086530928070e-02,  2.413063004499965e-01
  1.704000000000000e+01, -1.530831804135502e-01,  8.888469045347613e-02,  1.911820108794562e-01, -5.888469541796044e-02,  3.580034896922136e-02,  2.413632631433040e-01
  1.705000000000000e+01, -1.526635028382599e-01,  8.891765936199980e-02,  1.910267922052677e-01, -5.889538402525033e-02,  3.563160377221711e-02,  2.414207307451212e-01
  1.706000000000000e+01, -1.522474544265152e-01,  8.895137322629054e-02,  1.908732457327903e-01, -5.890386460091091e-02,  3.546476947724219e-02,  2.414786875435039e-01
  1.707000000000000e+01, -1.518354171410577e-01,  8.898574593587183e-02,  1.907215697977972e-01, -5.891016949822006e-02,  3.529998533481568e-02,  2.415371084006607e-01
  1.708000000000000e+01, -1.514277899196619e-01,  8.902069333757412e-02,  1.905719577217724e-01, -5.891434097949324e-02,  3.513738989281450e-02,  2.415959608767325e-01
  1.709000000000000e+01, -1.510249876004730e-01,  8.905613358462738e-02,  1.904245974656208e-01, -5.891643195481615e-02,  3.497712071615999e-02,  2.416552063297998e-01
  1.710000000000000e+01, -1.506274394928075e-01,  8.909198749364489e-02,  1.902796715975168e-01, -5.891650654050409e-02,  3.481931434810415e-02,  2.417147998367049e-01
  1.711000000000000e+01, -1.502355878709465e-01,  8.912817883281976e-02,  1.901373564607581e-01, -5.891464087117050e-02,  3.466410654535833e-02,  2.417746908593871e-01
  1.712000000000000e+01, -1.498498860109739e-01,  8.916463442765465e-02,  1.899978209566089e-01, -5.891092387522675e-02,  3.451163254547880e-02,  2.418348250555896e-01
  1.713000000000000e+01, -1.494707957154469e-01,  8.920128384026471e-02,  1.898612263355476e-01, -5.890545742498918e-02,  3.436202726762351e-02,  2.418951452987582e-01
  1.714000000000000e+01, -1.490987844467359e-01,  8.923805865931111e-02,  1.897277276226952e-01, -5.889835547009924e-02,  3.421542548608011e-02,  2.419555897778022e-01
  1.715000000000000e+01, -1.487343219440134e-01,  8.927489173861347e-02,  1.895974754858176e-01, -5.888974251827652e-02,  3.407196170512453e-02,  2.420160883450781e-01
  1.716000000000000e+01, -1.483778763921727e-01,  8.931171645722569e-02,  1.894706169191353e-01, -5.887975218428103e-02,  3.393176939003306e-02,  2.420765604297815e-01
  1.717000000000000e+01, -1.480299100551224e-01,  8.934846608032410e-02,  1.893472951246166e-01, -5.886852559310442e-02,  3.379497979427883e-02,  2.421369147612747e-01
  1.718000000000000e+01, -1.476908740731648e-01,  8.938507363605952e-02,  1.892276495418516e-01, -5.885620914924308e-02,  3.366172086268486e-02,  2.421970489488582e-01
  1.719000000000000e+01, -1.473612029534746e-01,  8.942147227486941e-02,  1.891118151688763e-01, -5.884295217743979e-02,  3.353211610725013e-02,  2.422568496246984e-01
  1.720000000000000e+01, -1.470413095829869e-01,  8.945759550099552e-02,  1.889999204905896e-01, -5.882890489096079e-02,  3.340628313539457e-02,  2.423161945277031e-01
  1.721000000000000e+01, -1.467315808288486e-01,  8.949337697175763e-02,  1.888920847994074e-01, -5.881421624884011e-02,  3.328433223456004e-02,  2.423749552437855e-01
  1.722000000000000e+01, -1.464323736689905e-01,  8.952875011124783e-02,  1.887884153551320e-01, -5.879903153489163e-02,  3.316636555394257e-02,  2.424329992637471e-01
  1.723000000000000e+01, -1.461440121960824e-01,  8.956364787159110e-02,  1.886890043304482e-01, -5.878349020869438e-02,  3.305247672791380e-02,  2.424901916084106e-01
  1.724000000000000e+01, -1.458667856657487e-01,  8.959800260393247e-02,  1.885939259281666e-01, -5.876772435781577e-02,  3.294275081874534e-02,  2.425463966155272e-01
  1.725000000000000e+01, -1.456009470261479e-01,  8.963174593485257e-02,  1.885032344773552e-01, -5.875185768597797e-02,  3.283726445099297e-02,  2.426014801359737e-01
  1.726000000000000e+01, -1.453521904883529e-01,  8.966486716529731e-02,  1.884260107043182e-01, -5.873475686344912e-02,  3.273428190050416e-02,  2.426394219596346e-01
  1.727000000000000e+01, -1.451095379315349e-01,  8.969718380308844e-02,  1.883440559395642e-01, -5.871902020546815e-02,  3.263746883424172e-02,  2.426920297682551e-01
  1.728000000000000e+01, -1.448787282282715e-01,  8.972868041898718e-02,  1.882662602671321e-01, -5.870355331058146e-02,  3.254514199879639e-02,  2.427436693856898e-01
  1.729000000000000e+01, -1.446599198782494e-01,  8.975929228560187e-02,  1.881928683094202e-01, -5.868839135545669e-02,  3.245727029708197e-02,  2.427937213615478e-01
  1.730000000000000e+01, -1.444531631481101e-01,  8.978895298573275e-02,  1.881238552608373e-01, -5.867361008884273e-02,  3.237387787204540e-02,  2.428420626518586e-01
  1.731000000000000e+01, -1.442584652440783e-01,  8.981759749649187e-02,  1.880591752184304e-01, -5.865927854659757e-02,  3.229497995232268e-02,  2.428885928633084e-01
  1.732000000000000e+01, -1.440757906504638e-01,  8.984516267177534e-02,  1.879987694923385e-01, -5.864545748364763e-02,  3.222058013294948e-02,  2.429332199521491e-01
  1.733000000000000e+01, -1.439050613652471e-01,  8.987158786569660e-02,  1.879425680079983e-01, -5.863219932566778e-02,  3.215066998259064e-02,  2.429758589898311e-01
  1.734000000000000e+01, -1.437461574358840e-01,  8.989681594769272e-02,  1.878904903420431e-01, -5.861954817409592e-02,  3.208522913759207e-02,  2.430164308408249e-01
  1.735000000000000e+01, -1.435989178793941e-01,  8.992079446928858e-02,  1.878424463362534e-01, -5.860754021416573e-02,  3.202422537893460e-02,  2.430548615210361e-01
  1.736000000000000e+01, -1.434631420261583e-01,  8.994347651954437e-02,  1.877983362196164e-01, -5.859620472854252e-02,  3.196761417973862e-02,  2.430910832457251e-01
  1.737000000000000e+01, -1.433385908314769e-01,  8.996482134787720e-02,  1.877580504833187e-01, -5.858556533473110e-02,  3.191533796202829e-02,  2.431250370653542e-01
  1.738000000000000e+01, -1.432249879801556e-01,  8.998479487719724e-02,  1.877214697991965e-01, -5.857564081994204e-02,  3.186732566961532e-02,  2.431566758035341e-01
  1.739000000000000e+01, -1.431220211134204e-01,  9.000336993722846e-02,  1.876884647779850e-01, -5.856644537946705e-02,  3.182349274951358e-02,  2.431859662290808e-01
  1.740000000000000e+01, -1.430293431501691e-01,  9.002052632093083e-02,  1.876588955436431e-01, -5.855798845257988e-02,  3.178374119990137e-02,  2.432128901816472e-01
  1.741000000000000e+01, -1.429465733168185e-01,  9.003625109212621e-02,  1.876326117408437e-01, -5.855027436070572e-02,  3.174795947526269e-02,  2.432374446762208e-01
  1.742000000000000e+01, -1.428732975374577e-01,  9.005053931124052e-02,  1.876094531257355e-01, -5.854330191274427e-02,  3.171602222852296e-02,  2.432596415451605e-01
  1.743000000000000e+01, -1.428090683605540e-01,  9.006339484876125e-02,  1.875892502558216e-01, -5.853706416650105e-02,  3.168778987465587e-02,  2.432795077553121e-01
  1.744000000000000e+01, -1.427534052405678e-01,  9.007483096834745e-02,  1.875718250984438e-01, -5.853154844306609e-02,  3.166310812075863e-02,  2.432970867246657e-01
  1.745000000000000e+01, -1.427057955369768e-01,  9.008487097273021e-02,  1.875569918121584e-01, -5.852673642851861e-02,  3.164180754479400e-02,  2.433124392955182e-01
  1.746000000000000e+01, -1.426761281582626e-01,  9.009439571412825e-02,  1.875340631348645e-01, -5.852718753726265e-02,  3.162773456263819e-02,  2.433442169410351e-01
  1.747000000000000e+01, -1.426420867996545e-01,  9.010164418558930e-02,  1.875272167083767e-01, -5.852268535160110e-02,  3.161158533479590e-02,  2.433493015753786e-01
  1.748000000000000e+01, -1.426138054707428e-01,  9.010760218400748e-02,  1.875201610413804e-01, -5.851927006564746e-02,  3.159887592303018e-02,  2.433565882952413e-01
  1.749000000000000e+01, -1.425911718744774e-01,  9.011239210423883e-02,  1.875149752457299e-01, -5.851636380199288e-02,  3.158859030943127e-02,  2.433617375253185e-01
  1.750000000000000e+01, -1.425729677322259e-01,  9.011636375382781e-02,  1.875106474396557e-01, -5.851404392002848e-02,  3.158025242633576e-02,  2.433662847056154e-01
