Main.Studies.MarkerTracking.t,Main.Studies.MarkerTracking.JointAngleOutputs.OutputFile_LeftLeg.HipFlexion,Main.Studies.MarkerTracking.JointAngleOutputs.OutputFile_LeftLeg.HipAbduction,Main.Studies.MarkerTracking.JointAngleOutputs.OutputFile_LeftLeg.HipExternalRotation,Main.Studies.MarkerTracking.JointAngleOutputs.OutputFile_LeftLeg.KneeFlexion,Main.Studies.MarkerTracking.JointAngleOutputs.OutputFile_LeftLeg.AnklePlantarFlexion,Main.Studies.MarkerTracking.JointAngleOutputs.OutputFile_LeftLeg.SubTalarEversion
  6.000000000000000e+00, -1.259555750597753e-01,  1.124571160136236e-01,  1.658536998464995e-01, -9.304717081493584e-02,  2.256761669421850e-02,  2.555054287307615e-01
  6.010000000000000e+00, -1.259607729268333e-01,  1.126457633105924e-01,  1.659439969097115e-01, -9.286869779615868e-02,  2.260652473391614e-02,  2.552105758911790e-01
  6.020000000000000e+00, -1.259366616592135e-01,  1.128205639583466e-01,  1.660471433229446e-01, -9.267037058310114e-02,  2.265210690376502e-02,  2.549031279911704e-01
  6.030000000000000e+00, -1.258730776161064e-01,  1.129765386220931e-01,  1.661673248379702e-01, -9.244567906880098e-02,  2.270664692504793e-02,  2.545793514349878e-01
  6.040000000000000e+00, -1.257653131053127e-01,  1.131108447956515e-01,  1.663066484529472e-01, -9.219172060872319e-02,  2.277140364039609e-02,  2.542372234817017e-01
  6.050000000000000e+00, -1.256135572874623e-01,  1.132237182437839e-01,  1.664644649930037e-01, -9.190921035992440e-02,  2.284620105033260e-02,  2.538789995704589e-01
  6.060000000000000e+00, -1.254156855482024e-01,  1.133135828529575e-01,  1.666417842034426e-01, -9.159697873538215e-02,  2.293178274523911e-02,  2.535039111475563e-01
  6.070000000000000e+00, -1.251699447054195e-01,  1.133792703786516e-01,  1.668392538201140e-01, -9.125423933802550e-02,  2.302872846234626e-02,  2.531120748660891e-01
  6.080000000000000e+00, -1.248749828191925e-01,  1.134200507694911e-01,  1.670571104579812e-01, -9.088061949195916e-02,  2.313744774984560e-02,  2.527045995792397e-01
  6.090000000000000e+00, -1.245287046124665e-01,  1.134341075195324e-01,  1.672967198165235e-01, -9.047485544363927e-02,  2.325893056843034e-02,  2.522799886928058e-01
  6.100000000000000e+00, -1.241300813706225e-01,  1.134209033154256e-01,  1.675582287983363e-01, -9.003681645971992e-02,  2.339358703034621e-02,  2.518396395530125e-01
  6.110000000000000e+00, -1.236779649146232e-01,  1.133796006504366e-01,  1.678421467175982e-01, -8.956615455159100e-02,  2.354202755341066e-02,  2.513841443741187e-01
  6.120000000000000e+00, -1.231714235433529e-01,  1.133094839557311e-01,  1.681489432659362e-01, -8.906266362388340e-02,  2.370485623519457e-02,  2.509142353113519e-01
  6.130000000000000e+00, -1.226097691486228e-01,  1.132099744507316e-01,  1.684790466068066e-01, -8.852629027641516e-02,  2.388266343249669e-02,  2.504307895522562e-01
  6.140000000000000e+00, -1.219923386128439e-01,  1.130803053467289e-01,  1.688332520111634e-01, -8.795684404717088e-02,  2.407617476201756e-02,  2.499339017836006e-01
  6.150000000000000e+00, -1.213195784930730e-01,  1.129209881004642e-01,  1.692109820837969e-01, -8.735528448601398e-02,  2.428556328100969e-02,  2.494268361338011e-01
  6.160000000000000e+00, -1.205913939612948e-01,  1.127315289188349e-01,  1.696130049619726e-01, -8.672170874441432e-02,  2.451151740296808e-02,  2.489098314159669e-01
  6.170000000000000e+00, -1.198083685319005e-01,  1.125120741416759e-01,  1.700395323283952e-01, -8.605678480867250e-02,  2.475445806272119e-02,  2.483844334345707e-01
  6.180000000000000e+00, -1.189717043438602e-01,  1.122633017412782e-01,  1.704903374632168e-01, -8.536166101780396e-02,  2.501456576682895e-02,  2.478532231003095e-01
  6.190000000000000e+00, -1.180822780505891e-01,  1.119851414472743e-01,  1.709663469446601e-01, -8.463678112096369e-02,  2.529244936222292e-02,  2.473161409557645e-01
  6.200000000000000e+00, -1.171422568375302e-01,  1.116789175507578e-01,  1.714670173262741e-01, -8.388383495909019e-02,  2.558801291169291e-02,  2.467765039644782e-01
  6.210000000000000e+00, -1.161539642841185e-01,  1.113458086184493e-01,  1.719922326209112e-01, -8.310434462783954e-02,  2.590124697099505e-02,  2.462366331765801e-01
  6.220000000000000e+00, -1.151203203148981e-01,  1.109871006099588e-01,  1.725414367091031e-01, -8.230011995473899e-02,  2.623241669116129e-02,  2.456997403373591e-01
  6.230000000000000e+00, -1.140445610932620e-01,  1.106050699358838e-01,  1.731147929549255e-01, -8.147311714239346e-02,  2.658027642124858e-02,  2.451675923179984e-01
  6.240000000000000e+00, -1.129305621772627e-01,  1.102014744005644e-01,  1.737117880037477e-01, -8.062544483365131e-02,  2.694477761474113e-02,  2.446432228140267e-01
  6.250000000000000e+00, -1.117838286419375e-01,  1.097786045156424e-01,  1.743372471802909e-01, -7.975884931751148e-02,  2.732389279705829e-02,  2.441197335370910e-01
  6.260000000000000e+00, -1.106071472754124e-01,  1.093394153523637e-01,  1.749802545771731e-01, -7.887707977521935e-02,  2.771913850002991e-02,  2.436192830580573e-01
  6.270000000000000e+00, -1.094072943570284e-01,  1.088870076863455e-01,  1.756449171870413e-01, -7.798254363804662e-02,  2.812791957947025e-02,  2.431363215562090e-01
  6.280000000000000e+00, -1.081903710366990e-01,  1.084247300261303e-01,  1.763303288764781e-01, -7.707823514434696e-02,  2.854874127386896e-02,  2.426743526944687e-01
  6.290000000000000e+00, -1.069629894588238e-01,  1.079561954969650e-01,  1.770355006651988e-01, -7.616729310426941e-02,  2.897983459070519e-02,  2.422368885669034e-01
  6.300000000000000e+00, -1.057322304047298e-01,  1.074852488538203e-01,  1.777593351445221e-01, -7.525297984380711e-02,  2.941916938138240e-02,  2.418274705749337e-01
  6.310000000000000e+00, -1.045055694662222e-01,  1.070159169893472e-01,  1.785006381874062e-01, -7.433864075620621e-02,  2.986446710723858e-02,  2.414496152360315e-01
  6.320000000000000e+00, -1.032907716653528e-01,  1.065523406031310e-01,  1.792581366187113e-01, -7.342765289823222e-02,  3.031322920003118e-02,  2.411067486459948e-01
  6.330000000000000e+00, -1.020978069755454e-01,  1.061000657686990e-01,  1.800241644255062e-01, -7.252583864201285e-02,  3.076403201280890e-02,  2.408151606052449e-01
  6.340000000000000e+00, -1.009322854065057e-01,  1.056615407495254e-01,  1.808114916300707e-01, -7.163194490523196e-02,  3.121059271125515e-02,  2.405492421821443e-01
  6.350000000000000e+00, -9.980243741125830e-02,  1.052411555285644e-01,  1.816096099667195e-01, -7.075154604144639e-02,  3.165256457766231e-02,  2.403299937520065e-01
  6.360000000000000e+00, -9.871550074044412e-02,  1.048425262424133e-01,  1.824184724784908e-01, -6.988712491308387e-02,  3.208673009162225e-02,  2.401570893439494e-01
  6.370000000000000e+00, -9.767775252064112e-02,  1.044686077735311e-01,  1.832368106209535e-01, -6.904103704599694e-02,  3.251057315454021e-02,  2.400322614246435e-01
  6.380000000000000e+00, -9.669532149922482e-02,  1.041222521315437e-01,  1.840632665154660e-01, -6.821562376350503e-02,  3.292168526116841e-02,  2.399572084036860e-01
  6.390000000000000e+00, -9.577102250707654e-02,  1.038042606723397e-01,  1.848973876478124e-01, -6.741159031051518e-02,  3.331847492377718e-02,  2.399310897079635e-01
  6.400000000000000e+00, -9.490754860452222e-02,  1.035153472097152e-01,  1.857379577903820e-01, -6.662988967376504e-02,  3.369982824875706e-02,  2.399545103843092e-01
  6.410000000000000e+00, -9.410636355897746e-02,  1.032555307140099e-01,  1.865844303614414e-01, -6.587088582226736e-02,  3.406491364944321e-02,  2.400264365281133e-01
  6.420000000000000e+00, -9.336783816021323e-02,  1.030242059679576e-01,  1.874362864441944e-01, -6.513458125161402e-02,  3.441334853161904e-02,  2.401455263917638e-01
  6.430000000000000e+00, -9.269059500478970e-02,  1.028197194945912e-01,  1.882931569888817e-01, -6.442030396975250e-02,  3.474546640813841e-02,  2.403098180037270e-01
  6.440000000000000e+00, -9.207356348091300e-02,  1.026406903597790e-01,  1.891546870766904e-01, -6.372761733960960e-02,  3.506148909468721e-02,  2.405172591080985e-01
  6.450000000000000e+00, -9.151420770908372e-02,  1.024848542998511e-01,  1.900205660410674e-01, -6.305553295470846e-02,  3.536229108715073e-02,  2.407654284031204e-01
  6.460000000000000e+00, -9.101053225654672e-02,  1.023503455594608e-01,  1.908904465128543e-01, -6.240337035413551e-02,  3.564853012115059e-02,  2.410519149005762e-01
  6.470000000000000e+00, -9.056051978545351e-02,  1.022353209297691e-01,  1.917639485687853e-01, -6.177049588359210e-02,  3.592088585587328e-02,  2.413742280749894e-01
  6.480000000000000e+00, -9.016159862872652e-02,  1.021376089615056e-01,  1.926405761557865e-01, -6.115609735456583e-02,  3.618034946293146e-02,  2.417299184291162e-01
  6.490000000000000e+00, -8.981195185391118e-02,  1.020555469741002e-01,  1.935197889702937e-01, -6.055971416619309e-02,  3.642757177202732e-02,  2.421165394321427e-01
  6.500000000000000e+00, -8.950976096591312e-02,  1.019874909805814e-01,  1.944009434738915e-01, -5.998091539115631e-02,  3.666323691499228e-02,  2.425316898493128e-01
  6.510000000000000e+00, -8.925364009873939e-02,  1.019320812338420e-01,  1.952832770164392e-01, -5.941947498275625e-02,  3.688784831706465e-02,  2.429730756742160e-01
  6.520000000000000e+00, -8.904165309407037e-02,  1.018876636310515e-01,  1.961660139677036e-01, -5.887494439495773e-02,  3.710218762548814e-02,  2.434382242362595e-01
  6.530000000000000e+00, -8.887267653780517e-02,  1.018530956229897e-01,  1.970482284463866e-01, -5.834723149026324e-02,  3.730666583498450e-02,  2.439248658851920e-01
  6.540000000000000e+00, -8.874548763026492e-02,  1.018272040459922e-01,  1.979289386644625e-01, -5.783620526981141e-02,  3.750174930314556e-02,  2.444306822844479e-01
  6.550000000000000e+00, -8.865895174483895e-02,  1.018088960422545e-01,  1.988070916793331e-01, -5.734177225039239e-02,  3.768786678828333e-02,  2.449533598889649e-01
  6.560000000000000e+00, -8.861209753890327e-02,  1.017972082208238e-01,  1.996816009373783e-01, -5.686390088947558e-02,  3.786535181230320e-02,  2.454905286251920e-01
  6.570000000000000e+00, -8.860370930586677e-02,  1.017910447898700e-01,  2.005512374660690e-01, -5.640246018720045e-02,  3.803469897497590e-02,  2.460399870427634e-01
  6.580000000000000e+00, -8.863289000914135e-02,  1.017895395373829e-01,  2.014148085872332e-01, -5.595743401515138e-02,  3.819619575250865e-02,  2.465993784618901e-01
  6.590000000000000e+00, -8.869863875722871e-02,  1.017917974174241e-01,  2.022711189110961e-01, -5.552874793696667e-02,  3.835015932729892e-02,  2.471662698860231e-01
  6.600000000000000e+00, -8.879997970083799e-02,  1.017969317781775e-01,  2.031187646431632e-01, -5.511634294308047e-02,  3.849695203150661e-02,  2.477386178966745e-01
  6.610000000000000e+00, -8.893587615509921e-02,  1.018040782964342e-01,  2.039564951401309e-01, -5.472010204920953e-02,  3.863688465917940e-02,  2.483140236256108e-01
  6.620000000000000e+00, -8.910525607169371e-02,  1.018123700915112e-01,  2.047829946478718e-01, -5.433988301905993e-02,  3.877029082054973e-02,  2.488902212945805e-01
  6.630000000000000e+00, -8.930702038849367e-02,  1.018209527236760e-01,  2.055969429326094e-01, -5.397551595182284e-02,  3.889749999336657e-02,  2.494649769063805e-01
  6.640000000000000e+00, -8.954009383467246e-02,  1.018290145148106e-01,  2.063970168627336e-01, -5.362682653091919e-02,  3.901880886327281e-02,  2.500361159691463e-01
  6.650000000000000e+00, -8.980350914487820e-02,  1.018358402485964e-01,  2.071818899715999e-01, -5.329367756887332e-02,  3.913443110251419e-02,  2.506015631796206e-01
  6.660000000000000e+00, -9.009648781795750e-02,  1.018408705916163e-01,  2.079502343848755e-01, -5.297601497319184e-02,  3.924444206085399e-02,  2.511593819072839e-01
  6.670000000000000e+00, -9.041845218043894e-02,  1.018437300525747e-01,  2.087007307188202e-01, -5.267388944974459e-02,  3.934875348341104e-02,  2.517077938605083e-01
  6.680000000000000e+00, -9.076892777819776e-02,  1.018441947587205e-01,  2.094320905728210e-01, -5.238743130214887e-02,  3.944714716906855e-02,  2.522451654487411e-01
  6.690000000000000e+00, -9.114737287728833e-02,  1.018421124296314e-01,  2.101430880507742e-01, -5.211678735633406e-02,  3.953935773756673e-02,  2.527699689297075e-01
  6.700000000000000e+00, -9.155302553035620e-02,  1.018373207040162e-01,  2.108325883093472e-01, -5.186205594677003e-02,  3.962515979035358e-02,  2.532807455542067e-01
  6.710000000000000e+00, -9.198483319567084e-02,  1.018296025802887e-01,  2.114995638732292e-01, -5.162325050037815e-02,  3.970441994217976e-02,  2.537760926426514e-01
  6.720000000000000e+00, -9.244146723246320e-02,  1.018186857470555e-01,  2.121430992346719e-01, -5.140029732255771e-02,  3.977710564148670e-02,  2.542546751314789e-01
  6.730000000000000e+00, -9.292138740978893e-02,  1.018042701839550e-01,  2.127623892727737e-01, -5.119305572962333e-02,  3.984326542300060e-02,  2.547152498545668e-01
  6.740000000000000e+00, -9.342292071993827e-02,  1.017860657419876e-01,  2.133567354603319e-01, -5.100134631379474e-02,  3.990299816443450e-02,  2.551566924782350e-01
  6.750000000000000e+00, -9.394433321162232e-02,  1.017638277153095e-01,  2.139255415258469e-01, -5.082497827260811e-02,  3.995642258947395e-02,  2.555780219158565e-01
  6.760000000000000e+00, -9.448388682957490e-02,  1.017373845236162e-01,  2.144683094896401e-01, -5.066377187284958e-02,  4.000365224927363e-02,  2.559784199225935e-01
  6.770000000000000e+00, -9.503988079141133e-02,  1.017066563658562e-01,  2.149846360755750e-01, -5.051757499771741e-02,  4.004477703763108e-02,  2.563572450951823e-01
  6.780000000000000e+00, -9.561067961693295e-02,  1.016716662913646e-01,  2.154742087195953e-01, -5.038627407121316e-02,  4.007985035300633e-02,  2.567140424468931e-01
  6.790000000000000e+00, -9.619473026471685e-02,  1.016325452238733e-01,  2.159368006421837e-01, -5.026980033443608e-02,  4.010888124031784e-02,  2.570485511439638e-01
  6.800000000000000e+00, -9.679057066768638e-02,  1.015895320070939e-01,  2.163722655542305e-01, -5.016813258487454e-02,  4.013183094329432e-02,  2.573607103341640e-01
  6.810000000000000e+00, -9.739683142215082e-02,  1.015429695087438e-01,  2.167805346472577e-01, -5.008129718152323e-02,  4.014861290879854e-02,  2.576506578991693e-01
  6.820000000000000e+00, -9.801223228113991e-02,  1.014932976951586e-01,  2.171616182047242e-01, -5.000936583020343e-02,  4.015909539153369e-02,  2.579187182909388e-01
  6.830000000000000e+00, -9.863557540853445e-02,  1.014410443102980e-01,  2.175156096561160e-01, -4.995245159847153e-02,  4.016310595156787e-02,  2.581653838344942e-01
  6.840000000000000e+00, -9.926573684336387e-02,  1.013868139788541e-01,  2.178426880525318e-01, -4.991070363603717e-02,  4.016043720767369e-02,  2.583912964340456e-01
  6.850000000000000e+00, -9.990185208548344e-02,  1.013313808373206e-01,  2.181429854323907e-01, -4.988441403969684e-02,  4.015079233138636e-02,  2.585975414633302e-01
  6.860000000000000e+00, -1.005425180429608e-01,  1.012752596471338e-01,  2.184171179847550e-01, -4.987355680514332e-02,  4.013403675579023e-02,  2.587843864320422e-01
  6.870000000000000e+00, -1.011869740070788e-01,  1.012193226743470e-01,  2.186653804434838e-01, -4.987846286006126e-02,  4.010983590106559e-02,  2.589531399414854e-01
  6.880000000000000e+00, -1.018342942061412e-01,  1.011643696162243e-01,  2.188882762557442e-01, -4.989935665886731e-02,  4.007790830527533e-02,  2.591048876764542e-01
  6.890000000000001e+00, -1.024835837588593e-01,  1.011112228300841e-01,  2.190863766523262e-01, -4.993646365053080e-02,  4.003796990047895e-02,  2.592407939649493e-01
  6.900000000000000e+00, -1.031339764358288e-01,  1.010607184390035e-01,  2.192603138060302e-01, -4.999000429155319e-02,  3.998973963777063e-02,  2.593620901513987e-01
  6.910000000000000e+00, -1.037846340439237e-01,  1.010136986233676e-01,  2.194107731556867e-01, -5.006018844906213e-02,  3.993294471102830e-02,  2.594700642737807e-01
  6.920000000000000e+00, -1.044347468484324e-01,  1.009710057105397e-01,  2.195384844364593e-01, -5.014721043808337e-02,  3.986732529815463e-02,  2.595660529484959e-01
  6.930000000000000e+00, -1.050833006144184e-01,  1.009333218291468e-01,  2.196443994782634e-01, -5.025107499483583e-02,  3.979273091248899e-02,  2.596509873948942e-01
  6.940000000000000e+00, -1.057300423190123e-01,  1.009018051203823e-01,  2.197289221319520e-01, -5.037228727501415e-02,  3.970874609495943e-02,  2.597272110792796e-01
  6.950000000000000e+00, -1.063740057662924e-01,  1.008771165252411e-01,  2.197930635724319e-01, -5.051079490866173e-02,  3.961526651187011e-02,  2.597956921294426e-01
  6.960000000000000e+00, -1.070145301729390e-01,  1.008600801950046e-01,  2.198376478158104e-01, -5.066670201100466e-02,  3.951210933597289e-02,  2.598578990553110e-01
  6.970000000000000e+00, -1.076510120617145e-01,  1.008515191089603e-01,  2.198635043896730e-01, -5.084008814541723e-02,  3.939911175641277e-02,  2.599153170903067e-01
  6.980000000000000e+00, -1.082829170578333e-01,  1.008522599826920e-01,  2.198714606908097e-01, -5.103100971741482e-02,  3.927612909810586e-02,  2.599694443090991e-01
  6.990000000000000e+00, -1.089097925792076e-01,  1.008631399422895e-01,  2.198623351028344e-01, -5.123950192847770e-02,  3.914303132924240e-02,  2.600217877136494e-01
  7.000000000000000e+00, -1.095312822029666e-01,  1.008850146516169e-01,  2.198369315112098e-01, -5.146558144567655e-02,  3.899969870372385e-02,  2.600738595391722e-01
  7.010000000000000e+00, -1.101472573415582e-01,  1.009188705720454e-01,  2.197958884130744e-01, -5.170937030662649e-02,  3.884596287313374e-02,  2.601275193555668e-01
  7.020000000000000e+00, -1.107573485072333e-01,  1.009654046610104e-01,  2.197402834651418e-01, -5.197059834188238e-02,  3.868182897180791e-02,  2.601835367448761e-01
  7.030000000000000e+00, -1.113615990260085e-01,  1.010255441136982e-01,  2.196708744134404e-01, -5.224920471688196e-02,  3.850720854790596e-02,  2.602433499867661e-01
  7.040000000000000e+00, -1.119605512429411e-01,  1.011006789973530e-01,  2.195879224823782e-01, -5.254558630388553e-02,  3.832176235209898e-02,  2.603095388417358e-01
  7.050000000000000e+00, -1.125544408748864e-01,  1.011917083393363e-01,  2.194923158693445e-01, -5.285950913198356e-02,  3.812545787909009e-02,  2.603830515873965e-01
  7.060000000000000e+00, -1.131439309946910e-01,  1.012998155764302e-01,  2.193846526631833e-01, -5.319097941377789e-02,  3.791811832261362e-02,  2.604654296741780e-01
  7.070000000000000e+00, -1.137299595442891e-01,  1.014262811664945e-01,  2.192654726241958e-01, -5.354002351827349e-02,  3.769952977825679e-02,  2.605582273185515e-01
  7.080000000000000e+00, -1.143137860501776e-01,  1.015724877751516e-01,  2.191352059719859e-01, -5.390670076803097e-02,  3.746944533744960e-02,  2.606630973318954e-01
  7.090000000000000e+00, -1.148970218295600e-01,  1.017399665986294e-01,  2.189943501322253e-01, -5.429108944595655e-02,  3.722751806477248e-02,  2.607814587022371e-01
  7.100000000000000e+00, -1.154817230990240e-01,  1.019303642970439e-01,  2.188431738854547e-01, -5.469333774245944e-02,  3.697337701964715e-02,  2.609150452126379e-01
  7.109999999999999e+00, -1.160704086910720e-01,  1.021454492119593e-01,  2.186818657308115e-01, -5.511363776378052e-02,  3.670658677033887e-02,  2.610656136063496e-01
  7.120000000000000e+00, -1.166662024806201e-01,  1.023872327174600e-01,  2.185107024230066e-01, -5.555226922387684e-02,  3.642654276909658e-02,  2.612346810300963e-01
  7.130000000000000e+00, -1.172728254464363e-01,  1.026577852370820e-01,  2.183297016092941e-01, -5.600957909780638e-02,  3.613263458840452e-02,  2.614240971626302e-01
  7.140000000000001e+00, -1.178946917431168e-01,  1.029591924102327e-01,  2.181388566733453e-01, -5.648591203911788e-02,  3.582422153403312e-02,  2.616355786737150e-01
  7.150000000000000e+00, -1.185370790779969e-01,  1.032939978076814e-01,  2.179381425814635e-01, -5.698194104443324e-02,  3.550033892081193e-02,  2.618709315983551e-01
  7.160000000000000e+00, -1.192060525372204e-01,  1.036647389225549e-01,  2.177273833802748e-01, -5.749840784174093e-02,  3.516000445728531e-02,  2.621320679047467e-01
  7.170000000000000e+00, -1.199085830482845e-01,  1.040736992772844e-01,  2.175064331234080e-01, -5.803596658061160e-02,  3.480230212387284e-02,  2.624205746670907e-01
  7.180000000000000e+00, -1.206524357584973e-01,  1.045229273469417e-01,  2.172751289748161e-01, -5.859532426679815e-02,  3.442630073937112e-02,  2.627378913397490e-01
  7.190000000000000e+00, -1.214461930566038e-01,  1.050149321791471e-01,  2.170331998653555e-01, -5.917769383784283e-02,  3.403073358337244e-02,  2.630857352669193e-01
  7.200000000000000e+00, -1.222989035787712e-01,  1.055509461172051e-01,  2.167805677249466e-01, -5.978380833488148e-02,  3.361478653461373e-02,  2.634649049096336e-01
  7.210000000000000e+00, -1.232196371569408e-01,  1.061315909911127e-01,  2.165171992153834e-01, -6.041445806862022e-02,  3.317774270236806e-02,  2.638758673576120e-01
  7.220000000000000e+00, -1.242180435173060e-01,  1.067571997289885e-01,  2.162432870983521e-01, -6.107053379796960e-02,  3.271895504711538e-02,  2.643184261296493e-01
  7.230000000000000e+00, -1.252988745726422e-01,  1.074236341397075e-01,  2.159591038260423e-01, -6.175148069904652e-02,  3.223924180113345e-02,  2.647910075489545e-01
  7.240000000000000e+00, -1.264666873477639e-01,  1.081269728703418e-01,  2.156653604181257e-01, -6.245698085396181e-02,  3.173940943286061e-02,  2.652910145003169e-01
  7.250000000000000e+00, -1.277205831566872e-01,  1.088596852091772e-01,  2.153630937986482e-01, -6.318542368779216e-02,  3.122159519509123e-02,  2.658140943749460e-01
  7.260000000000000e+00, -1.290533504146046e-01,  1.096110616121988e-01,  2.150537238699119e-01, -6.393393195805464e-02,  3.068919366457690e-02,  2.663540609446868e-01
  7.270000000000000e+00, -1.304516662252777e-01,  1.103676283572597e-01,  2.147392972937988e-01, -6.469830552629602e-02,  3.014667936115646e-02,  2.669024046261806e-01
  7.280000000000000e+00, -1.318887588145792e-01,  1.111114893644869e-01,  2.144214050198860e-01, -6.547230150860213e-02,  2.960058097965766e-02,  2.674500801742557e-01
  7.290000000000000e+00, -1.333334954889430e-01,  1.118239675481663e-01,  2.141023983319946e-01, -6.624863573485286e-02,  2.905775203075840e-02,  2.679857855147172e-01
  7.300000000000000e+00, -1.347458770593832e-01,  1.124849731207964e-01,  2.137843630526620e-01, -6.701872292905861e-02,  2.852586347809694e-02,  2.684979834647341e-01
  7.310000000000000e+00, -1.360813990704860e-01,  1.130754318299387e-01,  2.134689902347534e-01, -6.777356441313846e-02,  2.801253554437112e-02,  2.689759884039883e-01
  7.320000000000000e+00, -1.372914666687293e-01,  1.135767224736763e-01,  2.131579746272960e-01, -6.850340076696350e-02,  2.752511534005047e-02,  2.694086971691984e-01
  7.330000000000000e+00, -1.383306075145595e-01,  1.139747245122438e-01,  2.128522898997103e-01, -6.919964352891630e-02,  2.706968156570384e-02,  2.697880123507159e-01
  7.340000000000000e+00, -1.391570100508419e-01,  1.142588439565004e-01,  2.125526098275515e-01, -6.985456174161216e-02,  2.665104205304912e-02,  2.701075994341897e-01
  7.350000000000000e+00, -1.397354690062912e-01,  1.144227873378589e-01,  2.122593050372025e-01, -7.046183856816676e-02,  2.627250745758855e-02,  2.703634342808114e-01
  7.359999999999999e+00, -1.400388772229304e-01,  1.144645077821500e-01,  2.119725536983589e-01, -7.101676392693426e-02,  2.593590609365947e-02,  2.705537487126016e-01
  7.370000000000000e+00, -1.400489005182826e-01,  1.143858526501813e-01,  2.116924482595828e-01, -7.151627573907975e-02,  2.564171445723429e-02,  2.706788186370830e-01
  7.380000000000000e+00, -1.397559957770293e-01,  1.141920338226310e-01,  2.114190769029577e-01, -7.195888680533609e-02,  2.538925133594113e-02,  2.707406630378888e-01
  7.390000000000000e+00, -1.391582136563876e-01,  1.138905422255601e-01,  2.111528020184945e-01, -7.234427388079058e-02,  2.517699013999193e-02,  2.707420013152346e-01
  7.400000000000000e+00, -1.382627482622123e-01,  1.134927961538124e-01,  2.108927275018420e-01, -7.267427658381236e-02,  2.500237284922752e-02,  2.706901053663036e-01
  7.410000000000000e+00, -1.370838402892260e-01,  1.130093090043711e-01,  2.106407081705086e-01, -7.295057528124441e-02,  2.486255517318167e-02,  2.705864876310581e-01
  7.420000000000000e+00, -1.356397674448378e-01,  1.124533911617611e-01,  2.103961066297591e-01, -7.317647423727019e-02,  2.475418322751618e-02,  2.704388491808396e-01
  7.430000000000000e+00, -1.339548457728899e-01,  1.118385754094171e-01,  2.101590215925076e-01, -7.335578409030746e-02,  2.467358570740227e-02,  2.702534300750050e-01
  7.440000000000000e+00, -1.320575786576698e-01,  1.111786624486586e-01,  2.099294170908759e-01, -7.349283798688531e-02,  2.461687128667785e-02,  2.700366158549319e-01
  7.450000000000000e+00, -1.299797794360165e-01,  1.104873712071464e-01,  2.097070564697921e-01, -7.359234116014271e-02,  2.458000315164894e-02,  2.697948032492348e-01
  7.460000000000000e+00, -1.277556510536219e-01,  1.097780000637223e-01,  2.094914567059697e-01, -7.365922038164974e-02,  2.455887111235286e-02,  2.695342648775729e-01
  7.470000000000000e+00, -1.254203433405379e-01,  1.090633754223651e-01,  2.092808967963652e-01, -7.369868887508682e-02,  2.454948988098988e-02,  2.692630057374376e-01
  7.480000000000000e+00, -1.230108399065200e-01,  1.083543158942641e-01,  2.090764691692707e-01, -7.371518028077736e-02,  2.454761515606836e-02,  2.689823098332536e-01
  7.490000000000000e+00, -1.205618051870181e-01,  1.076613232455772e-01,  2.088758081195823e-01, -7.371362257687585e-02,  2.454951521656976e-02,  2.686995996087979e-01
  7.500000000000000e+00, -1.181067118858482e-01,  1.069928977593848e-01,  2.086775310169192e-01, -7.369830618457597e-02,  2.455164077370431e-02,  2.684192770934520e-01
  7.510000000000000e+00, -1.156762543595337e-01,  1.063557495564529e-01,  2.084802005573169e-01, -7.367301501590158e-02,  2.455081595828874e-02,  2.681449412465015e-01
  7.520000000000000e+00, -1.132955617064612e-01,  1.057542827656863e-01,  2.082838834794469e-01, -7.364015670433777e-02,  2.454385259266119e-02,  2.678760728695243e-01
  7.530000000000000e+00, -1.109921137502710e-01,  1.051925493637442e-01,  2.080842669593245e-01, -7.360397899509812e-02,  2.452939484218977e-02,  2.676213026240321e-01
  7.540000000000000e+00, -1.087819146621530e-01,  1.046712528921669e-01,  2.078818424347612e-01, -7.356548244576046e-02,  2.450529055944136e-02,  2.673781001183819e-01
  7.550000000000001e+00, -1.066792564271446e-01,  1.041902706545874e-01,  2.076757401007701e-01, -7.352601673275799e-02,  2.447028400940583e-02,  2.671467947258816e-01
  7.560000000000000e+00, -1.046943301813697e-01,  1.037482774160412e-01,  2.074653369067022e-01, -7.348641126575674e-02,  2.442356714019465e-02,  2.669271155978890e-01
  7.570000000000000e+00, -1.028336816880753e-01,  1.033430437072489e-01,  2.072502565543432e-01, -7.344706356876732e-02,  2.436471441294711e-02,  2.667183270650006e-01
  7.580000000000000e+00, -1.011007829449505e-01,  1.029717277894153e-01,  2.070303476637001e-01, -7.340803692455636e-02,  2.429360894409048e-02,  2.665193728889859e-01
  7.590000000000000e+00, -9.949664372381044e-02,  1.026311374066995e-01,  2.068056501550714e-01, -7.336915518221275e-02,  2.421036773642629e-02,  2.663290087816161e-01
  7.600000000000000e+00, -9.801975267098439e-02,  1.023179281643030e-01,  2.065696556423288e-01, -7.333218177143172e-02,  2.411796821249322e-02,  2.661597136492138e-01
  7.609999999999999e+00, -9.666947637854251e-02,  1.020288608493707e-01,  2.063361661046368e-01, -7.329252029357160e-02,  2.401137692649918e-02,  2.659824011298967e-01
  7.620000000000000e+00, -9.544176786826211e-02,  1.017607822336473e-01,  2.060986996672133e-01, -7.325181747917939e-02,  2.389378610831850e-02,  2.658099389666250e-01
  7.630000000000000e+00, -9.433301252961111e-02,  1.015108060323677e-01,  2.058577193439139e-01, -7.320961809566502e-02,  2.376564308843652e-02,  2.656411167568831e-01
  7.640000000000000e+00, -9.333936223477675e-02,  1.012763391203968e-01,  2.056136513841360e-01, -7.316552167507331e-02,  2.362741060810990e-02,  2.654749778912107e-01
  7.650000000000000e+00, -9.245693665183104e-02,  1.010551012877752e-01,  2.053669136011949e-01, -7.311918542090581e-02,  2.347953013100080e-02,  2.653107313655799e-01
  7.660000000000000e+00, -9.168197422596978e-02,  1.008451296913790e-01,  2.051179035078259e-01, -7.307033613759413e-02,  2.332241200474879e-02,  2.651477497796002e-01
  7.670000000000000e+00, -9.101093497147612e-02,  1.006447716374423e-01,  2.048669913349050e-01, -7.301877630511647e-02,  2.315643056257789e-02,  2.649855594171164e-01
  7.680000000000000e+00, -9.044056681349104e-02,  1.004526703832589e-01,  2.046145142234730e-01, -7.296438618952249e-02,  2.298192263441553e-02,  2.648238298793273e-01
  7.690000000000000e+00, -8.996794513446052e-02,  1.002677471933309e-01,  2.043607703257360e-01, -7.290712337371967e-02,  2.279918838670575e-02,  2.646623654959664e-01
  7.700000000000000e+00, -8.959049325410857e-02,  1.000891819647030e-01,  2.041060126225646e-01, -7.284702064765730e-02,  2.260849370410153e-02,  2.645010986829456e-01
  7.710000000000000e+00, -8.930598943322807e-02,  9.991639418839626e-02,  2.038504430113623e-01, -7.278418282836834e-02,  2.241007338593293e-02,  2.643400846413897e-01
  7.720000000000001e+00, -8.911256329444252e-02,  9.974902555508014e-02,  2.035942085140909e-01, -7.271878264202050e-02,  2.220413456570563e-02,  2.641794942257323e-01
  7.730000000000000e+00, -8.900868303756382e-02,  9.958692498374999e-02,  2.033374011692578e-01, -7.265105569645715e-02,  2.199085988466514e-02,  2.640196018552299e-01
  7.740000000000000e+00, -8.899313618191093e-02,  9.943013596968431e-02,  2.030800610250207e-01, -7.258129515316709e-02,  2.177041034609730e-02,  2.638607704232504e-01
  7.750000000000000e+00, -8.906500785684417e-02,  9.927888558512787e-02,  2.028221807183882e-01, -7.250984707361081e-02,  2.154292823671498e-02,  2.637034378231391e-01
  7.760000000000000e+00, -8.922365821358449e-02,  9.913357486982344e-02,  2.025637112760277e-01, -7.243710668518168e-02,  2.130854013799246e-02,  2.635481060914323e-01
  7.770000000000000e+00, -8.946869667967060e-02,  9.899477084303232e-02,  2.023045690482043e-01, -7.236351476551520e-02,  2.106735955488787e-02,  2.633953310838615e-01
  7.780000000000000e+00, -8.979994969298905e-02,  9.886320021179507e-02,  2.020446425086468e-01, -7.228955322888775e-02,  2.081948930451563e-02,  2.632457123404423e-01
  7.790000000000000e+00, -9.021742029438815e-02,  9.873974405825803e-02,  2.017837974732922e-01, -7.221573970571113e-02,  2.056502448718010e-02,  2.630998852096826e-01
  7.800000000000000e+00, -9.072123889412732e-02,  9.862543196646811e-02,  2.015218807141876e-01, -7.214262119612447e-02,  2.030405648951639e-02,  2.629585160229246e-01
  7.810000000000000e+00, -9.131160307671171e-02,  9.852143420990900e-02,  2.012587229782027e-01, -7.207076652654427e-02,  2.003667812409376e-02,  2.628222991107952e-01
  7.820000000000000e+00, -9.198870371232769e-02,  9.842905100177624e-02,  2.009941424439348e-01, -7.200075725518668e-02,  1.976299022143560e-02,  2.626919542657196e-01
  7.830000000000000e+00, -9.275263548507436e-02,  9.834969712903896e-02,  2.007279502919860e-01, -7.193317675778002e-02,  1.948311017057103e-02,  2.625682213629328e-01
  7.840000000000000e+00, -9.360328991776573e-02,  9.828487968661381e-02,  2.004599605502968e-01, -7.186859708683931e-02,  1.919718317195011e-02,  2.624518476404871e-01
  7.850000000000000e+00, -9.454022894395632e-02,  9.823616719656592e-02,  2.001900045202978e-01, -7.180756302770705e-02,  1.890539703381481e-02,  2.623435669907319e-01
  7.859999999999999e+00, -9.556253803710821e-02,  9.820514907862909e-02,  1.999179477278175e-01, -7.175057254568190e-02,  1.860800058627414e-02,  2.622440737699813e-01
  7.870000000000000e+00, -9.666865967117128e-02,  9.819338437712499e-02,  1.996437074848267e-01, -7.169805296546113e-02,  1.830532510060772e-02,  2.621539917042121e-01
  7.880000000000000e+00, -9.785621089038259e-02,  9.820233840039583e-02,  1.993672703442473e-01, -7.165033299197765e-02,  1.799780829851422e-02,  2.620738365870068e-01
  7.890000000000001e+00, -9.912179257014181e-02,  9.823330639368932e-02,  1.990887087745819e-01, -7.160761139810844e-02,  1.768602087345311e-02,  2.620039725938650e-01
  7.900000000000000e+00, -1.004608014655525e-01,  9.828732502974158e-02,  1.988081960136334e-01, -7.156992353228604e-02,  1.737069500299362e-02,  2.619445630569703e-01
  7.910000000000000e+00, -1.018645696700362e-01,  9.836479613458082e-02,  1.985288550945232e-01, -7.153564832369551e-02,  1.705167877513785e-02,  2.618892653788221e-01
  7.920000000000000e+00, -1.033304935181845e-01,  9.846641332244865e-02,  1.982451969163578e-01, -7.150727417080294e-02,  1.673239665638188e-02,  2.618505823562980e-01
  7.930000000000000e+00, -1.048471412722473e-01,  9.859161144101347e-02,  1.979608161919810e-01, -7.148269072741127e-02,  1.641302985398291e-02,  2.618210628696722e-01
  7.940000000000000e+00, -1.064037561725329e-01,  9.873939343796101e-02,  1.976763721965833e-01, -7.146094783759790e-02,  1.609520815350004e-02,  2.617995029510798e-01
  7.950000000000000e+00, -1.079880063113620e-01,  9.890803789595415e-02,  1.973926271537569e-01, -7.144079688442942e-02,  1.578081870255589e-02,  2.617842599168365e-01
  7.960000000000000e+00, -1.095854745687391e-01,  9.909498495695246e-02,  1.971097125150899e-01, -7.142076512251046e-02,  1.547227637714306e-02,  2.617746407009351e-01
  7.970000000000000e+00, -1.111823385238162e-01,  9.929708905171597e-02,  1.968298876822836e-01, -7.139884704746362e-02,  1.517140415127175e-02,  2.617653951756462e-01
  7.980000000000000e+00, -1.127621853216092e-01,  9.951024306133838e-02,  1.965534121916267e-01, -7.137302946407004e-02,  1.488103557318300e-02,  2.617548589367349e-01
  7.990000000000000e+00, -1.143085568561545e-01,  9.972968857948850e-02,  1.962812053462705e-01, -7.134097910650802e-02,  1.460389606203200e-02,  2.617396430970445e-01
  8.000000000000000e+00, -1.158048140662018e-01,  9.995004086121440e-02,  1.960141480780682e-01, -7.130018403116256e-02,  1.434282432948335e-02,  2.617160218064356e-01
  8.010000000000000e+00, -1.172345323249953e-01,  1.001654036743795e-01,  1.957530532271768e-01, -7.124801180627391e-02,  1.410072094740641e-02,  2.616800075217624e-01
  8.020000000000000e+00, -1.185814662118693e-01,  1.003692911227632e-01,  1.954989052459885e-01, -7.118155211516888e-02,  1.388049032115743e-02,  2.616267683066598e-01
  8.029999999999999e+00, -1.198315746696794e-01,  1.005555832220690e-01,  1.952518392457485e-01, -7.109852488031926e-02,  1.368501433060069e-02,  2.615532587535382e-01
  8.039999999999999e+00, -1.209709270596310e-01,  1.007176574060913e-01,  1.950124150868209e-01, -7.099623022351499e-02,  1.351705817434756e-02,  2.614550569216519e-01
  8.050000000000001e+00, -1.219875903554237e-01,  1.008489514879822e-01,  1.947812545324815e-01, -7.087212666929785e-02,  1.337921754342421e-02,  2.613274944720298e-01
  8.060000000000000e+00, -1.228714468395763e-01,  1.009433937101560e-01,  1.945584758387013e-01, -7.072406642117884e-02,  1.327392288937525e-02,  2.611669839136023e-01
  8.070000000000000e+00, -1.236144389428755e-01,  1.009953253803793e-01,  1.943441925226078e-01, -7.055015415388270e-02,  1.320334307345622e-02,  2.609700108553913e-01
  8.080000000000000e+00, -1.242107187356499e-01,  1.009997342270132e-01,  1.941384012045075e-01, -7.034886371340104e-02,  1.316934906395307e-02,  2.607335015117694e-01
  8.090000000000000e+00, -1.246567519405136e-01,  1.009524208024550e-01,  1.939409881397444e-01, -7.011909883344188e-02,  1.317346770574027e-02,  2.604549217677505e-01
  8.100000000000000e+00, -1.249515986343769e-01,  1.008501174203318e-01,  1.937517831936948e-01, -6.986018441787699e-02,  1.321684927407098e-02,  2.601322097295318e-01
  8.109999999999999e+00, -1.250960011220358e-01,  1.006907354738504e-01,  1.935703798510714e-01, -6.957212336756971e-02,  1.330020296190448e-02,  2.597644573370853e-01
  8.120000000000001e+00, -1.250934773633897e-01,  1.004732801949169e-01,  1.933964217225659e-01, -6.925530685783607e-02,  1.342380719229803e-02,  2.593510825293256e-01
  8.129999999999999e+00, -1.249493818506759e-01,  1.001980113927461e-01,  1.932294241238279e-01, -6.891070767894013e-02,  1.358748002420372e-02,  2.588924287164114e-01
  8.140000000000001e+00, -1.246711221944650e-01,  9.986635384520581e-02,  1.930688639366683e-01, -6.853972299417574e-02,  1.379062529283603e-02,  2.583894510659241e-01
  8.150000000000000e+00, -1.242663648996760e-01,  9.948109350357193e-02,  1.929139999286201e-01, -6.814450095215417e-02,  1.403209295611266e-02,  2.578444358376208e-01
  8.160000000000000e+00, -1.237451543877584e-01,  9.904580976271493e-02,  1.927642104406263e-01, -6.772722534892521e-02,  1.431049357086657e-02,  2.572595802781485e-01
  8.170000000000000e+00, -1.231174938139570e-01,  9.856509293940308e-02,  1.926187453657501e-01, -6.729054278417279e-02,  1.462403796445354e-02,  2.566379609405331e-01
  8.180000000000000e+00, -1.223932166491215e-01,  9.804431454912055e-02,  1.924767554447124e-01, -6.683745698177757e-02,  1.497059080123866e-02,  2.559833155569156e-01
  8.190000000000000e+00, -1.215823621241598e-01,  9.748929773138171e-02,  1.923374117069815e-01, -6.637102959062459e-02,  1.534783773730627e-02,  2.552995075324740e-01
  8.199999999999999e+00, -1.206947823988452e-01,  9.690611923575188e-02,  1.921999436566085e-01, -6.589430731412377e-02,  1.575334524474195e-02,  2.545903738203875e-01
  8.210000000000001e+00, -1.197394098817738e-01,  9.630107924889586e-02,  1.920635024255233e-01, -6.541050325064615e-02,  1.618448639966270e-02,  2.538600881750149e-01
  8.219999999999999e+00, -1.187246493903441e-01,  9.568043858069331e-02,  1.919272759358679e-01, -6.492278432768440e-02,  1.663855751032799e-02,  2.531127082845469e-01
  8.230000000000000e+00, -1.176582623315499e-01,  9.505032483817732e-02,  1.917904681650395e-01, -6.443429543081369e-02,  1.711277116419608e-02,  2.523521858270776e-01
  8.240000000000000e+00, -1.165474191748562e-01,  9.441664118320414e-02,  1.916523001850537e-01, -6.394815380169316e-02,  1.760425825014141e-02,  2.515823107903790e-01
  8.250000000000000e+00, -1.153987900556376e-01,  9.378499999063727e-02,  1.915120084053465e-01, -6.346744640322872e-02,  1.811006573928287e-02,  2.508066704058687e-01
  8.260000000000000e+00, -1.142186624185812e-01,  9.316067596005295e-02,  1.913688390976463e-01, -6.299522050295935e-02,  1.862715932534224e-02,  2.500286204373010e-01
  8.270000000000000e+00, -1.130130839732242e-01,  9.254850628912914e-02,  1.912221136975986e-01, -6.253437640254605e-02,  1.915248428654846e-02,  2.492510756696931e-01
  8.280000000000001e+00, -1.117879544407271e-01,  9.195313912828418e-02,  1.910709149063462e-01, -6.208798273438684e-02,  1.968280175384360e-02,  2.484772826598316e-01
  8.289999999999999e+00, -1.105492461679468e-01,  9.137860983021784e-02,  1.909145313745000e-01, -6.165870891477947e-02,  2.021501255700824e-02,  2.477096406680863e-01
  8.300000000000001e+00, -1.093030033543866e-01,  9.082859856001591e-02,  1.907521473751870e-01, -6.124913994215456e-02,  2.074600363416399e-02,  2.469504903567166e-01
  8.310000000000000e+00, -1.080554084900485e-01,  9.030634781318492e-02,  1.905829148702133e-01, -6.086164863019165e-02,  2.127274055581122e-02,  2.462019186736315e-01
  8.320000000000000e+00, -1.068127728768992e-01,  8.981464442111298e-02,  1.904059558303430e-01, -6.049835746459428e-02,  2.179231561878235e-02,  2.454657571098020e-01
  8.330000000000000e+00, -1.055816181155284e-01,  8.935587538966261e-02,  1.902202978552866e-01, -6.016116745044151e-02,  2.230196548152083e-02,  2.447437510933651e-01
  8.340000000000000e+00, -1.043680728137693e-01,  8.893168895138670e-02,  1.900251959940573e-01, -5.985143919645795e-02,  2.279927298594993e-02,  2.440368109194367e-01
  8.350000000000000e+00, -1.031784987650671e-01,  8.854346706597194e-02,  1.898196641859955e-01, -5.957041874127249e-02,  2.328198222301151e-02,  2.433461851103150e-01
  8.359999999999999e+00, -1.020188878063891e-01,  8.819197369140808e-02,  1.896028395607672e-01, -5.931889135706375e-02,  2.374821665719801e-02,  2.426726295583336e-01
  8.370000000000001e+00, -1.008945697961485e-01,  8.787743243305046e-02,  1.893738844371429e-01, -5.909730222616870e-02,  2.419644255566540e-02,  2.420167130159871e-01
  8.379999999999999e+00, -9.981111780004744e-02,  8.759959580370502e-02,  1.891321080170943e-01, -5.890559872011328e-02,  2.462559896059400e-02,  2.413785637755323e-01
  8.390000000000001e+00, -9.877302551538587e-02,  8.735761450130242e-02,  1.888769640747601e-01, -5.874333221372150e-02,  2.503504728343160e-02,  2.407579666161925e-01
  8.400000000000000e+00, -9.778350682689196e-02,  8.715023939434330e-02,  1.886079008765902e-01, -5.860986289585043e-02,  2.542445156642278e-02,  2.401548067165546e-01
  8.410000000000000e+00, -9.684576615238490e-02,  8.697579583425519e-02,  1.883246277585060e-01, -5.850405825729649e-02,  2.579398361920070e-02,  2.395684415779383e-01
  8.420000000000000e+00, -9.596195604263515e-02,  8.683225290301499e-02,  1.880269885376878e-01, -5.842453778231683e-02,  2.614415147721798e-02,  2.389980965465010e-01
  8.430000000000000e+00, -9.513325868334922e-02,  8.671735181472817e-02,  1.877149451813408e-01, -5.836974898474829e-02,  2.647572787313005e-02,  2.384429593178458e-01
  8.440000000000000e+00, -9.436064205124017e-02,  8.662849332370737e-02,  1.873887719945153e-01, -5.833775943146378e-02,  2.678989431534964e-02,  2.379016978289307e-01
  8.449999999999999e+00, -9.364383971429120e-02,  8.656308943635471e-02,  1.870487661268806e-01, -5.832670577130494e-02,  2.708787397947084e-02,  2.373732675033747e-01
  8.460000000000001e+00, -9.298217896206844e-02,  8.651847874012475e-02,  1.866954145378388e-01, -5.833460364565394e-02,  2.737105368100332e-02,  2.368564723065492e-01
  8.470000000000001e+00, -9.237450138358010e-02,  8.649204208342964e-02,  1.863293322057366e-01, -5.835946479806160e-02,  2.764086824356038e-02,  2.363501282195310e-01
  8.480000000000000e+00, -9.181927562805126e-02,  8.648127247992576e-02,  1.859512391657748e-01, -5.839934777529496e-02,  2.789873603104209e-02,  2.358531080492930e-01
  8.490000000000000e+00, -9.131470915518734e-02,  8.648383412929861e-02,  1.855619371608036e-01, -5.845240024568578e-02,  2.814600233196092e-02,  2.353643796108537e-01
  8.500000000000000e+00, -9.085885356319484e-02,  8.649761008871848e-02,  1.851622873167666e-01, -5.851689273798238e-02,  2.838389198091832e-02,  2.348830375332299e-01
  8.510000000000000e+00, -9.044969856276708e-02,  8.652073789514736e-02,  1.847531894433555e-01, -5.859124373757613e-02,  2.861347295251861e-02,  2.344083289293950e-01
  8.520000000000000e+00, -9.008525038930988e-02,  8.655163199925142e-02,  1.843355641739552e-01, -5.867403602298739e-02,  2.883563238633741e-02,  2.339396714888915e-01
  8.530000000000001e+00, -8.976359297738574e-02,  8.658899347487292e-02,  1.839103385054321e-01, -5.876402498086736e-02,  2.905106416816191e-02,  2.334766636198504e-01
  8.539999999999999e+00, -8.948293193829616e-02,  8.663180884794408e-02,  1.834784345595351e-01, -5.886014009267183e-02,  2.926026601554364e-02,  2.330190872710228e-01
  8.550000000000001e+00, -8.924162216383744e-02,  8.667933985632570e-02,  1.830407614125733e-01, -5.896148070035433e-02,  2.946354440907651e-02,  2.325669041673862e-01
  8.560000000000000e+00, -8.903818160728923e-02,  8.673110593698952e-02,  1.825982099009800e-01, -5.906730756103924e-02,  2.966102559925448e-02,  2.321202467760871e-01
  8.570000000000000e+00, -8.887129453586966e-02,  8.678686113828515e-02,  1.821516499061209e-01, -5.917703166791286e-02,  2.985267093938760e-02,  2.316794052068310e-01
  8.580000000000000e+00, -8.873980663451474e-02,  8.684656694906234e-02,  1.817019286975060e-01, -5.929020124814042e-02,  3.003829522668952e-02,  2.312448114334757e-01
  8.590000000000000e+00, -8.864271375462686e-02,  8.691036262920226e-02,  1.812498694701193e-01, -5.940648761300801e-02,  3.021758696249489e-02,  2.308170221596559e-01
  8.600000000000000e+00, -8.857914597695650e-02,  8.697853444464165e-02,  1.807962709709924e-01, -5.952567032299201e-02,  3.039012984907559e-02,  2.303967005482235e-01
  8.609999999999999e+00, -8.854834770795122e-02,  8.705148471237845e-02,  1.803419089468015e-01, -5.964762161305796e-02,  3.055542519121511e-02,  2.299845969421834e-01
  8.620000000000001e+00, -8.854965287747575e-02,  8.712970068505110e-02,  1.798875388083533e-01, -5.977228948646288e-02,  3.071291522334737e-02,  2.295815288605300e-01
  8.629999999999999e+00, -8.858245299181644e-02,  8.721372208593126e-02,  1.794338992824198e-01, -5.989967843264438e-02,  3.086200853455758e-02,  2.291883593561558e-01
  8.640000000000001e+00, -8.864615339874196e-02,  8.730410503475805e-02,  1.789817177647481e-01, -6.002982582816982e-02,  3.100211030393689e-02,  2.288059717918164e-01
  8.650000000000000e+00, -8.874017071378773e-02,  8.740145650098552e-02,  1.785316252937771e-01, -6.016284187580518e-02,  3.113262028735270e-02,  2.284354488206224e-01
  8.660000000000000e+00, -8.886356107640539e-02,  8.750603484722275e-02,  1.780845680915107e-01, -6.029855163308318e-02,  3.125317514297644e-02,  2.280771343378489e-01
  8.670000000000000e+00, -8.901527370299014e-02,  8.761820932217024e-02,  1.776412038510312e-01, -6.043692179386866e-02,  3.136343423748419e-02,  2.277319925754992e-01
  8.680000000000000e+00, -8.919356462815281e-02,  8.773792329288543e-02,  1.772024000113024e-01, -6.057757860943765e-02,  3.146343488448840e-02,  2.274004775431991e-01
  8.690000000000000e+00, -8.867343387041236e-02,  8.753944054963902e-02,  1.768814141616510e-01, -6.043810738824239e-02,  3.187496931546117e-02,  2.268447992162762e-01
  8.699999999999999e+00, -8.882177464151274e-02,  8.763754898332365e-02,  1.764665357348674e-01, -6.055198702951990e-02,  3.198813894700227e-02,  2.265152494874179e-01
  8.710000000000001e+00, -8.898747769326665e-02,  8.774081357946772e-02,  1.760592238737030e-01, -6.066623215410994e-02,  3.209218501948635e-02,  2.261993134683607e-01
  8.719999999999999e+00, -8.916919852353264e-02,  8.784903566947255e-02,  1.756602477982348e-01, -6.078063990505075e-02,  3.218707722235480e-02,  2.258973270610342e-01
  8.730000000000000e+00, -8.936575344914868e-02,  8.796204804005980e-02,  1.752702233217885e-01, -6.089511863936242e-02,  3.227277553965049e-02,  2.256098842975844e-01
  8.740000000000000e+00, -8.957510396983331e-02,  8.807932567844401e-02,  1.748901139634748e-01, -6.100923327653796e-02,  3.234952311394446e-02,  2.253367574950587e-01
  8.750000000000000e+00, -8.979568645623290e-02,  8.820044091222634e-02,  1.745205708517272e-01, -6.112274474929788e-02,  3.241750907302696e-02,  2.250782750712061e-01
  8.760000000000000e+00, -9.002574331158375e-02,  8.832485156940351e-02,  1.741622644601782e-01, -6.123534383531584e-02,  3.247702250648527e-02,  2.248346140759980e-01
  8.770000000000000e+00, -9.026328343240111e-02,  8.845187447876346e-02,  1.738159279569274e-01, -6.134661930949539e-02,  3.252846405930561e-02,  2.246056906626611e-01
  8.779999999999999e+00, -9.050629709165151e-02,  8.858077258939456e-02,  1.734822390699609e-01, -6.145614976440353e-02,  3.257228424328202e-02,  2.243913939780497e-01
  8.789999999999999e+00, -9.075282943418231e-02,  8.871079522354708e-02,  1.731617433233218e-01, -6.156354317210710e-02,  3.260896600316249e-02,  2.241917358164667e-01
  8.800000000000001e+00, -9.100059984434407e-02,  8.884100096936254e-02,  1.728552366188885e-01, -6.166822429877204e-02,  3.263910020428274e-02,  2.240060273639542e-01
  8.810000000000000e+00, -9.124766004637884e-02,  8.897057169287903e-02,  1.725631599842526e-01, -6.176978802243777e-02,  3.266323986935037e-02,  2.238341582930247e-01
  8.820000000000000e+00, -9.149198665478706e-02,  8.909861991974299e-02,  1.722859998658626e-01, -6.186777154387929e-02,  3.268198647548428e-02,  2.236757355282724e-01
  8.830000000000000e+00, -9.173162350745108e-02,  8.922425927138966e-02,  1.720241759299089e-01, -6.196172669638057e-02,  3.269595372695967e-02,  2.235303136151705e-01
  8.840000000000000e+00, -9.196471139811434e-02,  8.934662116279979e-02,  1.717780338336753e-01, -6.205123090991602e-02,  3.270575663534610e-02,  2.233974030518138e-01
  8.850000000000000e+00, -9.218951719350671e-02,  8.946487201725994e-02,  1.715478387599390e-01, -6.213589810264757e-02,  3.271200068690535e-02,  2.232764785256802e-01
  8.859999999999999e+00, -9.240446188867120e-02,  8.957823052279767e-02,  1.713337691850699e-01, -6.221538914987482e-02,  3.271527164004230e-02,  2.231669868537177e-01
  8.870000000000001e+00, -9.260791326597011e-02,  8.968589578405317e-02,  1.711360744213701e-01, -6.228931611992754e-02,  3.271617836012441e-02,  2.230680115813510e-01
  8.879999999999999e+00, -9.279917518388274e-02,  8.978742801356732e-02,  1.709543929194089e-01, -6.235768660902070e-02,  3.271512902716053e-02,  2.229796999201893e-01
  8.890000000000001e+00, -9.297699959736504e-02,  8.988218875362364e-02,  1.707887993037655e-01, -6.242022908471792e-02,  3.271266245508404e-02,  2.229010631860928e-01
  8.900000000000000e+00, -9.314064230061095e-02,  8.996974885558751e-02,  1.706390749384351e-01, -6.247686904127451e-02,  3.270920663094227e-02,  2.228315070044287e-01
  8.910000000000000e+00, -9.328959886254772e-02,  9.004979262206136e-02,  1.705048933026312e-01, -6.252760845005147e-02,  3.270513605486544e-02,  2.227704413379841e-01
  8.920000000000000e+00, -9.342392817097106e-02,  9.012225239858918e-02,  1.703856496034828e-01, -6.257266567497061e-02,  3.270068028391242e-02,  2.227176415766076e-01
  8.930000000000000e+00, -9.354290890375234e-02,  9.018677229638916e-02,  1.702811668879313e-01, -6.261189201212206e-02,  3.269629322483320e-02,  2.226717610083097e-01
  8.940000000000000e+00, -9.364711813204335e-02,  9.024354577780302e-02,  1.701905991558507e-01, -6.264567431791528e-02,  3.269207775351256e-02,  2.226326554337395e-01
  8.949999999999999e+00, -9.373696883866864e-02,  9.029272981094127e-02,  1.701132021534865e-01, -6.267429911900420e-02,  3.268818769262901e-02,  2.225997649674005e-01
  8.960000000000001e+00, -9.381307241183219e-02,  9.033459074910022e-02,  1.700481390473270e-01, -6.269810986034446e-02,  3.268472702643543e-02,  2.225725374096350e-01
  8.969999999999999e+00, -9.387621913078720e-02,  9.036949554644047e-02,  1.699944896658924e-01, -6.271749773188252e-02,  3.268175567714354e-02,  2.225504254791908e-01
  8.980000000000000e+00, -9.392678604722558e-02,  9.039763692162861e-02,  1.699517337973658e-01, -6.273269548583425e-02,  3.267934021763199e-02,  2.225327536333551e-01
  8.990000000000000e+00, -9.396689124356314e-02,  9.042001530339960e-02,  1.699179643479306e-01, -6.274452449665746e-02,  3.267738766348793e-02,  2.225193401453688e-01
  9.000000000000000e+00, -9.399939127498673e-02,  9.043821458344592e-02,  1.698907067207577e-01, -6.275394261901016e-02,  3.267578756327692e-02,  2.225086765663831e-01
