Main.Studies.MarkerTracking.t,Main.Studies.MarkerTracking.JointAngleOutputs.OutputFile_RightLeg.HipFlexion,Main.Studies.MarkerTracking.JointAngleOutputs.OutputFile_RightLeg.HipAbduction,Main.Studies.MarkerTracking.JointAngleOutputs.OutputFile_RightLeg.HipExternalRotation,Main.Studies.MarkerTracking.JointAngleOutputs.OutputFile_RightLeg.KneeFlexion,Main.Studies.MarkerTracking.JointAngleOutputs.OutputFile_RightLeg.AnklePlantarFlexion,Main.Studies.MarkerTracking.JointAngleOutputs.OutputFile_RightLeg.SubTalarEversion
  3.500000000000000e+01, -1.930539302778778e-01,  6.830534973933933e-03,  2.212071330434136e-01, -6.672498446169714e-02,  1.768014537432550e-02,  8.820686652442647e-02
  3.501000000000000e+01, -1.926101307491900e-01,  6.893463703017355e-03,  2.210373434984377e-01, -6.667900324571491e-02,  1.771609886444555e-02,  8.804517309356198e-02
  3.502000000000000e+01, -1.921534310305874e-01,  6.960576637985660e-03,  2.208593096421843e-01, -6.663168898841998e-02,  1.775194221770411e-02,  8.788314710737519e-02
  3.503000000000000e+01, -1.916814819064928e-01,  7.032564929682072e-03,  2.206718052824394e-01, -6.658287304266525e-02,  1.778818288087234e-02,  8.771849786929561e-02
  3.504000000000000e+01, -1.911933657063631e-01,  7.109874429398921e-03,  2.204740586285059e-01, -6.653248150420515e-02,  1.782480221293523e-02,  8.755118231965428e-02
  3.505000000000000e+01, -1.906896066788041e-01,  7.192458326167106e-03,  2.202662062191355e-01, -6.648057259879968e-02,  1.786175918470107e-02,  8.738134780465899e-02
  3.506000000000000e+01, -1.901701993191076e-01,  7.280451162474888e-03,  2.200480480781470e-01, -6.642716042502600e-02,  1.789902452004206e-02,  8.720905203980338e-02
  3.507000000000000e+01, -1.896351684022783e-01,  7.373982987602279e-03,  2.198193937495994e-01, -6.637226677134124e-02,  1.793656947441748e-02,  8.703435495426469e-02
  3.508000000000000e+01, -1.890845704491457e-01,  7.473177620360927e-03,  2.195800648505875e-01, -6.631592133538360e-02,  1.797436665822097e-02,  8.685731382374953e-02
  3.509000000000000e+01, -1.885184937601449e-01,  7.578151391770760e-03,  2.193298957288646e-01, -6.625816168096392e-02,  1.801239010217374e-02,  8.667798211044915e-02
  3.510000000000000e+01, -1.879370580319341e-01,  7.689011900631648e-03,  2.190687331742432e-01, -6.619903322054291e-02,  1.805061516946320e-02,  8.649641048064405e-02
  3.511000000000000e+01, -1.873404140713759e-01,  7.805857012901152e-03,  2.187964360479490e-01, -6.613858916440332e-02,  1.808901850387001e-02,  8.631264705430849e-02
  3.512000000000000e+01, -1.867287441775464e-01,  7.928774256241722e-03,  2.185128753731173e-01, -6.607689078114881e-02,  1.812757854163654e-02,  8.612673533692637e-02
  3.513000000000000e+01, -1.861022632242879e-01,  8.057840496823454e-03,  2.182179349938165e-01, -6.601400813813217e-02,  1.816627656319124e-02,  8.593871070072007e-02
  3.514000000000000e+01, -1.854612200507909e-01,  8.193121556393734e-03,  2.179115121469039e-01, -6.595002081562408e-02,  1.820509737798022e-02,  8.574859765557033e-02
  3.515000000000000e+01, -1.848058987039922e-01,  8.334671614898870e-03,  2.175935170712066e-01, -6.588501821171253e-02,  1.824402913181322e-02,  8.555640965494156e-02
  3.516000000000000e+01, -1.841366192360663e-01,  8.482532457755765e-03,  2.172638724719838e-01, -6.581909967665306e-02,  1.828306286311798e-02,  8.536215012475803e-02
  3.517000000000000e+01, -1.834537383357076e-01,  8.636732590523666e-03,  2.169225137276575e-01, -6.575237491892773e-02,  1.832219262279180e-02,  8.516581287160083e-02
  3.518000000000000e+01, -1.827576501941137e-01,  8.797286326057474e-03,  2.165693891511040e-01, -6.568496485995272e-02,  1.836141623176794e-02,  8.496738201802256e-02
  3.519000000000000e+01, -1.820487874250944e-01,  8.964193081340666e-03,  2.162044598991414e-01, -6.561700265717643e-02,  1.840073617604130e-02,  8.476683204708015e-02
  3.520000000000000e+01, -1.813276218221749e-01,  9.137436942759480e-03,  2.158276995389680e-01, -6.554863441126779e-02,  1.844016009992776e-02,  8.456412867916664e-02
  3.521000000000000e+01, -1.805946649464236e-01,  9.316986224862323e-03,  2.154390932472125e-01, -6.548001943893715e-02,  1.847970077270951e-02,  8.435923065334104e-02
  3.522000000000000e+01, -1.798504683224911e-01,  9.502792797417170e-03,  2.150386375188792e-01, -6.541133048511430e-02,  1.851937604416430e-02,  8.415209103733208e-02
  3.523000000000000e+01, -1.790956231144211e-01,  9.694791312803819e-03,  2.146263409417645e-01, -6.534275409465524e-02,  1.855920918357851e-02,  8.394265738263182e-02
  3.524000000000000e+01, -1.783307594168337e-01,  9.892898440354347e-03,  2.142022252731270e-01, -6.527449083072065e-02,  1.859922911235565e-02,  8.373087149176911e-02
  3.525000000000000e+01, -1.775565451887210e-01,  1.009701211304970e-02,  2.137663263102279e-01, -6.520675520184192e-02,  1.863947016564416e-02,  8.351666983328207e-02
  3.526000000000000e+01, -1.767736850887932e-01,  1.030701116693589e-02,  2.133186949304862e-01, -6.513977564324042e-02,  1.867997191685080e-02,  8.329998453810518e-02
  3.527000000000000e+01, -1.759829198620487e-01,  1.052275567342309e-02,  2.128593986296341e-01, -6.507379460197076e-02,  1.872077938646687e-02,  8.308074354288890e-02
  3.528000000000000e+01, -1.751850263884296e-01,  1.074408745016120e-02,  2.123885232252681e-01, -6.500906830041668e-02,  1.876194310439949e-02,  8.285886946771785e-02
  3.529000000000000e+01, -1.743808178316732e-01,  1.097083025582091e-02,  2.119061742726192e-01, -6.494586581749881e-02,  1.880351844699363e-02,  8.263427833556672e-02
  3.530000000000000e+01, -1.735711433867062e-01,  1.120278998371615e-02,  2.114124781548232e-01, -6.488446751517626e-02,  1.884556441696140e-02,  8.240687891631276e-02
  3.531000000000000e+01, -1.727568874624772e-01,  1.143975509092687e-02,  2.109075825633664e-01, -6.482516324184473e-02,  1.888814253739162e-02,  8.217657317304514e-02
  3.532000000000000e+01, -1.719389685654066e-01,  1.168149709177757e-02,  2.103916562922343e-01, -6.476825060348411e-02,  1.893131609419915e-02,  8.194325774799510e-02
  3.533000000000000e+01, -1.711183380149984e-01,  1.192777126616940e-02,  2.098648892013606e-01, -6.471403300779577e-02,  1.897514936464666e-02,  8.170682569718904e-02
  3.534000000000000e+01, -1.702959781839827e-01,  1.217831786101398e-02,  2.093274925500410e-01, -6.466281713817175e-02,  1.901970656511821e-02,  8.146716846014913e-02
  3.535000000000000e+01, -1.694729000765536e-01,  1.243286373681718e-02,  2.087796987470616e-01, -6.461491001057557e-02,  1.906505056890343e-02,  8.122417875131251e-02
  3.536000000000000e+01, -1.686501395969765e-01,  1.269112414863582e-02,  2.082217603911981e-01, -6.457061582974107e-02,  1.911124152433169e-02,  8.097775410213383e-02
  3.537000000000000e+01, -1.678287516339888e-01,  1.295280426762724e-02,  2.076539495078038e-01, -6.453023255867132e-02,  1.915833557678671e-02,  8.072779992753204e-02
  3.538000000000000e+01, -1.670098025902977e-01,  1.321760049471932e-02,  2.070765570541114e-01, -6.449404816091996e-02,  1.920638381165454e-02,  8.047423193179108e-02
  3.539000000000000e+01, -1.661943625963465e-01,  1.348520198141778e-02,  2.064898918856388e-01, -6.446233655432634e-02,  1.925543113962645e-02,  8.021697880249268e-02
  3.540000000000000e+01, -1.653834977983148e-01,  1.375529227901851e-02,  2.058942786780537e-01, -6.443535335809242e-02,  1.930551488616703e-02,  7.995598595905547e-02
  3.541000000000000e+01, -1.645782631605580e-01,  1.402755078297568e-02,  2.052900549582572e-01, -6.441333177774046e-02,  1.935666338347068e-02,  7.969121997971741e-02
  3.542000000000000e+01, -1.637796960617739e-01,  1.430165410198980e-02,  2.046775685554831e-01, -6.439647884912425e-02,  1.940889499895690e-02,  7.942267172406879e-02
  3.543000000000000e+01, -1.629888100836999e-01,  1.457727743761383e-02,  2.040571770581397e-01, -6.438497197935641e-02,  1.946221767497856e-02,  7.915035689451771e-02
  3.544000000000000e+01, -1.622065887058815e-01,  1.485409559941853e-02,  2.034292486246909e-01, -6.437895590334300e-02,  1.951662861338439e-02,  7.887431575401163e-02
  3.545000000000000e+01, -1.614339792956749e-01,  1.513178334806087e-02,  2.027941621882143e-01, -6.437854012818223e-02,  1.957211365946715e-02,  7.859461338985728e-02
  3.546000000000000e+01, -1.606718878551666e-01,  1.541001517066909e-02,  2.021523071877119e-01, -6.438379652745418e-02,  1.962864640370272e-02,  7.831133883722763e-02
  3.547000000000000e+01, -1.599211749744170e-01,  1.568846492360088e-02,  2.015040840034996e-01, -6.439475700125639e-02,  1.968618737532153e-02,  7.802460222647260e-02
  3.548000000000000e+01, -1.591826529684958e-01,  1.596680578753795e-02,  2.008499041005961e-01, -6.441141193330398e-02,  1.974468373510029e-02,  7.773453294667207e-02
  3.549000000000000e+01, -1.584570836050894e-01,  1.624471061970967e-02,  2.001901882005933e-01, -6.443371007437101e-02,  1.980406968272541e-02,  7.744128113728095e-02
  3.550000000000000e+01, -1.577451759375977e-01,  1.652185267360018e-02,  1.995253631465498e-01, -6.446155937096354e-02,  1.986426720400965e-02,  7.714502022867675e-02
  3.551000000000000e+01, -1.570475845049153e-01,  1.679790684407978e-02,  1.988558591187178e-01, -6.449482820540914e-02,  1.992518678320364e-02,  7.684594794235451e-02
  3.552000000000000e+01, -1.563649085421570e-01,  1.707255115517969e-02,  1.981821073412493e-01, -6.453334754737199e-02,  1.998672847466583e-02,  7.654428691405817e-02
  3.553000000000000e+01, -1.556976921765747e-01,  1.734546788117064e-02,  1.975045386035485e-01, -6.457691426644861e-02,  2.004878361333990e-02,  7.624028515144862e-02
  3.554000000000000e+01, -1.550464254768019e-01,  1.761634444512405e-02,  1.968235844439795e-01, -6.462529500858227e-02,  2.011123680433852e-02,  7.593421332415791e-02
  3.555000000000000e+01, -1.544115464572032e-01,  1.788487441711140e-02,  1.961396805003432e-01, -6.467823028641473e-02,  2.017396785266914e-02,  7.562635937312535e-02
  3.556000000000000e+01, -1.537934431918845e-01,  1.815075833105650e-02,  1.954532689314410e-01, -6.473543865042237e-02,  2.023685345852173e-02,  7.531702409788207e-02
  3.557000000000000e+01, -1.531924552246013e-01,  1.841370433836054e-02,  1.947647992814646e-01, -6.479662070360601e-02,  2.029976876639135e-02,  7.500651780700608e-02
  3.558000000000000e+01, -1.526088747541156e-01,  1.867342901468372e-02,  1.940747289507083e-01, -6.486146286901937e-02,  2.036258906519794e-02,  7.469515675221029e-02
  3.559000000000000e+01, -1.520429477752901e-01,  1.892965811278580e-02,  1.933835230565198e-01, -6.492964086970707e-02,  2.042519153528769e-02,  7.438325977915555e-02
  3.560000000000000e+01, -1.514948746937220e-01,  1.918212709886236e-02,  1.926916532684925e-01, -6.500082289366065e-02,  2.048745668015339e-02,  7.407114479866914e-02
  3.561000000000000e+01, -1.509648107427855e-01,  1.943058173240741e-02,  1.919995956947647e-01, -6.507467246327218e-02,  2.054926933823731e-02,  7.375912510988858e-02
  3.562000000000000e+01, -1.504528666691697e-01,  1.967477854828825e-02,  1.913078279312018e-01, -6.515085106661103e-02,  2.061051947336873e-02,  7.344750741344774e-02
  3.563000000000000e+01, -1.499591095489795e-01,  1.991448487287806e-02,  1.906168263831450e-01, -6.522902065299431e-02,  2.067110320573056e-02,  7.313659133138806e-02
  3.564000000000000e+01, -1.494835639958942e-01,  2.014947872761885e-02,  1.899270654645988e-01, -6.530884597195265e-02,  2.073092421908810e-02,  7.282666793298560e-02
  3.565000000000000e+01, -1.490262140426021e-01,  2.037954905716255e-02,  1.892390180229189e-01, -6.538999659107674e-02,  2.078989483440771e-02,  7.251801685855860e-02
  3.566000000000000e+01, -1.485870051245055e-01,  2.060449601135717e-02,  1.885531544219291e-01, -6.547214848251821e-02,  2.084793618600379e-02,  7.221090384526160e-02
  3.567000000000000e+01, -1.481658455821858e-01,  2.082413102347402e-02,  1.878699394409802e-01, -6.555498518413705e-02,  2.090497798375571e-02,  7.190557923137512e-02
  3.568000000000000e+01, -1.477626078654656e-01,  2.103827683395920e-02,  1.871898282274934e-01, -6.563819873872047e-02,  2.096095865967116e-02,  7.160227670740096e-02
  3.569000000000000e+01, -1.473771296279255e-01,  2.124676753404264e-02,  1.865132627158400e-01, -6.572149060115950e-02,  2.101582594184979e-02,  7.130121207243983e-02
  3.570000000000000e+01, -1.470092139616463e-01,  2.144944847750296e-02,  1.858406698155754e-01, -6.580457225050297e-02,  2.106953719581408e-02,  7.100258193289719e-02
  3.571000000000000e+01, -1.466655049980164e-01,  2.164558025113528e-02,  1.851684971755633e-01, -6.588889327455957e-02,  2.112299018801291e-02,  7.071522784614660e-02
  3.572000000000000e+01, -1.463321892067763e-01,  2.183617484376077e-02,  1.845050881503394e-01, -6.597076108277689e-02,  2.117434730027095e-02,  7.042199666318018e-02
  3.573000000000000e+01, -1.460156147388676e-01,  2.202056414061948e-02,  1.838468534712715e-01, -6.605160972827205e-02,  2.122447176292149e-02,  7.013163904081764e-02
  3.574000000000000e+01, -1.457154483948302e-01,  2.219863618610973e-02,  1.831941564765355e-01, -6.613119752757282e-02,  2.127335818565642e-02,  6.984427303887894e-02
  3.575000000000000e+01, -1.454313145769853e-01,  2.237029101483845e-02,  1.825473516277140e-01, -6.620929083561494e-02,  2.132100590154488e-02,  6.955998100881333e-02
  3.576000000000000e+01, -1.451628057326266e-01,  2.253543916921363e-02,  1.819067796362382e-01, -6.628566860935853e-02,  2.136742107506967e-02,  6.927882094571303e-02
  3.577000000000000e+01, -1.449094842040553e-01,  2.269400162516266e-02,  1.812727672443467e-01, -6.636012346098018e-02,  2.141261646659185e-02,  6.900082739411144e-02
  3.578000000000000e+01, -1.446708840659135e-01,  2.284590982528267e-02,  1.806456269046533e-01, -6.643246289623524e-02,  2.145661118357780e-02,  6.872601415515181e-02
  3.579000000000000e+01, -1.444465131638420e-01,  2.299110608408572e-02,  1.800256559013836e-01, -6.650251061463576e-02,  2.149943007300738e-02,  6.845437922407673e-02
  3.580000000000000e+01, -1.442358559292478e-01,  2.312954426290248e-02,  1.794131344471744e-01, -6.657010801239906e-02,  2.154110277013023e-02,  6.818591167616861e-02
  3.581000000000000e+01, -1.440383773103183e-01,  2.326119029274665e-02,  1.788083242875737e-01, -6.663511587065292e-02,  2.158166272833571e-02,  6.792059770396471e-02
  3.582000000000000e+01, -1.438535274147351e-01,  2.338602233079157e-02,  1.782114692494649e-01, -6.669741582810533e-02,  2.162114628737900e-02,  6.765842297862469e-02
  3.583000000000000e+01, -1.436807464942788e-01,  2.350403059738237e-02,  1.776227971079125e-01, -6.675691106416964e-02,  2.165959136374577e-02,  6.739937221130050e-02
  3.584000000000000e+01, -1.435194704156459e-01,  2.361521693265889e-02,  1.770425212199647e-01, -6.681352591678164e-02,  2.169703548373792e-02,  6.714342906408073e-02
  3.585000000000000e+01, -1.433691366989384e-01,  2.371959436287119e-02,  1.764708409980412e-01, -6.686720476801078e-02,  2.173351335614515e-02,  6.689057807332424e-02
  3.586000000000000e+01, -1.432291908624628e-01,  2.381718711707537e-02,  1.759079420024833e-01, -6.691791065191116e-02,  2.176905442568640e-02,  6.664080699011599e-02
  3.587000000000000e+01, -1.430990926951583e-01,  2.390803096883554e-02,  1.753539970778717e-01, -6.696562358262823e-02,  2.180368085901163e-02,  6.639410714406922e-02
  3.588000000000000e+01, -1.429783220889648e-01,  2.399217341844806e-02,  1.748091688312676e-01, -6.701033836097249e-02,  2.183740589869350e-02,  6.615047182981319e-02
  3.589000000000000e+01, -1.428663844676314e-01,  2.406967358156753e-02,  1.742736131217620e-01, -6.705206196785804e-02,  2.187023214226516e-02,  6.590989404260049e-02
  3.590000000000000e+01, -1.427628162008742e-01,  2.414060186415967e-02,  1.737474827432492e-01, -6.709081099937433e-02,  2.190214973747741e-02,  6.567236473507020e-02
  3.591000000000000e+01, -1.426671894646946e-01,  2.420503947030750e-02,  1.732309294257408e-01, -6.712660918143486e-02,  2.193313474701525e-02,  6.543787304155665e-02
  3.592000000000000e+01, -1.425791149951486e-01,  2.426307779154713e-02,  1.727241029558430e-01, -6.715948437352809e-02,  2.196314777558829e-02,  6.520640855204092e-02
  3.593000000000000e+01, -1.424982427267261e-01,  2.431481771396560e-02,  1.722271489569530e-01, -6.718946516861549e-02,  2.199213305399822e-02,  6.497796347977033e-02
  3.594000000000000e+01, -1.424242624063450e-01,  2.436036887110737e-02,  1.717402081137311e-01, -6.721657833382977e-02,  2.202001829252043e-02,  6.475253356220094e-02
  3.595000000000000e+01, -1.423569052192435e-01,  2.439984880855595e-02,  1.712634174651914e-01, -6.724084766088710e-02,  2.204671526399801e-02,  6.453011864840792e-02
  3.596000000000000e+01, -1.422959453144874e-01,  2.443338210185120e-02,  1.707969122549322e-01, -6.726229354521029e-02,  2.207212071313715e-02,  6.431072332974740e-02
  3.597000000000000e+01, -1.422412000548663e-01,  2.446109958993326e-02,  1.703408274604390e-01, -6.728093275584346e-02,  2.209611738631386e-02,  6.409435674423879e-02
  3.598000000000000e+01, -1.421925288304974e-01,  2.448313776767064e-02,  1.698952991717038e-01, -6.729677845677812e-02,  2.211857519845565e-02,  6.388103111613047e-02
  3.599000000000000e+01, -1.421498308112571e-01,  2.449963836200797e-02,  1.694604653353051e-01, -6.730984066569266e-02,  2.213935245213572e-02,  6.367076005685142e-02
  3.600000000000000e+01, -1.421130422211846e-01,  2.451074811419951e-02,  1.690364646971939e-01, -6.732012711847843e-02,  2.215829711544537e-02,  6.346355863252290e-02
  3.601000000000000e+01, -1.420821337057434e-01,  2.451661857198473e-02,  1.686234341806513e-01, -6.732764411204842e-02,  2.217524822169441e-02,  6.325944564095565e-02
  3.602000000000000e+01, -1.420571081009983e-01,  2.451740586835705e-02,  1.682215065701815e-01, -6.733239703052162e-02,  2.219003730404311e-02,  6.305844608643904e-02
  3.603000000000000e+01, -1.420379985067662e-01,  2.451327075365373e-02,  1.678308090835047e-01, -6.733439092017519e-02,  2.220248995546164e-02,  6.286059265906414e-02
  3.604000000000000e+01, -1.420248658005768e-01,  2.450437874688971e-02,  1.674514617056793e-01, -6.733363136480643e-02,  2.221242776882415e-02,  6.266592675663504e-02
  3.605000000000000e+01, -1.420177947789492e-01,  2.449089997363441e-02,  1.670835756498022e-01, -6.733012515970704e-02,  2.221967048223443e-02,  6.247449823513832e-02
  3.606000000000000e+01, -1.420168896275979e-01,  2.447300854159118e-02,  1.667272536760462e-01, -6.732388049643070e-02,  2.222403790024911e-02,  6.228636249315492e-02
  3.607000000000000e+01, -1.420222699426767e-01,  2.445088149977215e-02,  1.663825919673056e-01, -6.731490723842755e-02,  2.222535172573944e-02,  6.210157638955521e-02
  3.608000000000000e+01, -1.420340672351773e-01,  2.442469744767051e-02,  1.660496810998358e-01, -6.730321768959290e-02,  2.222343767337957e-02,  6.192019605295306e-02
  3.609000000000000e+01, -1.420524214514839e-01,  2.439463502898831e-02,  1.657286049282102e-01, -6.728882750518886e-02,  2.221812763596362e-02,  6.174227730604575e-02
  3.610000000000000e+01, -1.420774778211729e-01,  2.436087179133262e-02,  1.654194389657170e-01, -6.727175641886872e-02,  2.220926145807342e-02,  6.156787668584805e-02
  3.611000000000000e+01, -1.421093841226002e-01,  2.432358368794052e-02,  1.651222500246832e-01, -6.725202877708737e-02,  2.219668821836588e-02,  6.139705099740472e-02
  3.612000000000000e+01, -1.421482879774877e-01,  2.428294495264538e-02,  1.648370970525063e-01, -6.722967395595383e-02,  2.218026727527584e-02,  6.122985519366066e-02
  3.613000000000000e+01, -1.421888168519691e-01,  2.424010427174261e-02,  1.645649046537934e-01, -6.720391591796901e-02,  2.215887955934917e-02,  6.106352030892907e-02
  3.614000000000000e+01, -1.422423109276172e-01,  2.419326470517658e-02,  1.643038657140715e-01, -6.717646198969141e-02,  2.213440873852288e-02,  6.090396105545991e-02
  3.615000000000000e+01, -1.423032761464625e-01,  2.414356931626194e-02,  1.640550011798199e-01, -6.714651888815500e-02,  2.210576112833812e-02,  6.074818133827625e-02
  3.616000000000000e+01, -1.423717778042195e-01,  2.409119517960101e-02,  1.638183351017958e-01, -6.711412613173838e-02,  2.207282960618981e-02,  6.059620299550483e-02
  3.617000000000000e+01, -1.424479261623920e-01,  2.403630137724533e-02,  1.635938827338785e-01, -6.707934492291127e-02,  2.203553994520331e-02,  6.044805844755621e-02
  3.618000000000000e+01, -1.425318184609137e-01,  2.397904202259382e-02,  1.633816461960164e-01, -6.704224356105888e-02,  2.199383291298177e-02,  6.030377762165600e-02
  3.619000000000000e+01, -1.426235368130236e-01,  2.391956631879188e-02,  1.631816137828530e-01, -6.700289736270715e-02,  2.194766452336375e-02,  6.016338752096318e-02
  3.620000000000000e+01, -1.427231474452308e-01,  2.385801865040627e-02,  1.629937591600776e-01, -6.696138891274772e-02,  2.189700625040194e-02,  6.002691190459451e-02
  3.621000000000000e+01, -1.428306999538702e-01,  2.379453834534639e-02,  1.628180408854371e-01, -6.691780792842597e-02,  2.184184513275588e-02,  5.989437100009382e-02
  3.622000000000000e+01, -1.429462260396450e-01,  2.372925906920687e-02,  1.626544015818220e-01, -6.687225082126246e-02,  2.178218415679380e-02,  5.976578327250925e-02
  3.623000000000000e+01, -1.430697380318282e-01,  2.366230857163854e-02,  1.625027675633993e-01, -6.682482032996714e-02,  2.171804263339370e-02,  5.964116798227703e-02
  3.624000000000000e+01, -1.432012278725162e-01,  2.359380924660215e-02,  1.623630502613890e-01, -6.677562545070852e-02,  2.164945616120489e-02,  5.952054552139616e-02
  3.625000000000000e+01, -1.433406670867995e-01,  2.352387895749364e-02,  1.622351480180088e-01, -6.672478175872308e-02,  2.157647629227453e-02,  5.940393691690192e-02
  3.626000000000000e+01, -1.434880076693539e-01,  2.345263156637367e-02,  1.621189466373190e-01, -6.667241207208620e-02,  2.149917027403829e-02,  5.929136482523292e-02
  3.627000000000000e+01, -1.436431830045391e-01,  2.338017717889240e-02,  1.620143196362445e-01, -6.661864717215464e-02,  2.141762122371860e-02,  5.918285480658278e-02
  3.628000000000000e+01, -1.438061079642975e-01,  2.330662213296564e-02,  1.619211289907717e-01, -6.656362601958973e-02,  2.133192861653262e-02,  5.907843582531302e-02
  3.629000000000000e+01, -1.439766781025761e-01,  2.323206886925133e-02,  1.618392258136557e-01, -6.650749525552763e-02,  2.124220866482102e-02,  5.897814061056944e-02
  3.630000000000000e+01, -1.441547679333881e-01,  2.315661605015040e-02,  1.617684508573068e-01, -6.645040848285130e-02,  2.114859450618139e-02,  5.888200496439212e-02
  3.631000000000000e+01, -1.443402283891977e-01,  2.308035897269045e-02,  1.617086351654653e-01, -6.639252547800975e-02,  2.105123621267046e-02,  5.879006506573622e-02
  3.632000000000000e+01, -1.445328846598908e-01,  2.300339009300711e-02,  1.616596010177717e-01, -6.633401092646476e-02,  2.095030035431756e-02,  5.870235432369089e-02
  3.633000000000000e+01, -1.447325356899625e-01,  2.292579959108410e-02,  1.616211631364919e-01, -6.627503281042366e-02,  2.084596890479727e-02,  5.861890134753495e-02
  3.634000000000000e+01, -1.449389552678992e-01,  2.284767579484126e-02,  1.615931294228903e-01, -6.621576106742406e-02,  2.073843781804035e-02,  5.853972946294667e-02
  3.635000000000000e+01, -1.451518939817326e-01,  2.276910526266818e-02,  1.615753009744968e-01, -6.615636679784803e-02,  2.062791587335018e-02,  5.846485726564868e-02
  3.636000000000000e+01, -1.453710815722501e-01,  2.269017250665173e-02,  1.615674726898557e-01, -6.609702185392179e-02,  2.051462386265945e-02,  5.839429852250345e-02
  3.637000000000000e+01, -1.455962292504953e-01,  2.261095946553437e-02,  1.615694352233743e-01, -6.603789839179643e-02,  2.039879366094200e-02,  5.832806032945596e-02
  3.638000000000000e+01, -1.458270317204740e-01,  2.253154494228071e-02,  1.615809773600789e-01, -6.597916798878689e-02,  2.028066700773236e-02,  5.826613999713339e-02
  3.639000000000000e+01, -1.460631693676085e-01,  2.245200410412629e-02,  1.616018876461344e-01, -6.592100053111373e-02,  2.016049443676453e-02,  5.820852214568047e-02
  3.640000000000000e+01, -1.463043110880481e-01,  2.237240804743101e-02,  1.616319548535880e-01, -6.586356359077133e-02,  2.003853464782130e-02,  5.815517765810131e-02
  3.641000000000000e+01, -1.465501173810760e-01,  2.229282356212758e-02,  1.616709679483436e-01, -6.580702264459097e-02,  1.991505403612989e-02,  5.810606443631401e-02
  3.642000000000000e+01, -1.468002429958837e-01,  2.221331300238250e-02,  1.617187166410775e-01, -6.575154193388318e-02,  1.979032622109339e-02,  5.806112832490522e-02
  3.643000000000000e+01, -1.470543390162324e-01,  2.213393396734498e-02,  1.617749918995472e-01, -6.569728565904379e-02,  1.966463174642963e-02,  5.802030424140325e-02
  3.644000000000000e+01, -1.473120547888463e-01,  2.205473898958643e-02,  1.618395851335723e-01, -6.564441911313562e-02,  1.953825769752132e-02,  5.798351902951378e-02
  3.645000000000000e+01, -1.475730398437060e-01,  2.197577552036289e-02,  1.619122870148917e-01, -6.559310937296407e-02,  1.941149683680094e-02,  5.795069536863588e-02
  3.646000000000000e+01, -1.478369454716630e-01,  2.189708587328631e-02,  1.619928874010453e-01, -6.554352555040871e-02,  1.928464657754753e-02,  5.792175458159541e-02
  3.647000000000000e+01, -1.481034254502695e-01,  2.181870691362597e-02,  1.620811760166952e-01, -6.549583865418797e-02,  1.915800811014941e-02,  5.789661749773316e-02
  3.648000000000000e+01, -1.483721357240487e-01,  2.174066985914713e-02,  1.621769431523294e-01, -6.545022091447830e-02,  1.903188543698399e-02,  5.787520401889763e-02
  3.649000000000000e+01, -1.486427337840191e-01,  2.166300021704459e-02,  1.622799802081235e-01, -6.540684486502582e-02,  1.890658439159789e-02,  5.785743297554193e-02
  3.650000000000000e+01, -1.489148786790490e-01,  2.158571737911896e-02,  1.623900799823576e-01, -6.536588281457105e-02,  1.878241194916614e-02,  5.784322350926899e-02
  3.651000000000000e+01, -1.491882311476404e-01,  2.150883387825719e-02,  1.625070367045712e-01, -6.532750665125281e-02,  1.865967554393383e-02,  5.783249741965089e-02
  3.652000000000000e+01, -1.494624527490628e-01,  2.143235502322072e-02,  1.626306460701807e-01, -6.529188739222025e-02,  1.853868200094746e-02,  5.782518073841268e-02
  3.653000000000000e+01, -1.497372039738333e-01,  2.135627936122564e-02,  1.627607053322499e-01, -6.525919427904726e-02,  1.841973644400192e-02,  5.782120364237480e-02
  3.654000000000000e+01, -1.500121419468642e-01,  2.128059949538308e-02,  1.628970131591468e-01, -6.522959345198236e-02,  1.830314157726799e-02,  5.782049973506053e-02
  3.655000000000000e+01, -1.502869183263953e-01,  2.120530257339648e-02,  1.630393690151996e-01, -6.520324611711059e-02,  1.818919684229317e-02,  5.782300610637960e-02
  3.656000000000000e+01, -1.505611779492289e-01,  2.113037031395559e-02,  1.631875721599204e-01, -6.518030649985807e-02,  1.807819714301096e-02,  5.782866405377305e-02
  3.657000000000000e+01, -1.508345583955001e-01,  2.105577876454623e-02,  1.633414209396525e-01, -6.516092031177093e-02,  1.797043177453139e-02,  5.783741955846025e-02
  3.658000000000000e+01, -1.511066901048865e-01,  2.098149797373305e-02,  1.635007132078500e-01, -6.514522399366571e-02,  1.786618392244579e-02,  5.784922299698791e-02
  3.659000000000000e+01, -1.513771965731950e-01,  2.090749175477158e-02,  1.636652477283975e-01, -6.513334427831116e-02,  1.776573037479198e-02,  5.786402796539564e-02
  3.660000000000000e+01, -1.516456949267234e-01,  2.083371773516163e-02,  1.638348251056380e-01, -6.512539781253741e-02,  1.766934117327000e-02,  5.788179013277662e-02
  3.661000000000000e+01, -1.519117974007773e-01,  2.076012763447421e-02,  1.640092472724423e-01, -6.512149107671154e-02,  1.757727926703113e-02,  5.790246747783646e-02
  3.662000000000000e+01, -1.521751130426523e-01,  2.068666751881443e-02,  1.641883167557901e-01, -6.512172048522043e-02,  1.748980019048349e-02,  5.792602132373066e-02
  3.663000000000000e+01, -1.524352488024645e-01,  2.061327809799440e-02,  1.643718374442973e-01, -6.512617218380670e-02,  1.740715166955122e-02,  5.795241657595594e-02
  3.664000000000000e+01, -1.526918104651962e-01,  2.053989516268895e-02,  1.645596164039844e-01, -6.513492158142579e-02,  1.732957326715655e-02,  5.798162152989755e-02
  3.665000000000000e+01, -1.529444038116467e-01,  2.046645003339864e-02,  1.647514650157677e-01, -6.514803303730482e-02,  1.725729620762301e-02,  5.801360844506484e-02
  3.666000000000000e+01, -1.531926357510194e-01,  2.039287009913693e-02,  1.649471990813905e-01, -6.516555981359956e-02,  1.719054311886303e-02,  5.804835457060410e-02
  3.667000000000000e+01, -1.534361156777139e-01,  2.031907945419809e-02,  1.651466385842454e-01, -6.518754412222583e-02,  1.712952740421373e-02,  5.808584286529010e-02
  3.668000000000000e+01, -1.536744570678870e-01,  2.024499932905521e-02,  1.653496072744402e-01, -6.521401706940590e-02,  1.707445246548847e-02,  5.812606242979025e-02
  3.669000000000000e+01, -1.539072784519958e-01,  2.017054828069886e-02,  1.655559321560376e-01, -6.524499833970111e-02,  1.702551110845943e-02,  5.816900873969934e-02
  3.670000000000000e+01, -1.541342034511082e-01,  2.009564240898865e-02,  1.657654432576668e-01, -6.528049558416731e-02,  1.698288496843207e-02,  5.821468356711319e-02
  3.671000000000000e+01, -1.543548602687612e-01,  2.002019567033408e-02,  1.659779736633271e-01, -6.532050373284373e-02,  1.694674372050801e-02,  5.826309485622169e-02
  3.672000000000000e+01, -1.545688808549555e-01,  1.994412014613811e-02,  1.661933595400850e-01, -6.536500466042629e-02,  1.691724428182344e-02,  5.831425668055448e-02
  3.673000000000000e+01, -1.547758998592902e-01,  1.986732612927566e-02,  1.664114402883763e-01, -6.541396741691083e-02,  1.689453036482589e-02,  5.836818873284885e-02
  3.674000000000000e+01, -1.549755533825564e-01,  1.978972201666296e-02,  1.666320589084611e-01, -6.546734864820511e-02,  1.687873247005065e-02,  5.842491515444011e-02
  3.675000000000000e+01, -1.551674772934949e-01,  1.971121407980547e-02,  1.668550623992030e-01, -6.552509243211559e-02,  1.686996773779441e-02,  5.848446293436114e-02
  3.676000000000000e+01, -1.553513050210698e-01,  1.963170607917308e-02,  1.670803022176165e-01, -6.558712918144836e-02,  1.686833900725533e-02,  5.854685991671912e-02
  3.677000000000000e+01, -1.555266652560202e-01,  1.955109877995698e-02,  1.673076348097735e-01, -6.565337434208376e-02,  1.687393361528265e-02,  5.861213302875207e-02
  3.678000000000000e+01, -1.556931800965016e-01,  1.946928971999151e-02,  1.675369219305697e-01, -6.572372766713480e-02,  1.688682276476296e-02,  5.868030751200070e-02
  3.679000000000000e+01, -1.558504635825609e-01,  1.938617338636384e-02,  1.677680306612788e-01, -6.579807283122535e-02,  1.690706123004834e-02,  5.875140688050164e-02
  3.680000000000000e+01, -1.559981201397301e-01,  1.930164159640846e-02,  1.680008333005202e-01, -6.587627704095049e-02,  1.693468687991589e-02,  5.882545300890552e-02
  3.681000000000000e+01, -1.561357426992014e-01,  1.921558401405221e-02,  1.682352074528622e-01, -6.595819071172858e-02,  1.696971985343093e-02,  5.890246580251104e-02
  3.682000000000000e+01, -1.562629107478677e-01,  1.912788887518002e-02,  1.684710366767396e-01, -6.604364705780325e-02,  1.701216138612956e-02,  5.898246152919491e-02
  3.683000000000000e+01, -1.563791885864250e-01,  1.903844382404318e-02,  1.687082114525784e-01, -6.613246148772457e-02,  1.706199255894814e-02,  5.906544996687400e-02
  3.684000000000000e+01, -1.564841240038367e-01,  1.894713678484394e-02,  1.689466295572838e-01, -6.622443141330536e-02,  1.711917343514116e-02,  5.915143233165460e-02
  3.685000000000000e+01, -1.565802175281804e-01,  1.885331768497767e-02,  1.691871463238515e-01, -6.631943282934465e-02,  1.718437671562423e-02,  5.923954106212260e-02
  3.686000000000000e+01, -1.566611464830140e-01,  1.875792987330338e-02,  1.694277228100108e-01, -6.641706862371484e-02,  1.725606211058308e-02,  5.933156866041131e-02
  3.687000000000000e+01, -1.567292757456058e-01,  1.866035555089685e-02,  1.696692667512646e-01, -6.651715200065657e-02,  1.733484511357157e-02,  5.942653852428233e-02
  3.688000000000000e+01, -1.567840980765521e-01,  1.856049574275365e-02,  1.699116920520457e-01, -6.661942245370521e-02,  1.742059867149521e-02,  5.952442690631084e-02
  3.689000000000000e+01, -1.568250883089783e-01,  1.845826191093436e-02,  1.701549163847751e-01, -6.672360694203108e-02,  1.751316814797041e-02,  5.962520470510791e-02
  3.690000000000000e+01, -1.568517111143319e-01,  1.835357758019329e-02,  1.703988601885782e-01, -6.682942441163361e-02,  1.761237224635234e-02,  5.972884137540491e-02
  3.691000000000000e+01, -1.568634230831742e-01,  1.824638156107805e-02,  1.706434459957582e-01, -6.693658862572367e-02,  1.771800206964953e-02,  5.983530527734988e-02
  3.692000000000000e+01, -1.568602887880081e-01,  1.813658190761958e-02,  1.708884804530364e-01, -6.704494515099198e-02,  1.783006494497326e-02,  5.994502625115417e-02
  3.693000000000000e+01, -1.568405026258185e-01,  1.802427286176234e-02,  1.711341313315261e-01, -6.715393596857516e-02,  1.794780934771883e-02,  6.005706245008478e-02
  3.694000000000000e+01, -1.568041476044131e-01,  1.790940144734754e-02,  1.713802071418893e-01, -6.726341254095251e-02,  1.807117696586149e-02,  6.017183980162386e-02
  3.695000000000000e+01, -1.567506818018015e-01,  1.779200857006935e-02,  1.716266406151720e-01, -6.737309748419601e-02,  1.819983971053829e-02,  6.028934008199589e-02
  3.696000000000000e+01, -1.566795786510397e-01,  1.767217261179588e-02,  1.718733664959607e-01, -6.748272335196152e-02,  1.833343740504310e-02,  6.040955494784251e-02
  3.697000000000000e+01, -1.565903358015637e-01,  1.755001295377978e-02,  1.721203203993758e-01, -6.759203590634164e-02,  1.847157765477696e-02,  6.053248917013247e-02
  3.698000000000000e+01, -1.564827406072515e-01,  1.742561159509015e-02,  1.723674303123708e-01, -6.770083661188800e-02,  1.861386994886642e-02,  6.065817008144751e-02
  3.699000000000000e+01, -1.563558819872984e-01,  1.729933098181213e-02,  1.726146454303688e-01, -6.780882485377614e-02,  1.875979390800486e-02,  6.078660644458692e-02
  3.700000000000000e+01, -1.562096340416869e-01,  1.717136073532943e-02,  1.728618876070040e-01, -6.791584524646936e-02,  1.890889940955983e-02,  6.091787585721446e-02
  3.701000000000000e+01, -1.560437060903546e-01,  1.704201253178672e-02,  1.731090837892058e-01, -6.802172210543071e-02,  1.906067602355516e-02,  6.105205886076923e-02
  3.702000000000000e+01, -1.558578941025172e-01,  1.691164831912984e-02,  1.733561570168463e-01, -6.812630107758129e-02,  1.921458861356716e-02,  6.118925989628559e-02
  3.703000000000000e+01, -1.556520960888142e-01,  1.678067855181764e-02,  1.736030275156612e-01, -6.822944826970487e-02,  1.937008027890640e-02,  6.132960475178394e-02
  3.704000000000000e+01, -1.554262765234675e-01,  1.664959650727038e-02,  1.738496054828394e-01, -6.833106668503701e-02,  1.952658629791201e-02,  6.147329781218513e-02
  3.705000000000000e+01, -1.551806700294009e-01,  1.651882856251108e-02,  1.740958277730411e-01, -6.843102326758814e-02,  1.968349526976057e-02,  6.162037369993304e-02
  3.706000000000000e+01, -1.549155248048140e-01,  1.638893501017402e-02,  1.743416072083151e-01, -6.852924761720300e-02,  1.984022002584518e-02,  6.177104629293917e-02
  3.707000000000000e+01, -1.546312766725369e-01,  1.626046895981137e-02,  1.745868659388007e-01, -6.862566279621495e-02,  1.999615846014439e-02,  6.192547429338201e-02
  3.708000000000000e+01, -1.543285147086104e-01,  1.613399783739666e-02,  1.748315287105786e-01, -6.872019737951071e-02,  2.015071125040627e-02,  6.208381042829544e-02
  3.709000000000000e+01, -1.540079831402893e-01,  1.601009233904294e-02,  1.750755235430573e-01, -6.881278199346390e-02,  2.030328858075452e-02,  6.224619679339245e-02
  3.710000000000000e+01, -1.536705798816340e-01,  1.588931516062253e-02,  1.753187828116044e-01, -6.890334669736485e-02,  2.045331690980694e-02,  6.241275995094701e-02
  3.711000000000000e+01, -1.533173510049165e-01,  1.577221005251372e-02,  1.755612446572305e-01, -6.899181919923902e-02,  2.060024541313882e-02,  6.258360534453891e-02
  3.712000000000000e+01, -1.529494803818740e-01,  1.565929153846168e-02,  1.758028539587564e-01, -6.907812368219388e-02,  2.074355213213503e-02,  6.275881251753261e-02
  3.713000000000000e+01, -1.525682746689250e-01,  1.555103535853841e-02,  1.760435621701308e-01, -6.916218007326544e-02,  2.088274992488864e-02,  6.293843204492830e-02
  3.714000000000000e+01, -1.521751449658754e-01,  1.544786993357139e-02,  1.762833264220477e-01, -6.924390358386198e-02,  2.101739174591289e-02,  6.312248363008134e-02
  3.715000000000000e+01, -1.517715860949615e-01,  1.535016976216252e-02,  1.765221101136087e-01, -6.932320446574423e-02,  2.114707428611124e-02,  6.331095327870051e-02
  3.716000000000000e+01, -1.513591540467405e-01,  1.525825121284385e-02,  1.767598855131794e-01, -6.939998822790330e-02,  2.127143968884425e-02,  6.350378861926695e-02
  3.717000000000000e+01, -1.509395154977866e-01,  1.517233638190829e-02,  1.769966156700865e-01, -6.947414620481333e-02,  2.139016080490237e-02,  6.370089875043791e-02
  3.718000000000000e+01, -1.505141216960865e-01,  1.509269245010869e-02,  1.772323325378704e-01, -6.954560104323772e-02,  2.150300222565230e-02,  6.390214542325333e-02
  3.719000000000000e+01, -1.500846573828144e-01,  1.501941274439456e-02,  1.774670227950843e-01, -6.961423820879124e-02,  2.160972788569822e-02,  6.410733824800174e-02
  3.720000000000000e+01, -1.496526933059218e-01,  1.495257191502075e-02,  1.777006962082355e-01, -6.967995695366572e-02,  2.171015930268467e-02,  6.431625380362806e-02
  3.721000000000000e+01, -1.492197497340485e-01,  1.489219040860945e-02,  1.779333645264229e-01, -6.974265850004518e-02,  2.180415826991672e-02,  6.452863376510012e-02
  3.722000000000000e+01, -1.487872788666561e-01,  1.483823944423035e-02,  1.781650376273702e-01, -6.980224713232917e-02,  2.189162368610518e-02,  6.474419016451038e-02
  3.723000000000000e+01, -1.483564146291994e-01,  1.479069490846530e-02,  1.783958260204080e-01, -6.985859810371822e-02,  2.197249755997833e-02,  6.496242220794492e-02
  3.724000000000000e+01, -1.479289314389998e-01,  1.474934103949765e-02,  1.786255128968342e-01, -6.991168942409083e-02,  2.204672121716863e-02,  6.518337296169166e-02
  3.725000000000000e+01, -1.475057364487520e-01,  1.471409751782904e-02,  1.788541947289033e-01, -6.996140779083838e-02,  2.211429260428183e-02,  6.540650853621925e-02
  3.726000000000000e+01, -1.470878930564070e-01,  1.468479905274434e-02,  1.790818498042748e-01, -7.000767627272030e-02,  2.217522140823774e-02,  6.563146657984581e-02
  3.727000000000000e+01, -1.466763504644775e-01,  1.466126151242975e-02,  1.793084442650542e-01, -7.005042354956766e-02,  2.222953608703867e-02,  6.585787620791429e-02
  3.728000000000000e+01, -1.462719431084282e-01,  1.464328729888753e-02,  1.795339308574144e-01, -7.008958460778862e-02,  2.227728091873820e-02,  6.608536199366458e-02
  3.729000000000000e+01, -1.458752241034389e-01,  1.463065474489511e-02,  1.797578917845614e-01, -7.012518070791296e-02,  2.231834857861100e-02,  6.631418661796737e-02
  3.730000000000000e+01, -1.454871104909453e-01,  1.462318931845052e-02,  1.799809819140437e-01, -7.015700382757616e-02,  2.235315065802191e-02,  6.654268012758537e-02
  3.731000000000000e+01, -1.451079868415829e-01,  1.462065321610040e-02,  1.802027358736609e-01, -7.018509255236360e-02,  2.238159083185177e-02,  6.677113427656144e-02
  3.732000000000000e+01, -1.447382686222717e-01,  1.462283318764790e-02,  1.804230439755903e-01, -7.020941653228391e-02,  2.240375824006943e-02,  6.699920219077406e-02
  3.733000000000000e+01, -1.443782845410435e-01,  1.462951752156028e-02,  1.806417829236570e-01, -7.022995560749043e-02,  2.241975164837825e-02,  6.722655045214183e-02
  3.734000000000000e+01, -1.440282824428511e-01,  1.464049804945033e-02,  1.808588180028722e-01, -7.024669986072862e-02,  2.242967857545508e-02,  6.745286158062554e-02
  3.735000000000000e+01, -1.436884358013567e-01,  1.465557188208044e-02,  1.810740076908008e-01, -7.025964967199053e-02,  2.243365469156985e-02,  6.767783229761043e-02
  3.736000000000000e+01, -1.433588502619636e-01,  1.467454262131507e-02,  1.812872084019219e-01, -7.026881566194300e-02,  2.243180303707845e-02,  6.790116941660757e-02
  3.737000000000000e+01, -1.430395708035269e-01,  1.469722104497984e-02,  1.814982776869461e-01, -7.027421832276981e-02,  2.242425302049451e-02,  6.812258682536600e-02
  3.738000000000000e+01, -1.427305892185501e-01,  1.472342540245841e-02,  1.817070758488002e-01, -7.027588748959358e-02,  2.241113932032593e-02,  6.834180584461344e-02
  3.739000000000000e+01, -1.424303575685561e-01,  1.475277177038037e-02,  1.819134111693819e-01, -7.027409478863686e-02,  2.239289253061031e-02,  6.855824873605104e-02
  3.740000000000000e+01, -1.421418519462604e-01,  1.478549695832299e-02,  1.821171676680950e-01, -7.026845573441089e-02,  2.236906496772328e-02,  6.877246457864922e-02
  3.741000000000000e+01, -1.418633828383870e-01,  1.482124465707169e-02,  1.823182652041912e-01, -7.025922399802582e-02,  2.234010766805086e-02,  6.898369658617445e-02
  3.742000000000000e+01, -1.415947773626789e-01,  1.485985870954432e-02,  1.825165713488670e-01, -7.024645980997204e-02,  2.230616629500421e-02,  6.919172703112392e-02
  3.743000000000000e+01, -1.413358550971541e-01,  1.490118692743825e-02,  1.827119654909743e-01, -7.023022926117799e-02,  2.226739286899837e-02,  6.939633516319009e-02
  3.744000000000000e+01, -1.410864157746672e-01,  1.494508174172315e-02,  1.829043334286862e-01, -7.021060285470383e-02,  2.222394162429377e-02,  6.959730763341235e-02
  3.745000000000000e+01, -1.408462426533157e-01,  1.499139957548912e-02,  1.830935684675494e-01, -7.018765483693985e-02,  2.217596884290651e-02,  6.979443636327028e-02
  3.746000000000000e+01, -1.406151053651487e-01,  1.504000018785923e-02,  1.832795732194429e-01, -7.016146254895621e-02,  2.212363264042941e-02,  6.998751667747836e-02
  3.747000000000000e+01, -1.403927625463885e-01,  1.509074626001783e-02,  1.834622621178804e-01, -7.013210595271312e-02,  2.206709287360578e-02,  7.017634536117855e-02
  3.748000000000000e+01, -1.401789644885391e-01,  1.514350324022740e-02,  1.836415630947212e-01, -7.009966753174306e-02,  2.200651136447395e-02,  7.036071971601147e-02
  3.749000000000000e+01, -1.399734556675741e-01,  1.519813935803604e-02,  1.838174175410576e-01, -7.006423243294328e-02,  2.194205215073892e-02,  7.054043875358196e-02
  3.750000000000000e+01, -1.397759768975655e-01,  1.525452551017170e-02,  1.839897786201147e-01, -7.002588865621188e-02,  2.187388151689435e-02,  7.071530663802729e-02
  3.751000000000000e+01, -1.395862670033377e-01,  1.531253486029094e-02,  1.841586083825643e-01, -6.998472706517210e-02,  2.180216786338359e-02,  7.088513721779487e-02
  3.752000000000000e+01, -1.394040642696265e-01,  1.537204248866475e-02,  1.843238745498741e-01, -6.994084131217976e-02,  2.172708160718821e-02,  7.104975819300685e-02
  3.753000000000000e+01, -1.392291079300141e-01,  1.543292542809582e-02,  1.844855478459716e-01, -6.989432800428204e-02,  2.164879528738328e-02,  7.120901408610160e-02
  3.754000000000000e+01, -1.390611394909340e-01,  1.549506294839165e-02,  1.846436001026694e-01, -6.984528689268654e-02,  2.156748366623568e-02,  7.136276780372956e-02
  3.755000000000000e+01, -1.388999036696820e-01,  1.555833696685949e-02,  1.847980033497224e-01, -6.979382060532256e-02,  2.148332329467334e-02,  7.151090017871806e-02
  3.756000000000000e+01, -1.387451488890664e-01,  1.562263265376251e-02,  1.849487303624803e-01, -6.974003395820313e-02,  2.139649166299481e-02,  7.165330717498029e-02
  3.757000000000000e+01, -1.385966272832944e-01,  1.568783899138593e-02,  1.850957561027445e-01, -6.968403325060613e-02,  2.130716669213701e-02,  7.178989627221385e-02
  3.758000000000000e+01, -1.384540945330185e-01,  1.575384889171572e-02,  1.852390586127155e-01, -6.962592577274268e-02,  2.121552676872308e-02,  7.192058359582801e-02
  3.759000000000000e+01, -1.383173098653928e-01,  1.582055880176747e-02,  1.853786187639387e-01, -6.956581936965113e-02,  2.112175096396559e-02,  7.204529222518991e-02
  3.760000000000000e+01, -1.381860361519493e-01,  1.588786808747567e-02,  1.855144193024211e-01, -6.950382189701027e-02,  2.102601929993264e-02,  7.216395203987476e-02
  3.761000000000000e+01, -1.380600399514433e-01,  1.595567856844204e-02,  1.856464434142076e-01, -6.944004070157853e-02,  2.092851308296739e-02,  7.227650099274070e-02
  3.762000000000000e+01, -1.379390912182040e-01,  1.602389448904562e-02,  1.857746731600256e-01, -6.937458223487210e-02,  2.082941502764691e-02,  7.238288640984254e-02
  3.763000000000000e+01, -1.378229625487107e-01,  1.609242296005453e-02,  1.858990886548034e-01, -6.930755179342120e-02,  2.072890905234670e-02,  7.248306540544160e-02
  3.764000000000000e+01, -1.377114283895181e-01,  1.616117447637744e-02,  1.860196678212122e-01, -6.923905346437130e-02,  2.062718020384883e-02,  7.257700559908337e-02
  3.765000000000000e+01, -1.376042644119321e-01,  1.623006331166410e-02,  1.861363864838517e-01, -6.916919019405982e-02,  2.052441469091368e-02,  7.266468590077903e-02
  3.766000000000000e+01, -1.375012468144982e-01,  1.629900812605212e-02,  1.862492196458696e-01, -6.909806371765675e-02,  2.042079929838124e-02,  7.274609498906592e-02
  3.767000000000000e+01, -1.374021515754092e-01,  1.636793291898075e-02,  1.863581431071197e-01, -6.902577437402800e-02,  2.031652022847236e-02,  7.282122860554448e-02
  3.768000000000000e+01, -1.373067538145687e-01,  1.643676799063698e-02,  1.864631330960334e-01, -6.895242103051392e-02,  2.021176230453092e-02,  7.289008945596766e-02
  3.769000000000000e+01, -1.372148273427776e-01,  1.650545050896479e-02,  1.865641638186142e-01, -6.887810117003466e-02,  2.010670888887230e-02,  7.295269006248037e-02
  3.770000000000000e+01, -1.371261446032424e-01,  1.657392454830564e-02,  1.866612049677224e-01, -6.880291093519847e-02,  2.000154189815619e-02,  7.300905585551769e-02
  3.771000000000000e+01, -1.370404771331132e-01,  1.664214084867210e-02,  1.867542204007500e-01, -6.872694490504357e-02,  1.989644140036027e-02,  7.305922703010224e-02
  3.772000000000000e+01, -1.369575963291534e-01,  1.671005662157232e-02,  1.868431680238110e-01, -6.865029582005183e-02,  1.979158499180886e-02,  7.310325916743830e-02
  3.773000000000000e+01, -1.368772741747689e-01,  1.677763541030775e-02,  1.869280007353795e-01, -6.857305452534754e-02,  1.968714734082518e-02,  7.314122274806653e-02
  3.774000000000000e+01, -1.367992838169505e-01,  1.684484688517651e-02,  1.870086678165932e-01, -6.849530984209495e-02,  1.958329993159602e-02,  7.317320204910875e-02
  3.775000000000000e+01, -1.367233999837370e-01,  1.691166665487587e-02,  1.870851160784083e-01, -6.841714803171928e-02,  1.948021071409878e-02,  7.319929356559135e-02
  3.776000000000000e+01, -1.366493992235374e-01,  1.697807615157410e-02,  1.871572906047869e-01, -6.833865195744215e-02,  1.937804345744578e-02,  7.321960394413508e-02
  3.777000000000000e+01, -1.365770602217505e-01,  1.704406249716350e-02,  1.872251355704276e-01, -6.825990035267177e-02,  1.927695706476468e-02,  7.323424772072001e-02
  3.778000000000000e+01, -1.365061644890422e-01,  1.710961813872380e-02,  1.872885955962574e-01, -6.818096747581671e-02,  1.917710521455140e-02,  7.324334518943433e-02
  3.779000000000000e+01, -1.364364972790014e-01,  1.717474012099385e-02,  1.873476170375173e-01, -6.810192289447273e-02,  1.907863613533428e-02,  7.324702129529408e-02
  3.780000000000000e+01, -1.363678483784460e-01,  1.723942938695600e-02,  1.874021491868633e-01, -6.802283124106534e-02,  1.898169212140070e-02,  7.324540501040315e-02
  3.781000000000000e+01, -1.363000127273273e-01,  1.730369038938284e-02,  1.874521465062870e-01, -6.794375231207313e-02,  1.888640903792898e-02,  7.323862736283311e-02
  3.782000000000000e+01, -1.362327911322526e-01,  1.736753070322328e-02,  1.874975712785330e-01, -6.786474161795039e-02,  1.879291628110643e-02,  7.322681904005425e-02
  3.783000000000000e+01, -1.361659910717579e-01,  1.743096063053473e-02,  1.875383948568183e-01, -6.778585099067999e-02,  1.870133698745250e-02,  7.321010979595412e-02
  3.784000000000000e+01, -1.360994273894405e-01,  1.749399308164978e-02,  1.875745973785745e-01, -6.770712889850179e-02,  1.861178789309067e-02,  7.318862954433686e-02
  3.785000000000000e+01, -1.360329233359113e-01,  1.755664354777875e-02,  1.876061667957285e-01, -6.762862056138041e-02,  1.852437884862140e-02,  7.316251051924980e-02
  3.786000000000000e+01, -1.359663124052568e-01,  1.761892985624103e-02,  1.876330977668633e-01, -6.755036813206108e-02,  1.843921260046846e-02,  7.313189003753211e-02
  3.787000000000000e+01, -1.358994402031115e-01,  1.768087189053569e-02,  1.876553913108373e-01, -6.747241086140415e-02,  1.835638498188233e-02,  7.309691149607889e-02
  3.788000000000000e+01, -1.358321655671048e-01,  1.774249161561570e-02,  1.876730554587775e-01, -6.739478519994699e-02,  1.827598515388282e-02,  7.305772292345232e-02
  3.789000000000000e+01, -1.357643609230625e-01,  1.780381322828561e-02,  1.876861058170582e-01, -6.731752488983243e-02,  1.819809562282840e-02,  7.301447588993741e-02
  3.790000000000000e+01, -1.356959119906939e-01,  1.786486303276180e-02,  1.876945655245586e-01, -6.724066081572540e-02,  1.812279177343921e-02,  7.296732565669037e-02
  3.791000000000000e+01, -1.356267174776591e-01,  1.792566914338711e-02,  1.876984649420499e-01, -6.716422068029387e-02,  1.805014111283909e-02,  7.291643090845844e-02
  3.792000000000000e+01, -1.355566896199308e-01,  1.798626141154602e-02,  1.876978414073453e-01, -6.708822904973508e-02,  1.798020302496731e-02,  7.286195252706271e-02
  3.793000000000000e+01, -1.354857553637061e-01,  1.804667168024876e-02,  1.876927394952880e-01, -6.701270785886788e-02,  1.791302918252896e-02,  7.280405214127993e-02
  3.794000000000000e+01, -1.354138572435908e-01,  1.810693404472774e-02,  1.876832118237835e-01, -6.693767680365674e-02,  1.784866387990176e-02,  7.274289121348729e-02
  3.795000000000000e+01, -1.353409534535339e-01,  1.816708474284323e-02,  1.876693195380292e-01, -6.686315325849444e-02,  1.778714390775236e-02,  7.267863086394283e-02
  3.796000000000000e+01, -1.352670174864644e-01,  1.822716169508354e-02,  1.876511315934169e-01, -6.678915193199080e-02,  1.772849827268700e-02,  7.261143256824810e-02
  3.797000000000000e+01, -1.351920380478838e-01,  1.828720400787054e-02,  1.876287229504375e-01, -6.671568467463586e-02,  1.767274808685142e-02,  7.254145999534062e-02
  3.798000000000000e+01, -1.351160191476501e-01,  1.834725166632745e-02,  1.876021727945875e-01, -6.664276064341455e-02,  1.761990654659502e-02,  7.246888095237095e-02
  3.799000000000000e+01, -1.350389800346847e-01,  1.840734538430699e-02,  1.875715637611497e-01, -6.657038657650632e-02,  1.756997882629020e-02,  7.239386796920756e-02
  3.800000000000000e+01, -1.349609555793007e-01,  1.846752649684946e-02,  1.875369819324295e-01, -6.649856690536340e-02,  1.752296214432122e-02,  7.231659778426340e-02
  3.801000000000000e+01, -1.348819971778074e-01,  1.852783701979432e-02,  1.874985171436981e-01, -6.642730391905116e-02,  1.747884627538959e-02,  7.223725023701649e-02
  3.802000000000000e+01, -1.348021730300187e-01,  1.858831993571641e-02,  1.874562636958738e-01, -6.635659811004656e-02,  1.743761419026250e-02,  7.215600629024115e-02
  3.803000000000000e+01, -1.347215675260264e-01,  1.864901943958897e-02,  1.874103211507617e-01, -6.628644840791523e-02,  1.739924245257789e-02,  7.207304563149181e-02
  3.804000000000000e+01, -1.346402807019610e-01,  1.870998098488985e-02,  1.873607941951943e-01, -6.621685236178915e-02,  1.736370165052347e-02,  7.198854546578456e-02
  3.805000000000000e+01, -1.345584279058759e-01,  1.877125116450418e-02,  1.873077914060352e-01, -6.614780653104049e-02,  1.733095709947092e-02,  7.190268132657317e-02
  3.806000000000000e+01, -1.344761387938596e-01,  1.883287759569163e-02,  1.872514244096829e-01, -6.607930680802672e-02,  1.730096929760865e-02,  7.181562777444474e-02
  3.807000000000000e+01, -1.343935555312268e-01,  1.889490903034985e-02,  1.871918080723967e-01, -6.601134853300249e-02,  1.727369397563548e-02,  7.172755720253653e-02
  3.808000000000000e+01, -1.343108306615855e-01,  1.895739563737053e-02,  1.871290605481563e-01, -6.594392659834480e-02,  1.724908237586182e-02,  7.163863811450569e-02
  3.809000000000000e+01, -1.342281243714403e-01,  1.902038940437745e-02,  1.870633026958295e-01, -6.587703532539550e-02,  1.722708175204578e-02,  7.154903380241907e-02
  3.810000000000000e+01, -1.341456009875226e-01,  1.908394476939090e-02,  1.869946570106868e-01, -6.581066808632785e-02,  1.720763559251072e-02,  7.145890147003597e-02
  3.811000000000000e+01, -1.340634257684920e-01,  1.914811941525718e-02,  1.869232459441873e-01, -6.574481741211495e-02,  1.719068380200730e-02,  7.136839259807404e-02
  3.812000000000000e+01, -1.339817628454940e-01,  1.921297500885411e-02,  1.868491902744909e-01, -6.567947592962471e-02,  1.717616322792950e-02,  7.127765382391626e-02
  3.813000000000000e+01, -1.339007733742706e-01,  1.927857768064167e-02,  1.867726085462358e-01, -6.561463740613069e-02,  1.716400834885105e-02,  7.118682650819406e-02
  3.814000000000000e+01, -1.338206126995599e-01,  1.934499832675551e-02,  1.866936173679014e-01, -6.555029724215485e-02,  1.715415185191563e-02,  7.109604537459134e-02
  3.815000000000000e+01, -1.337414269575806e-01,  1.941231312312564e-02,  1.866123313540541e-01, -6.548645252664301e-02,  1.714652495979064e-02,  7.100543767837195e-02
  3.816000000000000e+01, -1.336633501151784e-01,  1.948060439053245e-02,  1.865288621411511e-01, -6.542310206462840e-02,  1.714105747699626e-02,  7.091512276864566e-02
  3.817000000000000e+01, -1.335865014524327e-01,  1.954996153905464e-02,  1.864433170236215e-01, -6.536024665020881e-02,  1.713767790227922e-02,  7.082521136269353e-02
  3.818000000000000e+01, -1.335109828449671e-01,  1.962048171191810e-02,  1.863557974065881e-01, -6.529788946030558e-02,  1.713631394925408e-02,  7.073580483797029e-02
  3.819000000000000e+01, -1.334368756141863e-01,  1.969226997208851e-02,  1.862663968465855e-01, -6.523603624969600e-02,  1.713689310018465e-02,  7.064699504728003e-02
  3.820000000000000e+01, -1.333642371587518e-01,  1.976543922182872e-02,  1.861751993592246e-01, -6.517469528194041e-02,  1.713934262539164e-02,  7.055886440168345e-02
  3.821000000000000e+01, -1.332930975623375e-01,  1.984011006845976e-02,  1.860822788531079e-01, -6.511387717570237e-02,  1.714358932383547e-02,  7.047148575548179e-02
  3.822000000000000e+01, -1.332234563102806e-01,  1.991641061367666e-02,  1.859876996152873e-01, -6.505359486883504e-02,  1.714955959704663e-02,  7.038492210867953e-02
  3.823000000000000e+01, -1.331546667326590e-01,  1.999458204498383e-02,  1.858917464501436e-01, -6.499361770399469e-02,  1.715726544715843e-02,  7.029866690423729e-02
  3.824000000000000e+01, -1.330877986159420e-01,  2.007456220915937e-02,  1.857940518462980e-01, -6.493445066425005e-02,  1.716648639950583e-02,  7.021380490265579e-02
  3.825000000000000e+01, -1.330221995566981e-01,  2.015659668252323e-02,  1.856948407990832e-01, -6.487586986239760e-02,  1.717721122586038e-02,  7.012988481256179e-02
  3.826000000000001e+01, -1.329577143916209e-01,  2.024083412515565e-02,  1.855941423768051e-01, -6.481789565445656e-02,  1.718936461943406e-02,  7.004693213125933e-02
  3.827000000000000e+01, -1.328941432914243e-01,  2.032742432426415e-02,  1.854919760880614e-01, -6.476054985119922e-02,  1.720287060682575e-02,  6.996496697973213e-02
  3.828000000000000e+01, -1.328312402283083e-01,  2.041651651343157e-02,  1.853883522821858e-01, -6.470385560998802e-02,  1.721765313420803e-02,  6.988400417659243e-02
  3.829000000000000e+01, -1.327687120000670e-01,  2.050825748656426e-02,  1.852832730949970e-01, -6.464783788563555e-02,  1.723363643072657e-02,  6.980405375995710e-02
  3.830000000000000e+01, -1.327062179591045e-01,  2.060278923191450e-02,  1.851767346281963e-01, -6.459252383092963e-02,  1.725074533368493e-02,  6.972512056269409e-02
  3.831000000000000e+01, -1.326433707862373e-01,  2.070024595422426e-02,  1.850687290871524e-01, -6.453794280035308e-02,  1.726890590946567e-02,  6.964720415274850e-02
  3.832000000000000e+01, -1.325799026845096e-01,  2.080071501490677e-02,  1.849589922709747e-01, -6.448416522806867e-02,  1.728791423489266e-02,  6.957077772722516e-02
  3.833000000000000e+01, -1.325150559190766e-01,  2.090436610480473e-02,  1.848479983656892e-01, -6.443115353711357e-02,  1.730794790007804e-02,  6.949491571795523e-02
  3.834000000000000e+01, -1.324484427529125e-01,  2.101126549896004e-02,  1.847355134206548e-01, -6.437897374895753e-02,  1.732882390974728e-02,  6.942003863977124e-02
  3.835000000000000e+01, -1.323795174160531e-01,  2.112148486230980e-02,  1.846215376232734e-01, -6.432766064916619e-02,  1.735048024293125e-02,  6.934612452872595e-02
  3.836000000000000e+01, -1.323077077034700e-01,  2.123507137708858e-02,  1.845060767298216e-01, -6.427724832800681e-02,  1.737285982072743e-02,  6.927314671248701e-02
  3.837000000000000e+01, -1.322324225305398e-01,  2.135204479580199e-02,  1.843891448502159e-01, -6.422776863895444e-02,  1.739591084722194e-02,  6.920107147739482e-02
  3.838000000000000e+01, -1.321530609563001e-01,  2.147239539373680e-02,  1.842707678119940e-01, -6.417925000285160e-02,  1.741958695402898e-02,  6.912985561343854e-02
  3.839000000000000e+01, -1.320690235377471e-01,  2.159608181641803e-02,  1.841509844662072e-01, -6.413171646521001e-02,  1.744384761640597e-02,  6.905944701652181e-02
  3.840000000000000e+01, -1.319797256395489e-01,  2.172302879184773e-02,  1.840298453140732e-01, -6.408518684217954e-02,  1.746865869285128e-02,  6.898978863735615e-02
  3.841000000000000e+01, -1.318843366955482e-01,  2.185318095049049e-02,  1.839075643110402e-01, -6.403960831507245e-02,  1.749404637502294e-02,  6.892054303539673e-02
  3.842000000000000e+01, -1.317828654866520e-01,  2.198628741896402e-02,  1.837839095892259e-01, -6.399511481747296e-02,  1.751988701835393e-02,  6.885220553898952e-02
  3.843000000000000e+01, -1.316746072633208e-01,  2.212221546726822e-02,  1.836591063534552e-01, -6.395164625858715e-02,  1.754621730084107e-02,  6.878445744976076e-02
  3.844000000000000e+01, -1.315591687515079e-01,  2.226075008692252e-02,  1.835332469960365e-01, -6.390919691318792e-02,  1.757303236855401e-02,  6.871724639224877e-02
  3.845000000000000e+01, -1.314362312568297e-01,  2.240164531848277e-02,  1.834064379775947e-01, -6.386775410580595e-02,  1.760033423988509e-02,  6.865051765082938e-02
  3.846000000000000e+01, -1.313055583807005e-01,  2.254462704891780e-02,  1.832787984979795e-01, -6.382729787469613e-02,  1.762813072237921e-02,  6.858421628591298e-02
  3.847000000000000e+01, -1.311670017985636e-01,  2.268939644029544e-02,  1.831504591856061e-01, -6.378780118151696e-02,  1.765643473014376e-02,  6.851828925100398e-02
  3.848000000000000e+01, -1.310205050519856e-01,  2.283563465718208e-02,  1.830215622392624e-01, -6.374923085133090e-02,  1.768526389957656e-02,  6.845268502155941e-02
  3.849000000000000e+01, -1.308661048839715e-01,  2.298300865416536e-02,  1.828922608442958e-01, -6.371154898115672e-02,  1.771464013709419e-02,  6.838735429726210e-02
  3.850000000000000e+01, -1.307039297176243e-01,  2.313117690750244e-02,  1.827627172851635e-01, -6.367471424011323e-02,  1.774458897655582e-02,  6.832225257405516e-02
  3.851000000000000e+01, -1.305341958028514e-01,  2.327979456869733e-02,  1.826331017359794e-01, -6.363868277434255e-02,  1.777513865415594e-02,  6.825734122803775e-02
  3.852000000000000e+01, -1.303572018482343e-01,  2.342851853728134e-02,  1.825035919489303e-01, -6.360340919516055e-02,  1.780631880071726e-02,  6.819258673852575e-02
  3.853000000000000e+01, -1.301733223325930e-01,  2.357701275646495e-02,  1.823743724678883e-01, -6.356884810458328e-02,  1.783815895849532e-02,  6.812796003058952e-02
  3.854000000000000e+01, -1.299829992565790e-01,  2.372495318527901e-02,  1.822456331796651e-01, -6.353495577596453e-02,  1.787068711169790e-02,  6.806343647673495e-02
  3.855000000000000e+01, -1.297870355061387e-01,  2.387196952639670e-02,  1.821174561069141e-01, -6.350176899651559e-02,  1.790390765015321e-02,  6.799921470715688e-02
  3.856000000000000e+01, -1.295853533553620e-01,  2.401790177518714e-02,  1.819902716773176e-01, -6.346909254362283e-02,  1.793788799857053e-02,  6.793482820592314e-02
  3.857000000000000e+01, -1.293788589070133e-01,  2.416241554911314e-02,  1.818641555130412e-01, -6.343697440465032e-02,  1.797261447921279e-02,  6.787050445305694e-02
  3.858000000000000e+01, -1.291681630385055e-01,  2.430526583208725e-02,  1.817393053147062e-01, -6.340538698217039e-02,  1.800809383125251e-02,  6.780624514959860e-02
  3.859000000000000e+01, -1.289538939647398e-01,  2.444623094632625e-02,  1.816159164142989e-01, -6.337430803462094e-02,  1.804432502830304e-02,  6.774206200953559e-02
  3.860000000000000e+01, -1.287366884814915e-01,  2.458511235706951e-02,  1.814941795876492e-01, -6.334372103773515e-02,  1.808129878140222e-02,  6.767797736325233e-02
  3.861000000000000e+01, -1.285171835767747e-01,  2.472173396838673e-02,  1.813742795027994e-01, -6.331361535374645e-02,  1.811899737474968e-02,  6.761402363559280e-02
  3.862000000000000e+01, -1.282960082296075e-01,  2.485594110606182e-02,  1.812563938057888e-01, -6.328398577990405e-02,  1.815739458231061e-02,  6.755024186944474e-02
  3.863000000000000e+01, -1.280737759083696e-01,  2.498759927051908e-02,  1.811406917360478e-01, -6.325483150705229e-02,  1.819645542799140e-02,  6.748668115024144e-02
  3.864000000000000e+01, -1.278516153317580e-01,  2.511652175706880e-02,  1.810273351870824e-01, -6.322624272472122e-02,  1.823638796415610e-02,  6.742351959385903e-02
  3.865000000000000e+01, -1.276290538027717e-01,  2.524274486826394e-02,  1.809164502961807e-01, -6.319805740517860e-02,  1.827662443001674e-02,  6.736060609541727e-02
  3.866000000000000e+01, -1.274071170807659e-01,  2.536612571064611e-02,  1.808081976204831e-01, -6.317036047416577e-02,  1.831736618213139e-02,  6.729809331443454e-02
  3.867000000000000e+01, -1.271863062369740e-01,  2.548659560101507e-02,  1.807027051584517e-01, -6.314315987011489e-02,  1.835854420658433e-02,  6.723604340236725e-02
  3.868000000000000e+01, -1.269670854857639e-01,  2.560409800560404e-02,  1.806000891196935e-01, -6.311646310565494e-02,  1.840008179388118e-02,  6.717451558682980e-02
  3.869000000000000e+01, -1.267498818597550e-01,  2.571858756199030e-02,  1.805004554611685e-01, -6.309027639719254e-02,  1.844189531806273e-02,  6.711356302973930e-02
  3.870000000000000e+01, -1.265350846046624e-01,  2.583002956013991e-02,  1.804039011547214e-01, -6.306460350312587e-02,  1.848389409564832e-02,  6.705323156013102e-02
  3.871000000000000e+01, -1.263262443622631e-01,  2.593787478500942e-02,  1.803112533936007e-01, -6.303949230102947e-02,  1.852645283782527e-02,  6.699272712118089e-02
  3.872000000000000e+01, -1.261172035704282e-01,  2.604316907727267e-02,  1.802211265596104e-01, -6.301482579922027e-02,  1.856854145678546e-02,  6.693372390772631e-02
  3.873000000000000e+01, -1.259114854217904e-01,  2.614536665766320e-02,  1.801343036932601e-01, -6.299065384649634e-02,  1.861049113773564e-02,  6.687544511025874e-02
  3.874000000000000e+01, -1.257093618052684e-01,  2.624445528449382e-02,  1.800508301292534e-01, -6.296697071821496e-02,  1.865219716473553e-02,  6.681793508861829e-02
  3.875000000000000e+01, -1.255110419475679e-01,  2.634043266826214e-02,  1.799707389855309e-01, -6.294375738232870e-02,  1.869354129928585e-02,  6.676122597451588e-02
  3.876000000000001e+01, -1.253167035645080e-01,  2.643329935713257e-02,  1.798940489986883e-01, -6.292098997723264e-02,  1.873440263421711e-02,  6.670534713581638e-02
  3.877000000000000e+01, -1.251264946262562e-01,  2.652305779769981e-02,  1.798207661785459e-01, -6.289864044335139e-02,  1.877465881917784e-02,  6.665032309891600e-02
  3.878000000000000e+01, -1.249405352190880e-01,  2.660971193024886e-02,  1.797508855799369e-01, -6.287667728522611e-02,  1.881418714104734e-02,  6.659617246749321e-02
  3.879000000000000e+01, -1.247589198720259e-01,  2.669326727495802e-02,  1.796843926419522e-01, -6.285506647157499e-02,  1.885286565103836e-02,  6.654290888591807e-02
  3.880000000000000e+01, -1.245817200679766e-01,  2.677373154097373e-02,  1.796212645469338e-01, -6.283377230438897e-02,  1.889057429312739e-02,  6.649054242841193e-02
  3.881000000000000e+01, -1.244089866565457e-01,  2.685111554850717e-02,  1.795614714499094e-01, -6.281275828279083e-02,  1.892719605666563e-02,  6.643907987286922e-02
  3.882000000000000e+01, -1.242407519468466e-01,  2.692543369587241e-02,  1.795049770769181e-01, -6.279198780748206e-02,  1.896261808777122e-02,  6.638852429166571e-02
  3.883000000000000e+01, -1.240770316780116e-01,  2.699670368367268e-02,  1.794517385215425e-01, -6.277142441735646e-02,  1.899673232603723e-02,  6.633887512731383e-02
  3.884000000000000e+01, -1.239178275388180e-01,  2.706494610060051e-02,  1.794017055476996e-01, -6.275103174414158e-02,  1.902943549655450e-02,  6.629012921762881e-02
  3.885000000000000e+01, -1.237631302415060e-01,  2.713018440636739e-02,  1.793548207881854e-01, -6.273077359073538e-02,  1.906062889058620e-02,  6.624228155898751e-02
  3.886000000000000e+01, -1.236129222993566e-01,  2.719244538035070e-02,  1.793110216046975e-01, -6.271061421677278e-02,  1.909021824917909e-02,  6.619532466778540e-02
  3.887000000000000e+01, -1.234671800284408e-01,  2.725175977610284e-02,  1.792702422172890e-01, -6.269051883841867e-02,  1.911811383540349e-02,  6.614924778126625e-02
  3.888000000000000e+01, -1.233258749123710e-01,  2.730816271716496e-02,  1.792324148980445e-01, -6.267045419035999e-02,  1.914423096209543e-02,  6.610403690117926e-02
  3.889000000000000e+01, -1.231889743740066e-01,  2.736169375287512e-02,  1.791974709710270e-01, -6.265038880242857e-02,  1.916849100120565e-02,  6.605967419453654e-02
  3.890000000000000e+01, -1.230564420681841e-01,  2.741239699729636e-02,  1.791653421504374e-01, -6.263029296610756e-02,  1.919082223949510e-02,  6.601613649888793e-02
  3.891000000000000e+01, -1.229282380770060e-01,  2.746032139809107e-02,  1.791359613544299e-01, -6.261013863359605e-02,  1.921116005841295e-02,  6.597339518604872e-02
  3.892000000000000e+01, -1.228043189670311e-01,  2.750552060370048e-02,  1.791092625614175e-01, -6.258989939502901e-02,  1.922944673083603e-02,  6.593141808246405e-02
  3.893000000000000e+01, -1.226846376415340e-01,  2.754805220786793e-02,  1.790851800005333e-01, -6.256955053163256e-02,  1.924563137060131e-02,  6.589017231947515e-02
  3.894000000000000e+01, -1.225691433698653e-01,  2.758797694554493e-02,  1.790636473934503e-01, -6.254906920266791e-02,  1.925967011597140e-02,  6.584962661602903e-02
  3.895000000000000e+01, -1.224577819763397e-01,  2.762535837017066e-02,  1.790445983528646e-01, -6.252843484953452e-02,  1.927152619392686e-02,  6.580975101864027e-02
  3.896000000000000e+01, -1.223504961393917e-01,  2.766026268241051e-02,  1.790279675064551e-01, -6.250762960992502e-02,  1.928116981772179e-02,  6.577051493146087e-02
  3.897000000000000e+01, -1.222472262366356e-01,  2.769275819142303e-02,  1.790136905461071e-01, -6.248663864070637e-02,  1.928857863336468e-02,  6.573188740573661e-02
  3.898000000000000e+01, -1.221479116048902e-01,  2.772291452613351e-02,  1.790017029749337e-01, -6.246545052419836e-02,  1.929373888648063e-02,  6.569384050166338e-02
  3.899000000000000e+01, -1.220524914324819e-01,  2.775080213104753e-02,  1.789919390834151e-01, -6.244405765614852e-02,  1.929664620168709e-02,  6.565635231097859e-02
  3.900000000000000e+01, -1.219609048541185e-01,  2.777649225506273e-02,  1.789843318752752e-01, -6.242245639576545e-02,  1.929730538770648e-02,  6.561940780122556e-02
  3.901000000000001e+01, -1.218730905736764e-01,  2.780005699844157e-02,  1.789788131862156e-01, -6.240064696942760e-02,  1.929573000690545e-02,  6.558299883212952e-02
  3.902000000000000e+01, -1.217889866789708e-01,  2.782156907495748e-02,  1.789753133314509e-01, -6.237863325694754e-02,  1.929194227475332e-02,  6.554712430509906e-02
  3.903000000000000e+01, -1.217085308312695e-01,  2.784110158722153e-02,  1.789737603299476e-01, -6.235642262696760e-02,  1.928597311513199e-02,  6.551178999694700e-02
  3.904000000000000e+01, -1.216316604619638e-01,  2.785872801185607e-02,  1.789740790621387e-01, -6.233402584323153e-02,  1.927786224520141e-02,  6.547700816320741e-02
  3.905000000000000e+01, -1.215583126450070e-01,  2.787452211204999e-02,  1.789761907243194e-01, -6.231145697611988e-02,  1.926765831741551e-02,  6.544279732741844e-02
  3.906000000000000e+01, -1.214884235613765e-01,  2.788855776595889e-02,  1.789800126047271e-01, -6.228873326034759e-02,  1.925541898534109e-02,  6.540918158108924e-02
  3.907000000000000e+01, -1.214219277158452e-01,  2.790090912962429e-02,  1.789854581886413e-01, -6.226587486171857e-02,  1.924121072108104e-02,  6.537618844735534e-02
  3.908000000000000e+01, -1.213587571670117e-01,  2.791165123153672e-02,  1.789924377351131e-01, -6.224290471975879e-02,  1.922510835217580e-02,  6.534384586446004e-02
  3.909000000000000e+01, -1.212988408259684e-01,  2.792086045503606e-02,  1.790008586001851e-01, -6.221984854246890e-02,  1.920719460501114e-02,  6.531218033620131e-02
  3.910000000000000e+01, -1.212421038720605e-01,  2.792861442200922e-02,  1.790106244895733e-01, -6.219673466800656e-02,  1.918756008965971e-02,  6.528121733734392e-02
  3.911000000000000e+01, -1.211884675984217e-01,  2.793499156515411e-02,  1.790216346435990e-01, -6.217359379898708e-02,  1.916630362464360e-02,  6.525098244119380e-02
  3.912000000000000e+01, -1.211378497215676e-01,  2.794007087525352e-02,  1.790337842088352e-01, -6.215045895378166e-02,  1.914353231592866e-02,  6.522150133548567e-02
  3.913000000000000e+01, -1.210901647947878e-01,  2.794393168034670e-02,  1.790469651694784e-01, -6.212736559036288e-02,  1.911936120524366e-02,  6.519279913501234e-02
  3.914000000000000e+01, -1.210453247386523e-01,  2.794665322996637e-02,  1.790610668346781e-01, -6.210435179621585e-02,  1.909391286553713e-02,  6.516490043130542e-02
  3.915000000000000e+01, -1.210032397576408e-01,  2.794831434134304e-02,  1.790759757733394e-01, -6.208145860939603e-02,  1.906731706698286e-02,  6.513783022463231e-02
  3.916000000000000e+01, -1.209638195228896e-01,  2.794899333989398e-02,  1.790915755040428e-01, -6.205873016637247e-02,  1.903971015664993e-02,  6.511161432704157e-02
  3.917000000000000e+01, -1.209269743243357e-01,  2.794876817194170e-02,  1.791077465180791e-01, -6.203621341040955e-02,  1.901123415556573e-02,  6.508627847968308e-02
  3.918000000000000e+01, -1.208926157784450e-01,  2.794771643771576e-02,  1.791243668648410e-01, -6.201395759206579e-02,  1.898203604263090e-02,  6.506184749144213e-02
  3.919000000000000e+01, -1.208606564821084e-01,  2.794591521199075e-02,  1.791413132211475e-01, -6.199201374482618e-02,  1.895226724326306e-02,  6.503834516092354e-02
  3.920000000000000e+01, -1.208310088182203e-01,  2.794344081359168e-02,  1.791584626918072e-01, -6.197043418273737e-02,  1.892208290105563e-02,  6.501579354639543e-02
  3.921000000000000e+01, -1.208035841980814e-01,  2.794036885082818e-02,  1.791756951031322e-01, -6.194927217944727e-02,  1.889164083933212e-02,  6.499421091910555e-02
  3.922000000000000e+01, -1.207782935633474e-01,  2.793677464082833e-02,  1.791928950592732e-01, -6.192858173903577e-02,  1.886110035136586e-02,  6.497360973007056e-02
  3.923000000000000e+01, -1.207550486305795e-01,  2.793273389121875e-02,  1.792099537412386e-01, -6.190841729715684e-02,  1.883062090820193e-02,  6.495399503212378e-02
  3.924000000000000e+01, -1.207337628298175e-01,  2.792832328103789e-02,  1.792267702323993e-01, -6.188883346940108e-02,  1.880036120467716e-02,  6.493536352083053e-02
  3.925000000000000e+01, -1.207143515100104e-01,  2.792362026801065e-02,  1.792432513513088e-01, -6.186988468818016e-02,  1.877047887026806e-02,  6.491770496831842e-02
  3.926000000000001e+01, -1.206967317833309e-01,  2.791870214401593e-02,  1.792593106128151e-01, -6.185162443428225e-02,  1.874113015875076e-02,  6.490100554270153e-02
  3.927000000000000e+01, -1.206808222610861e-01,  2.791364517532502e-02,  1.792748682570691e-01, -6.183410424718697e-02,  1.871246873409017e-02,  6.488524971446068e-02
  3.928000000000000e+01, -1.206665425259588e-01,  2.790852411393541e-02,  1.792898524376828e-01, -6.181737282087742e-02,  1.868464380370661e-02,  6.487041985478713e-02
  3.929000000000000e+01, -1.206538123370152e-01,  2.790341155074327e-02,  1.793042000359140e-01, -6.180147527535176e-02,  1.865779857569078e-02,  6.485649581563506e-02
  3.930000000000000e+01, -1.206425504264523e-01,  2.789837663627059e-02,  1.793178559514358e-01, -6.178645252705252e-02,  1.863206936913931e-02,  6.484345662729955e-02
  3.931000000000000e+01, -1.206326728611754e-01,  2.789348341805553e-02,  1.793307712540166e-01, -6.177234074155403e-02,  1.860758472159154e-02,  6.483128352973001e-02
  3.932000000000000e+01, -1.206248425937130e-01,  2.788869926292414e-02,  1.793434052545656e-01, -6.175963380132798e-02,  1.858486685165541e-02,  6.481939333842279e-02
  3.933000000000000e+01, -1.206174227084198e-01,  2.788425280670204e-02,  1.793546972011500e-01, -6.174740848410321e-02,  1.856320239224912e-02,  6.480892798213216e-02
  3.934000000000000e+01, -1.206110942363208e-01,  2.788010738186952e-02,  1.793651170189683e-01, -6.173616337703595e-02,  1.854309243894442e-02,  6.479931452376975e-02
  3.935000000000000e+01, -1.206057849937863e-01,  2.787629397039049e-02,  1.793746565502324e-01, -6.172592477815387e-02,  1.852463044486090e-02,  6.479052415191545e-02
  3.936000000000000e+01, -1.206014026430803e-01,  2.787284167862514e-02,  1.793833001347463e-01, -6.171670392547220e-02,  1.850788248490769e-02,  6.478254743436079e-02
  3.937000000000000e+01, -1.205978533460485e-01,  2.786977176625394e-02,  1.793910391295600e-01, -6.170850489611179e-02,  1.849289660865287e-02,  6.477537575838366e-02
  3.938000000000000e+01, -1.205950421042814e-01,  2.786709664201092e-02,  1.793978713877339e-01, -6.170132359311408e-02,  1.847970103595014e-02,  6.476900189669384e-02
  3.939000000000000e+01, -1.205928729266030e-01,  2.786481908571292e-02,  1.794038006528090e-01, -6.169514608286103e-02,  1.846830110669740e-02,  6.476342075671336e-02
  3.940000000000001e+01, -1.205912638788036e-01,  2.786294549372292e-02,  1.794088045503012e-01, -6.168997942301431e-02,  1.845873707045022e-02,  6.475865747142930e-02
  3.941000000000000e+01, -1.205900983731617e-01,  2.786143587465917e-02,  1.794129540051168e-01, -6.168573621183216e-02,  1.845086438768509e-02,  6.475466060957698e-02
  3.942000000000000e+01, -1.205892373411317e-01,  2.786019384411564e-02,  1.794164593499810e-01, -6.168219169121065e-02,  1.844427181787217e-02,  6.475125022675719e-02
