Main.Studies.MarkerTracking.t,Main.Studies.MarkerTracking.JointAngleOutputs.OutputFile_LeftLeg.HipFlexion,Main.Studies.MarkerTracking.JointAngleOutputs.OutputFile_LeftLeg.HipAbduction,Main.Studies.MarkerTracking.JointAngleOutputs.OutputFile_LeftLeg.HipExternalRotation,Main.Studies.MarkerTracking.JointAngleOutputs.OutputFile_LeftLeg.KneeFlexion,Main.Studies.MarkerTracking.JointAngleOutputs.OutputFile_LeftLeg.AnklePlantarFlexion,Main.Studies.MarkerTracking.JointAngleOutputs.OutputFile_LeftLeg.SubTalarEversion
  1.350000000000000e+01, -6.268085024601856e-02,  1.309152040144961e-01,  1.864545324800496e-01, -6.781351434961000e-02,  5.288759471740540e-02,  2.823067320492765e-01
  1.351000000000000e+01, -6.058985725473824e-02,  1.306439323586848e-01,  1.860907597528545e-01, -6.717518468244381e-02,  5.288327261962408e-02,  2.820827643587984e-01
  1.352000000000000e+01, -5.845140597779733e-02,  1.303744776106985e-01,  1.857317480862350e-01, -6.655124963339114e-02,  5.287810917104698e-02,  2.818387911335555e-01
  1.353000000000000e+01, -5.626355240303397e-02,  1.301078835136540e-01,  1.853629235028811e-01, -6.595500152490548e-02,  5.287933548240676e-02,  2.815991769742283e-01
  1.354000000000000e+01, -5.401823355903666e-02,  1.298447131627791e-01,  1.849879810971880e-01, -6.538738504047890e-02,  5.288477183500316e-02,  2.813559802467910e-01
  1.355000000000000e+01, -5.171689020447656e-02,  1.295852966180027e-01,  1.846074363043206e-01, -6.484949040383550e-02,  5.289448788217264e-02,  2.811092756502617e-01
  1.356000000000000e+01, -4.935868867260578e-02,  1.293300773224102e-01,  1.842214177197684e-01, -6.434323587827709e-02,  5.290855714650532e-02,  2.808591432252099e-01
  1.357000000000000e+01, -4.694272480924858e-02,  1.290795023843001e-01,  1.838300041285691e-01, -6.387052313763902e-02,  5.292705408229760e-02,  2.806057324265746e-01
  1.358000000000000e+01, -4.446801626556035e-02,  1.288340226799147e-01,  1.834332161322598e-01, -6.343322832350048e-02,  5.295005452521694e-02,  2.803492702635805e-01
  1.359000000000000e+01, -4.193349567121803e-02,  1.285940928978602e-01,  1.830310063424048e-01, -6.303319336362236e-02,  5.297763707701525e-02,  2.800900718075290e-01
  1.360000000000000e+01, -3.933800363551077e-02,  1.283601709656006e-01,  1.826232495567682e-01, -6.267221698222249e-02,  5.300988491022003e-02,  2.798285504046518e-01
  1.361000000000000e+01, -3.668028185513662e-02,  1.281327168457957e-01,  1.822097325826950e-01, -6.235204540182865e-02,  5.304688794792002e-02,  2.795652277831372e-01
  1.362000000000000e+01, -3.395896642833056e-02,  1.279121912117356e-01,  1.817901431567401e-01, -6.207436286719928e-02,  5.308874542366623e-02,  2.793007452539006e-01
  1.363000000000000e+01, -3.117258092165393e-02,  1.276990545984160e-01,  1.813640578475608e-01, -6.184078207940485e-02,  5.313556886342592e-02,  2.790358766869575e-01
  1.364000000000000e+01, -2.831952887397669e-02,  1.274937673166952e-01,  1.809309290464130e-01, -6.165283460930018e-02,  5.318748534417239e-02,  2.787715423857685e-01
  1.365000000000000e+01, -2.539808629325292e-02,  1.272967899304196e-01,  1.804900716769381e-01, -6.151196153115603e-02,  5.324464088968867e-02,  2.785088225859033e-01
  1.366000000000000e+01, -2.240639486466308e-02,  1.271085838896471e-01,  1.800406506958050e-01, -6.141950437786071e-02,  5.330720423182879e-02,  2.782489707979250e-01
  1.367000000000000e+01, -1.934245572204933e-02,  1.269296121086860e-01,  1.795816697219929e-01, -6.137669622427112e-02,  5.337537116380081e-02,  2.779934280481519e-01
  1.368000000000000e+01, -1.620412329000690e-02,  1.267603393926031e-01,  1.791119605443839e-01, -6.138465284171055e-02,  5.344936931128492e-02,  2.777438377380531e-01
  1.369000000000000e+01, -1.298909920801459e-02,  1.266012324926105e-01,  1.786301735996221e-01, -6.144436405111524e-02,  5.352946311588935e-02,  2.775020600078361e-01
  1.370000000000000e+01, -9.694926708872066e-03,  1.264527597204874e-01,  1.781347697254854e-01, -6.155668519479667e-02,  5.361595893740272e-02,  2.772701844656213e-01
  1.371000000000000e+01, -6.318985695327435e-03,  1.263153905031460e-01,  1.776240131673481e-01, -6.172232850418921e-02,  5.370921011543297e-02,  2.770505404079261e-01
  1.372000000000000e+01, -2.858488343911428e-03,  1.261895950855032e-01,  1.770959655367941e-01, -6.194185428076937e-02,  5.380962193463085e-02,  2.768457050886382e-01
  1.373000000000000e+01,  6.895250951063031e-04,  1.260758439726422e-01,  1.765484809063476e-01, -6.221566182404029e-02,  5.391765646778593e-02,  2.766585104964727e-01
  1.374000000000000e+01,  4.328190425018835e-03,  1.259746069706673e-01,  1.759792026362959e-01, -6.254398003327696e-02,  5.403383728081375e-02,  2.764920479065716e-01
  1.375000000000000e+01,  8.060823628624514e-03,  1.258863523638647e-01,  1.753855620743664e-01, -6.292685781025315e-02,  5.415875428637405e-02,  2.763496702871667e-01
  1.376000000000000e+01,  1.189092508900500e-02,  1.258115463979106e-01,  1.747647787863010e-01, -6.336415443566724e-02,  5.429306908023681e-02,  2.762349932267009e-01
  1.377000000000000e+01,  1.582218360694049e-02,  1.257506525435768e-01,  1.741138621204724e-01, -6.385552996633512e-02,  5.443752082102635e-02,  2.761518941474111e-01
  1.378000000000000e+01,  1.985847967088071e-02,  1.257041301760236e-01,  1.734296148598827e-01, -6.440043567809889e-02,  5.459293257130739e-02,  2.761045086206568e-01
  1.379000000000000e+01,  2.400388787335060e-02,  1.256724326327638e-01,  1.727086404119297e-01, -6.499810458738395e-02,  5.476021807812471e-02,  2.760972221512478e-01
  1.380000000000000e+01,  2.826267872450421e-02,  1.256560048388484e-01,  1.719473540717081e-01, -6.564754208682178e-02,  5.494038898926835e-02,  2.761346566592297e-01
  1.381000000000000e+01,  3.263931978887584e-02,  1.256552810759286e-01,  1.711419976490436e-01, -6.634751670922202e-02,  5.513456211679174e-02,  2.762216520669158e-01
  1.382000000000000e+01,  3.713847549155797e-02,  1.256706830891501e-01,  1.702886569352709e-01, -6.709655095390378e-02,  5.534396616778755e-02,  2.763632433684556e-01
  1.383000000000000e+01,  4.176500471388767e-02,  1.257026177831955e-01,  1.693832825347790e-01, -6.789291201840866e-02,  5.556994768418747e-02,  2.765646325559892e-01
  1.384000000000000e+01,  4.652395548862127e-02,  1.257514737797558e-01,  1.684217150463125e-01, -6.873460239645339e-02,  5.581397585425554e-02,  2.768311533473609e-01
  1.385000000000000e+01,  5.142055634067386e-02,  1.258176168120182e-01,  1.673997152494313e-01, -6.961935070602797e-02,  5.607764569724551e-02,  2.771682263200962e-01
  1.386000000000000e+01,  5.646020372733217e-02,  1.259013841316459e-01,  1.663129993355599e-01, -7.054460325269354e-02,  5.636267958840985e-02,  2.775813043086263e-01
  1.387000000000000e+01,  6.164844484027161e-02,  1.260030779694197e-01,  1.651572789165011e-01, -7.150751648736603e-02,  5.667092721716065e-02,  2.780758101527845e-01
  1.388000000000000e+01,  6.699095546519900e-02,  1.261229581001113e-01,  1.639283067780751e-01, -7.250495039023551e-02,  5.700436385881811e-02,  2.786570672133199e-01
  1.389000000000000e+01,  7.249351285522843e-02,  1.262612334132176e-01,  1.626219302031485e-01, -7.353346319386381e-02,  5.736508724789487e-02,  2.793302211475012e-01
  1.390000000000000e+01,  7.816196250173159e-02,  1.264180521881877e-01,  1.612341513247288e-01, -7.458930797563015e-02,  5.775531307560589e-02,  2.801001528784822e-01
  1.391000000000000e+01,  8.399637926598666e-02,  1.265940036971396e-01,  1.597488259632048e-01, -7.567409204855148e-02,  5.818358569318977e-02,  2.809956157135977e-01
  1.392000000000000e+01,  9.001476551903012e-02,  1.267880872208746e-01,  1.581873322984235e-01, -7.677190384901410e-02,  5.863979841868203e-02,  2.819719582434616e-01
  1.393000000000000e+01,  9.621649710926569e-02,  1.270006760311557e-01,  1.565341140407183e-01, -7.788396405147040e-02,  5.913275682688001e-02,  2.830569950817104e-01
  1.394000000000000e+01,  1.026071596862703e-01,  1.272315588839157e-01,  1.547864337307772e-01, -7.900535199753841e-02,  5.966507724901942e-02,  2.842536119812969e-01
  1.395000000000000e+01,  1.091921189374040e-01,  1.274803987073960e-01,  1.529421228377482e-01, -8.013085222877224e-02,  6.023940306865830e-02,  2.855637712551950e-01
  1.396000000000000e+01,  1.159764099319595e-01,  1.277467214897654e-01,  1.509996070628102e-01, -8.125499871836880e-02,  6.085840937293183e-02,  2.869884954838622e-01
  1.397000000000000e+01,  1.229646285408790e-01,  1.280299026413223e-01,  1.489579858263688e-01, -8.237210587516516e-02,  6.152477899270679e-02,  2.885277483713953e-01
  1.398000000000000e+01,  1.301608060304270e-01,  1.283291533965478e-01,  1.468171136658082e-01, -8.347631008715369e-02,  6.224117693584828e-02,  2.901803194519761e-01
  1.399000000000000e+01,  1.375682682857448e-01,  1.286435081542134e-01,  1.445776791706645e-01, -8.456162202551755e-02,  6.301022324638035e-02,  2.919437183647031e-01
  1.400000000000000e+01,  1.451894811657091e-01,  1.289718137350206e-01,  1.422412773432066e-01, -8.562198991410894e-02,  6.383446420189190e-02,  2.938140841193064e-01
  1.401000000000000e+01,  1.530258829988666e-01,  1.293127212755953e-01,  1.398104724030969e-01, -8.665137438058539e-02,  6.471634243297249e-02,  2.957861136045603e-01
  1.402000000000000e+01,  1.610777064935683e-01,  1.296646817946319e-01,  1.372888489190646e-01, -8.764383495433122e-02,  6.565816705911885e-02,  2.978530135033616e-01
  1.403000000000000e+01,  1.693437936886194e-01,  1.300259465915565e-01,  1.346810476751055e-01, -8.859362779568242e-02,  6.666208471777500e-02,  3.000064827533944e-01
  1.404000000000000e+01,  1.778205485158966e-01,  1.303939660142568e-01,  1.320033380036191e-01, -8.949234169034385e-02,  6.772533104826409e-02,  3.022169392899912e-01
  1.405000000000000e+01,  1.865039199501498e-01,  1.307678650955919e-01,  1.292414600967269e-01, -9.034118627976383e-02,  6.885923806986921e-02,  3.045129503015196e-01
  1.406000000000000e+01,  1.953875680356378e-01,  1.311447155063752e-01,  1.264137777612799e-01, -9.113247734137131e-02,  7.006044793974801e-02,  3.068619312647751e-01
  1.407000000000000e+01,  2.044629301714009e-01,  1.315220807504240e-01,  1.235290727111621e-01, -9.186241662205784e-02,  7.133021425107555e-02,  3.092501995445153e-01
  1.408000000000000e+01,  2.137192504783555e-01,  1.318974060867486e-01,  1.205970309792765e-01, -9.252798414071260e-02,  7.266951527736640e-02,  3.116630665216079e-01
  1.409000000000000e+01,  2.231435022127132e-01,  1.322680521761668e-01,  1.176281217613584e-01, -9.312705209449622e-02,  7.407905056963411e-02,  3.140850881762118e-01
  1.410000000000000e+01,  2.327203642770082e-01,  1.326313328347088e-01,  1.146334621037804e-01, -9.365848046539925e-02,  7.555923578855778e-02,  3.165003284559161e-01
  1.411000000000000e+01,  2.424322586572313e-01,  1.329845562909557e-01,  1.116246600865358e-01, -9.412219165012865e-02,  7.711020127439609e-02,  3.188926459537072e-01
  1.412000000000000e+01,  2.522594556172669e-01,  1.333250679206559e-01,  1.086136408432951e-01, -9.451921866793445e-02,  7.873179437152865e-02,  3.212459935788590e-01
  1.413000000000000e+01,  2.621802510128732e-01,  1.336502923313030e-01,  1.056124614892919e-01, -9.485172295843348e-02,  8.042358519617804e-02,  3.235447203790039e-01
  1.414000000000000e+01,  2.721618765104820e-01,  1.339582211620756e-01,  1.026325138223715e-01, -9.512527267808443e-02,  8.218671508425068e-02,  3.257772190605772e-01
  1.415000000000000e+01,  2.821961421869244e-01,  1.342456994543819e-01,  9.968713320081356e-02, -9.533998610616276e-02,  8.401667921642357e-02,  3.279224654916931e-01
  1.416000000000000e+01,  2.922496333262369e-01,  1.345110151669020e-01,  9.678672295270412e-02, -9.550314555929511e-02,  8.591399333553754e-02,  3.299712631480026e-01
  1.417000000000000e+01,  3.022959234004771e-01,  1.347522542597563e-01,  9.394203951519979e-02, -9.562090735781036e-02,  8.787720821309995e-02,  3.319121573496847e-01
  1.418000000000000e+01,  3.123084821349402e-01,  1.349677228309623e-01,  9.116312248479250e-02, -9.570012629892238e-02,  8.990463885085068e-02,  3.337351950049049e-01
  1.419000000000000e+01,  3.222551547815759e-01,  1.351560910865950e-01,  8.846062057562830e-02, -9.574932422776021e-02,  9.199458297214812e-02,  3.354305492035110e-01
  1.420000000000000e+01,  3.321215910905780e-01,  1.353158758624411e-01,  8.584007670036874e-02, -9.577419256186985e-02,  9.414456102351726e-02,  3.369943639900658e-01
  1.421000000000000e+01,  3.418787980341093e-01,  1.354461689234832e-01,  8.331013901328990e-02, -9.578353531243020e-02,  9.635233633105840e-02,  3.384200456122647e-01
  1.422000000000000e+01,  3.515045178504543e-01,  1.355461627961492e-01,  8.087714482620491e-02, -9.578521425945302e-02,  9.861531690333389e-02,  3.397039650885531e-01
  1.423000000000000e+01,  3.609785606773280e-01,  1.356152448367607e-01,  7.854644502152558e-02, -9.578689462068470e-02,  1.009306867668634e-01,  3.408439175287297e-01
  1.424000000000000e+01,  3.702830873911969e-01,  1.356529792388295e-01,  7.632242778523025e-02, -9.579589076614435e-02,  1.032954085202538e-01,  3.418389927153154e-01
  1.425000000000000e+01,  3.794028200657354e-01,  1.356590871198162e-01,  7.420855786906476e-02, -9.581903402769035e-02,  1.057062288674645e-01,  3.426894318169152e-01
  1.426000000000000e+01,  3.883251774305183e-01,  1.356334260126788e-01,  7.220742843813663e-02, -9.586256486180046e-02,  1.081596871423701e-01,  3.433964778642926e-01
  1.427000000000000e+01,  3.970403351081373e-01,  1.355759704895636e-01,  7.032082288699223e-02, -9.593205059224877e-02,  1.106521267553632e-01,  3.439622257991899e-01
  1.428000000000000e+01,  4.055412131289957e-01,  1.354867950496290e-01,  6.854978346129399e-02, -9.603232967680536e-02,  1.131797103547774e-01,  3.443894784722938e-01
  1.429000000000000e+01,  4.138233980274078e-01,  1.353660592626449e-01,  6.689468320160062e-02, -9.616748170304772e-02,  1.157384386645764e-01,  3.446816129761689e-01
  1.430000000000000e+01,  4.218850086371137e-01,  1.352139947420392e-01,  6.535529853343768e-02, -9.634082058520232e-02,  1.183241714233372e-01,  3.448424582754330e-01
  1.431000000000000e+01,  4.297265138567179e-01,  1.350308940664635e-01,  6.393088102869139e-02, -9.655490809103796e-02,  1.209326497346113e-01,  3.448761849271982e-01
  1.432000000000000e+01,  4.373505124306128e-01,  1.348171021082591e-01,  6.262022612311401e-02, -9.681158481289780e-02,  1.235595207519122e-01,  3.447872109040499e-01
  1.433000000000000e+01,  4.447614875492431e-01,  1.345730099553275e-01,  6.142173581027112e-02, -9.711201479713609e-02,  1.262003645596641e-01,  3.445801267495935e-01
  1.434000000000000e+01,  4.519655477637455e-01,  1.342990508734148e-01,  6.033347444483975e-02, -9.745673919571962e-02,  1.288507214518931e-01,  3.442596378800378e-01
  1.435000000000000e+01,  4.589701623900140e-01,  1.339956975600738e-01,  5.935321842826660e-02, -9.784573545399114e-02,  1.315061185235292e-01,  3.438305201522256e-01
  1.436000000000000e+01,  4.657771114066309e-01,  1.336635557582848e-01,  5.847957861817761e-02, -9.827975005150413e-02,  1.341626281608377e-01,  3.432967915732395e-01
  1.437000000000000e+01,  4.724094711856002e-01,  1.333029843437838e-01,  5.770772724200635e-02, -9.875524931092333e-02,  1.368147524416850e-01,  3.426648318729330e-01
  1.438000000000000e+01,  4.788704169214031e-01,  1.329146692367340e-01,  5.703590444783754e-02, -9.927220186361317e-02,  1.394586708981677e-01,  3.419386929150873e-01
  1.439000000000000e+01,  4.851703247981796e-01,  1.324992377441234e-01,  5.646115246657295e-02, -9.982897371548137e-02,  1.420901092159429e-01,  3.411231559914857e-01
  1.440000000000000e+01,  4.913197413857766e-01,  1.320573528888724e-01,  5.598041601130618e-02, -1.004236827662393e-01,  1.447049001662761e-01,  3.402229654647402e-01
  1.441000000000000e+01,  4.973292012361302e-01,  1.315897111988913e-01,  5.559056806349754e-02, -1.010542525439165e-01,  1.472990031366314e-01,  3.392428203255911e-01
  1.442000000000000e+01,  5.032090684788407e-01,  1.310970411887793e-01,  5.528843171781901e-02, -1.017184596419968e-01,  1.498685209721853e-01,  3.381873669527204e-01
  1.443000000000000e+01,  5.089694026677889e-01,  1.305801017118611e-01,  5.507079756894948e-02, -1.024139747753602e-01,  1.524097141624626e-01,  3.370611956148881e-01
  1.444000000000000e+01,  5.146198494066245e-01,  1.300396798947820e-01,  5.493443676334826e-02, -1.031383973196626e-01,  1.549190119817384e-01,  3.358688407624891e-01
  1.445000000000000e+01,  5.201695542398037e-01,  1.294765899944725e-01,  5.487611216323723e-02, -1.038892835631276e-01,  1.573930200764846e-01,  3.346147813335451e-01
  1.446000000000000e+01,  5.256270969727534e-01,  1.288916742091122e-01,  5.489258989002128e-02, -1.046641696973298e-01,  1.598285252600553e-01,  3.333034383737047e-01
  1.447000000000000e+01,  5.310004437916457e-01,  1.282858047762725e-01,  5.498065031289490e-02, -1.054605910429604e-01,  1.622224991078382e-01,  3.319391702705903e-01
  1.448000000000000e+01,  5.362969145124752e-01,  1.276598860853893e-01,  5.513709632797922e-02, -1.062760988020548e-01,  1.645721006962190e-01,  3.305262680578360e-01
  1.449000000000000e+01,  5.415231624646737e-01,  1.270148560797482e-01,  5.535875833555368e-02, -1.071082748715307e-01,  1.668746777579316e-01,  3.290689534671262e-01
  1.450000000000000e+01,  5.466851651583142e-01,  1.263516870560992e-01,  5.564249659510513e-02, -1.079547446733879e-01,  1.691277666685516e-01,  3.275713787727065e-01
  1.451000000000000e+01,  5.517911683679243e-01,  1.256711822558052e-01,  5.598498513930240e-02, -1.088127275272966e-01,  1.713288707881536e-01,  3.260379689747110e-01
  1.452000000000000e+01,  5.568396517254168e-01,  1.249747789727016e-01,  5.638365531545824e-02, -1.096809297204992e-01,  1.734763683815529e-01,  3.244719787379748e-01
  1.453000000000000e+01,  5.618378131686418e-01,  1.242633585473709e-01,  5.683516074497753e-02, -1.105566573409398e-01,  1.755681216266065e-01,  3.228777462278897e-01
  1.454000000000000e+01,  5.667889949037960e-01,  1.235380216025552e-01,  5.733647904573483e-02, -1.114377958040451e-01,  1.776024245888725e-01,  3.212591192842269e-01
  1.455000000000000e+01,  5.716959296882157e-01,  1.227998915613562e-01,  5.788461299282845e-02, -1.123223045419393e-01,  1.795777582297550e-01,  3.196198628554925e-01
  1.456000000000000e+01,  5.765607728315858e-01,  1.220501101543838e-01,  5.847658803275875e-02, -1.132082155611537e-01,  1.814927867079137e-01,  3.179636574589866e-01
  1.457000000000000e+01,  5.813851372112344e-01,  1.212898342145485e-01,  5.910945085652966e-02, -1.140936309260796e-01,  1.833463525362044e-01,  3.162940963205918e-01
  1.458000000000000e+01,  5.861701301512962e-01,  1.205202336645108e-01,  5.978026903545458e-02, -1.149767196230698e-01,  1.851374703682903e-01,  3.146146808098797e-01
  1.459000000000000e+01,  5.909163910243838e-01,  1.197424905402571e-01,  6.048613126408595e-02, -1.158557142279818e-01,  1.868653198739848e-01,  3.129288144730243e-01
  1.460000000000000e+01,  5.956241290319153e-01,  1.189577985537835e-01,  6.122414753799236e-02, -1.167289080010438e-01,  1.885292386213134e-01,  3.112397981225088e-01
  1.461000000000000e+01,  6.002931611384950e-01,  1.181673622989430e-01,  6.199144843875518e-02, -1.175946530806691e-01,  1.901287152539310e-01,  3.095508291311967e-01
  1.462000000000000e+01,  6.049229497815855e-01,  1.173723955385426e-01,  6.278518346965307e-02, -1.184513604428757e-01,  1.916633829006434e-01,  3.078650047573977e-01
  1.463000000000000e+01,  6.095126395544849e-01,  1.165741185796685e-01,  6.360251943169243e-02, -1.192975020753017e-01,  1.931330136405798e-01,  3.061853267157978e-01
  1.464000000000000e+01,  6.140610926938500e-01,  1.157737550346825e-01,  6.444064020273080e-02, -1.201316152355012e-01,  1.945375149886074e-01,  3.045147050123886e-01
  1.465000000000000e+01,  6.185669238697644e-01,  1.149725284186207e-01,  6.529674906836902e-02, -1.209523078696590e-01,  1.958769277363279e-01,  3.028559591361404e-01
  1.466000000000000e+01,  6.230285343902824e-01,  1.141716588637001e-01,  6.616807395090191e-02, -1.217582638612637e-01,  1.971514235049144e-01,  3.012118140986843e-01
  1.467000000000000e+01,  6.274441452795281e-01,  1.133723598587659e-01,  6.705187476781609e-02, -1.225482471586885e-01,  1.983613011102526e-01,  2.995848915639382e-01
  1.468000000000000e+01,  6.318118286017264e-01,  1.125758347406176e-01,  6.794545118935068e-02, -1.233211047560138e-01,  1.995069820694104e-01,  2.979777004797515e-01
  1.469000000000000e+01,  6.361295367495354e-01,  1.117832725867531e-01,  6.884614950705097e-02, -1.240757690242733e-01,  2.005890061214801e-01,  2.963926302058345e-01
  1.470000000000000e+01,  6.403951302892286e-01,  1.109958432416447e-01,  6.975136912691969e-02, -1.248112591853463e-01,  2.016080269349016e-01,  2.948319442999500e-01
  1.471000000000000e+01,  6.446064057350228e-01,  1.102146915670348e-01,  7.065856935986524e-02, -1.255266809418993e-01,  2.025648073739257e-01,  2.932977744928916e-01
  1.472000000000000e+01,  6.487611241406395e-01,  1.094409313127909e-01,  7.156527596858035e-02, -1.262212236199171e-01,  2.034602139601846e-01,  2.917921172906514e-01
  1.473000000000000e+01,  6.528570403024936e-01,  1.086756387982830e-01,  7.246908722784129e-02, -1.268941549429590e-01,  2.042952108359467e-01,  2.903168322762475e-01
  1.474000000000000e+01,  6.568919319571971e-01,  1.079198462951385e-01,  7.336768002140064e-02, -1.275448140719922e-01,  2.050708539674503e-01,  2.888736394315765e-01
  1.475000000000000e+01,  6.608636283457753e-01,  1.071745355902909e-01,  7.425881588088654e-02, -1.281726039672705e-01,  2.057882862051481e-01,  2.874641171136267e-01
  1.476000000000000e+01,  6.647698437789872e-01,  1.064403089108745e-01,  7.514057927550714e-02, -1.287772630485518e-01,  2.064489745878625e-01,  2.860903948148710e-01
  1.477000000000000e+01,  6.686089562356671e-01,  1.057187321147270e-01,  7.601038544490105e-02, -1.293577397877106e-01,  2.070537254056149e-01,  2.847523826464768e-01
  1.478000000000000e+01,  6.723789560746346e-01,  1.050102398625625e-01,  7.686656271187618e-02, -1.299138737070462e-01,  2.076041674091605e-01,  2.834519655419183e-01
  1.479000000000000e+01,  6.760781265940410e-01,  1.043155674822063e-01,  7.770727188313876e-02, -1.304452711526120e-01,  2.081017460042704e-01,  2.821901888274229e-01
  1.480000000000000e+01,  6.797049160029240e-01,  1.036353830827157e-01,  7.853078818556426e-02, -1.309515843218609e-01,  2.085479692231943e-01,  2.809679738795551e-01
  1.481000000000000e+01,  6.832604188156871e-01,  1.029702122186198e-01,  7.933647698860628e-02, -1.314317157290792e-01,  2.089438310167122e-01,  2.797835468708845e-01
  1.482000000000000e+01,  6.867386880660259e-01,  1.023208897331835e-01,  8.012050342822435e-02, -1.318869964392363e-01,  2.092920780419547e-01,  2.786430589856042e-01
  1.483000000000000e+01,  6.901411022954149e-01,  1.016876207688291e-01,  8.088295309573201e-02, -1.323164138496846e-01,  2.095938011133022e-01,  2.775441616718589e-01
  1.484000000000000e+01,  6.934635766719942e-01,  1.010703202666652e-01,  8.162318330715712e-02, -1.327206454048520e-01,  2.098513108199514e-01,  2.764887071730937e-01
  1.485000000000000e+01,  6.967115357667002e-01,  1.004699740516506e-01,  8.233979432267344e-02, -1.330979367366968e-01,  2.100651110448649e-01,  2.754736446102344e-01
  1.486000000000000e+01,  6.998803555612868e-01,  9.988609001477622e-02,  8.303326634957900e-02, -1.334490622073013e-01,  2.102375820752302e-01,  2.744998762277457e-01
  1.487000000000000e+01,  7.029716796954826e-01,  9.931952797115695e-02,  8.370064809721250e-02, -1.337740208683027e-01,  2.103703946622193e-01,  2.735695036037150e-01
  1.488000000000000e+01,  7.059832170263461e-01,  9.876970854280520e-02,  8.434333891868195e-02, -1.340729963398639e-01,  2.104654262504927e-01,  2.726810708340320e-01
  1.489000000000000e+01,  7.089163846743628e-01,  9.823706884433703e-02,  8.495992954378340e-02, -1.343458016530646e-01,  2.105241794990936e-01,  2.718347846488784e-01
  1.490000000000000e+01,  7.117691246063178e-01,  9.772107308733324e-02,  8.555157207114841e-02, -1.345928582340717e-01,  2.105485662164110e-01,  2.710296330303926e-01
  1.491000000000000e+01,  7.145420585075862e-01,  9.722187000060445e-02,  8.611756108032802e-02, -1.348142660614783e-01,  2.105401875563978e-01,  2.702655759756769e-01
  1.492000000000000e+01,  7.172336773040727e-01,  9.673905002338645e-02,  8.665882326442544e-02, -1.350104453072827e-01,  2.105008220538197e-01,  2.695415120644639e-01
  1.493000000000000e+01,  7.198428779377762e-01,  9.627233052435491e-02,  8.717595698399271e-02, -1.351818060460562e-01,  2.104321753527408e-01,  2.688564893627577e-01
  1.494000000000000e+01,  7.223684135247971e-01,  9.582140972687503e-02,  8.766964019515316e-02, -1.353288081087185e-01,  2.103359316278464e-01,  2.682094505554145e-01
  1.495000000000000e+01,  7.248089735107015e-01,  9.538597777036895e-02,  8.814058132430909e-02, -1.354519405775400e-01,  2.102137456594045e-01,  2.675992649962384e-01
  1.496000000000000e+01,  7.271632846845704e-01,  9.496572409782078e-02,  8.858947572401575e-02, -1.355516989127618e-01,  2.100672339809667e-01,  2.670247606292893e-01
  1.497000000000000e+01,  7.294302102742503e-01,  9.456034026813276e-02,  8.901697556312786e-02, -1.356285638240455e-01,  2.098979664944504e-01,  2.664847513131454e-01
  1.498000000000000e+01,  7.316088313868837e-01,  9.416951928998807e-02,  8.942367447334640e-02, -1.356829846865743e-01,  2.097074591197722e-01,  2.659780587524160e-01
  1.499000000000000e+01,  7.336985021333646e-01,  9.379295298027390e-02,  8.981010491415270e-02, -1.357153688097601e-01,  2.094971676520682e-01,  2.655035279129031e-01
  1.500000000000000e+01,  7.356992205935164e-01,  9.343041927973950e-02,  9.017650178176011e-02, -1.357260291401618e-01,  2.092684467375867e-01,  2.650601658345443e-01
  1.501000000000000e+01,  7.376102116487411e-01,  9.308140772687690e-02,  9.052381419320070e-02, -1.357153768190042e-01,  2.090226964381701e-01,  2.646465973528773e-01
  1.502000000000000e+01,  7.394321256404468e-01,  9.274568946369799e-02,  9.085216829671333e-02, -1.356836244255072e-01,  2.087611313972465e-01,  2.642619190430240e-01
  1.503000000000000e+01,  7.411654921450945e-01,  9.242292552353537e-02,  9.116193760984216e-02, -1.356309946805574e-01,  2.084849380476090e-01,  2.639051120611874e-01
  1.504000000000000e+01,  7.428113829796409e-01,  9.211286754896642e-02,  9.145318785159851e-02, -1.355576474511356e-01,  2.081952122936656e-01,  2.635754059101342e-01
  1.505000000000000e+01,  7.443701266223498e-01,  9.181493619699821e-02,  9.172688791462975e-02, -1.354637937943625e-01,  2.078930644889860e-01,  2.632714078702652e-01
  1.506000000000000e+01,  7.458432427569290e-01,  9.152887229632745e-02,  9.198306135946388e-02, -1.353495214845808e-01,  2.075794585674891e-01,  2.629924185480995e-01
  1.507000000000000e+01,  7.472320570213793e-01,  9.125429690442122e-02,  9.222204399447685e-02, -1.352149227993168e-01,  2.072553273335328e-01,  2.627375427785082e-01
  1.508000000000000e+01,  7.485384508603786e-01,  9.099093841673600e-02,  9.244401407863254e-02, -1.350599251649170e-01,  2.069214416010724e-01,  2.625057137097074e-01
  1.509000000000000e+01,  7.497630835479180e-01,  9.073816404849389e-02,  9.264964674336763e-02, -1.348848375170487e-01,  2.065788228516600e-01,  2.622964369202797e-01
  1.510000000000000e+01,  7.509080662110869e-01,  9.049570800583906e-02,  9.283906029403641e-02, -1.346895249370622e-01,  2.062281211663110e-01,  2.621087294440308e-01
  1.511000000000000e+01,  7.519751096976846e-01,  9.026317968301334e-02,  9.301254603083738e-02, -1.344739526487443e-01,  2.058700280687768e-01,  2.619417919882465e-01
  1.512000000000000e+01,  7.529659638655489e-01,  9.004018857427942e-02,  9.317037834588597e-02, -1.342380469752856e-01,  2.055051723950045e-01,  2.617948496184734e-01
  1.513000000000000e+01,  7.538824495718620e-01,  8.982651796801644e-02,  9.331175730514416e-02, -1.339820272245015e-01,  2.051343250345046e-01,  2.616688816048757e-01
  1.514000000000000e+01,  7.547262087524841e-01,  8.962143592815686e-02,  9.343902083053825e-02, -1.337050714163553e-01,  2.047575811838011e-01,  2.615597340727308e-01
  1.515000000000000e+01,  7.554991209765989e-01,  8.942475327880617e-02,  9.355127292198062e-02, -1.334072924488130e-01,  2.043755743022407e-01,  2.614684560965533e-01
  1.516000000000000e+01,  7.562029511146410e-01,  8.923611312287827e-02,  9.364863963771052e-02, -1.330884286161701e-01,  2.039886734477349e-01,  2.613944208873868e-01
  1.517000000000000e+01,  7.568394189822812e-01,  8.905516755241849e-02,  9.373120564817204e-02, -1.327481689171857e-01,  2.035971843676691e-01,  2.613370457479451e-01
  1.518000000000000e+01,  7.574122175916470e-01,  8.888159257951633e-02,  9.380117520054432e-02, -1.323846555743661e-01,  2.032003505667007e-01,  2.612902573257873e-01
  1.519000000000000e+01,  7.579188297100156e-01,  8.871502432314671e-02,  9.385425364011375e-02, -1.320004708111755e-01,  2.028003579238666e-01,  2.612646128033608e-01
  1.520000000000000e+01,  7.583628598403285e-01,  8.855518687439323e-02,  9.389246412735350e-02, -1.315936617399568e-01,  2.023963254880017e-01,  2.612542070802784e-01
  1.521000000000000e+01,  7.587457648381871e-01,  8.840179421702143e-02,  9.391568681661447e-02, -1.311637012398567e-01,  2.019883041809261e-01,  2.612586122650572e-01
  1.522000000000000e+01,  7.590688821904112e-01,  8.825457248246371e-02,  9.392374639302520e-02, -1.307100228306053e-01,  2.015762933862831e-01,  2.612774727805902e-01
  1.523000000000000e+01,  7.593334392028773e-01,  8.811326551411236e-02,  9.391641257703356e-02, -1.302320115953799e-01,  2.011602344145856e-01,  2.613104813464531e-01
  1.524000000000000e+01,  7.595405448850441e-01,  8.797763652536372e-02,  9.389339783998506e-02, -1.297290050038536e-01,  2.007400101338086e-01,  2.613573828255623e-01
  1.525000000000000e+01,  7.596911826267820e-01,  8.784746952972777e-02,  9.385435529740675e-02, -1.292002935402939e-01,  2.003154438876469e-01,  2.614179782984165e-01
  1.526000000000000e+01,  7.597862036691919e-01,  8.772257044514742e-02,  9.379887655532884e-02, -1.286451210686065e-01,  1.998862983256912e-01,  2.614921279826320e-01
  1.527000000000000e+01,  7.598263209490594e-01,  8.760276781501219e-02,  9.372648981519630e-02, -1.280626852881210e-01,  1.994522748067944e-01,  2.615797531195609e-01
  1.528000000000000e+01,  7.598121032068893e-01,  8.748791342393947e-02,  9.363665861095104e-02, -1.274521385769327e-01,  1.990130135770649e-01,  2.616808380028401e-01
  1.529000000000000e+01,  7.597428832178029e-01,  8.737807786405272e-02,  9.352634854947019e-02, -1.268137505144324e-01,  1.985688265649303e-01,  2.618003417651153e-01
  1.530000000000000e+01,  7.596211864463364e-01,  8.727278692146334e-02,  9.339976244722238e-02, -1.261442204374079e-01,  1.981177389388388e-01,  2.619284517460443e-01
  1.531000000000000e+01,  7.594459395482784e-01,  8.717214466575607e-02,  9.325373197850974e-02, -1.254437815720403e-01,  1.976599807677855e-01,  2.620703810048232e-01
  1.532000000000000e+01,  7.592170928623518e-01,  8.707610472413441e-02,  9.308746267371192e-02, -1.247114187990968e-01,  1.971949598792046e-01,  2.622263756896694e-01
  1.533000000000000e+01,  7.589344283062965e-01,  8.698464705884112e-02,  9.290009961949124e-02, -1.239460835730446e-01,  1.967220327230297e-01,  2.623967495326191e-01
  1.534000000000000e+01,  7.585975611703272e-01,  8.689777964861145e-02,  9.269072959237337e-02, -1.231466935275112e-01,  1.962405035898080e-01,  2.625818739763461e-01
  1.535000000000000e+01,  7.582059378047031e-01,  8.681553864361735e-02,  9.245838256752836e-02, -1.223121343743995e-01,  1.957496255048460e-01,  2.627821770562240e-01
  1.536000000000000e+01,  7.577588342206202e-01,  8.673798827206713e-02,  9.220203391193495e-02, -1.214412612817740e-01,  1.952486010502171e-01,  2.629981421063018e-01
  1.537000000000000e+01,  7.572553556090217e-01,  8.666522024396794e-02,  9.192060690481113e-02, -1.205328998971378e-01,  1.947365825446916e-01,  2.632303064990789e-01
  1.538000000000000e+01,  7.566944366739770e-01,  8.659735271636193e-02,  9.161297576883988e-02, -1.195858471970987e-01,  1.942126716128515e-01,  2.634792602534377e-01
  1.539000000000000e+01,  7.560754021254161e-01,  8.653465790524284e-02,  9.127804460179510e-02, -1.185985503349509e-01,  1.936756970698895e-01,  2.637448275067090e-01
  1.540000000000000e+01,  7.553957592273651e-01,  8.647706029046565e-02,  9.091441588186525e-02, -1.175703930078056e-01,  1.931251005368183e-01,  2.640293482157025e-01
  1.541000000000000e+01,  7.546544754923920e-01,  8.642487092221596e-02,  9.052095606010031e-02, -1.164997709312542e-01,  1.925596114534350e-01,  2.643326927969159e-01
  1.542000000000000e+01,  7.538498247857316e-01,  8.637831005437557e-02,  9.009638159897378e-02, -1.153853772228601e-01,  1.919781297057465e-01,  2.646556193667769e-01
  1.543000000000000e+01,  7.529799222981827e-01,  8.633762133802603e-02,  8.963937945936364e-02, -1.142258839966372e-01,  1.913795061375538e-01,  2.649989216842469e-01
  1.544000000000000e+01,  7.520427313140423e-01,  8.630307154078487e-02,  8.914861096225901e-02, -1.130199434723043e-01,  1.907625421384724e-01,  2.653634241636141e-01
  1.545000000000000e+01,  7.510360700762363e-01,  8.627494947225345e-02,  8.862271807970644e-02, -1.117661889164890e-01,  1.901259896543853e-01,  2.657499739697832e-01
  1.546000000000000e+01,  7.499576200085064e-01,  8.625356486596591e-02,  8.806033040290528e-02, -1.104632347398994e-01,  1.894685513009792e-01,  2.661594308503753e-01
  1.547000000000000e+01,  7.488049351426139e-01,  8.623924740140243e-02,  8.746007155804848e-02, -1.091096760452674e-01,  1.887888801750365e-01,  2.665926579757702e-01
  1.548000000000000e+01,  7.475754525162404e-01,  8.623234578537775e-02,  8.682056463128497e-02, -1.077040883278834e-01,  1.880855793027722e-01,  2.670505160360458e-01
  1.549000000000000e+01,  7.462665034299730e-01,  8.623322679692880e-02,  8.614043775191813e-02, -1.062450273738542e-01,  1.873572007806255e-01,  2.675338584260803e-01
  1.550000000000000e+01,  7.448756043146258e-01,  8.624243318185298e-02,  8.541779382597287e-02, -1.047310507449994e-01,  1.866022386750766e-01,  2.680440415999822e-01
  1.551000000000000e+01,  7.433993961899080e-01,  8.626006048064805e-02,  8.465232062321287e-02, -1.031606278007161e-01,  1.858191481385089e-01,  2.685808881415547e-01
  1.552000000000000e+01,  7.418352159212104e-01,  8.628666916675587e-02,  8.384220549734499e-02, -1.015322788097890e-01,  1.850063188448657e-01,  2.691456775588627e-01
  1.553000000000000e+01,  7.401801121595458e-01,  8.632268720625058e-02,  8.298616460529985e-02, -9.984447784014154e-02,  1.841620876088090e-01,  2.697391669351683e-01
  1.554000000000000e+01,  7.384311042779432e-01,  8.636855346910788e-02,  8.208295719186642e-02, -9.809567685484788e-02,  1.832847355360445e-01,  2.703620641960414e-01
  1.555000000000000e+01,  7.365852042626926e-01,  8.642471646245342e-02,  8.113139130707459e-02, -9.628430449060463e-02,  1.823724871275382e-01,  2.710150202030038e-01
  1.556000000000000e+01,  7.346394394767982e-01,  8.649163232439605e-02,  8.013032993346760e-02, -9.440876506583119e-02,  1.814235094256972e-01,  2.716986232119507e-01
  1.557000000000000e+01,  7.325908771236098e-01,  8.656976256716264e-02,  7.907869740752504e-02, -9.246743738919355e-02,  1.804359114229087e-01,  2.724133927414882e-01
  1.558000000000000e+01,  7.304371566840357e-01,  8.665971197181088e-02,  7.797516406025863e-02, -9.045855295024877e-02,  1.794076534583360e-01,  2.731598196875458e-01
  1.559000000000000e+01,  7.281745639128516e-01,  8.676168133550544e-02,  7.681940097570668e-02, -8.838066371059874e-02,  1.783369010739747e-01,  2.739381810530783e-01
  1.560000000000000e+01,  7.258008863895823e-01,  8.687626437091311e-02,  7.561027158409887e-02, -8.623196064578616e-02,  1.772215115935554e-01,  2.747487770410981e-01
  1.561000000000000e+01,  7.233136191582700e-01,  8.700392967363468e-02,  7.434701038008143e-02, -8.401071702918433e-02,  1.760593703281080e-01,  2.755917715984731e-01
  1.562000000000000e+01,  7.207104250738708e-01,  8.714514684661756e-02,  7.302894692038482e-02, -8.171518403007517e-02,  1.748483118041415e-01,  2.764672160952111e-01
  1.563000000000000e+01,  7.179891525899648e-01,  8.730038833754872e-02,  7.165551103737408e-02, -7.934359370820802e-02,  1.735861212522201e-01,  2.773750366951412e-01
  1.564000000000000e+01,  7.151478422653273e-01,  8.747013124032810e-02,  7.022624089806742e-02, -7.689416332441357e-02,  1.722705356271729e-01,  2.783150170807314e-01
  1.565000000000000e+01,  7.121847198102362e-01,  8.765485928557926e-02,  6.874079412225087e-02, -7.436510163459176e-02,  1.708992447043297e-01,  2.792867786292978e-01
  1.566000000000000e+01,  7.090981723850028e-01,  8.785506460032755e-02,  6.719896471166360e-02, -7.175461852641106e-02,  1.694698936103520e-01,  2.802897570789603e-01
  1.567000000000000e+01,  7.058867072601472e-01,  8.807124853415016e-02,  6.560070798491680e-02, -6.906093896252047e-02,  1.679800877393385e-01,  2.813231736484362e-01
  1.568000000000000e+01,  7.025488960209826e-01,  8.830392091520856e-02,  6.394617366530984e-02, -6.628232094783758e-02,  1.664274000202694e-01,  2.823860003065814e-01
  1.569000000000000e+01,  6.990833116764066e-01,  8.855359755790948e-02,  6.223574613051087e-02, -6.341707643393923e-02,  1.648093799376720e-01,  2.834769196216557e-01
  1.570000000000000e+01,  6.954884691644845e-01,  8.882079623434458e-02,  6.047008894754063e-02, -6.046359436001498e-02,  1.631235636295917e-01,  2.845942826584973e-01
  1.571000000000000e+01,  6.917627806867495e-01,  8.910603150507446e-02,  5.865018927087690e-02, -5.742036460876698e-02,  1.613674847407266e-01,  2.857360713919858e-01
  1.572000000000000e+01,  6.879045349460903e-01,  8.940980889704342e-02,  5.677739839366055e-02, -5.428600033305660e-02,  1.595386859970649e-01,  2.868998692638398e-01
  1.573000000000000e+01,  6.839108093724200e-01,  8.973236504997750e-02,  5.485406985493629e-02, -5.105953850846842e-02,  1.576349389150219e-01,  2.880827926612491e-01
  1.574000000000000e+01,  6.797820116499226e-01,  9.007470324858335e-02,  5.288108187482465e-02, -4.773930346829616e-02,  1.556534093356282e-01,  2.892817268511502e-01
  1.575000000000000e+01,  6.755149957743404e-01,  9.043700288069001e-02,  5.086170604957663e-02, -4.432466854620862e-02,  1.535919495478833e-01,  2.904928826424379e-01
  1.576000000000000e+01,  6.711078407245564e-01,  9.081968773667559e-02,  4.879899297846161e-02, -4.081488090634242e-02,  1.514482439029864e-01,  2.917121360301465e-01
  1.577000000000000e+01,  6.665587376881563e-01,  9.122316085943338e-02,  4.669642342235442e-02, -3.720935804625340e-02,  1.492200282347787e-01,  2.929349492002685e-01
  1.578000000000000e+01,  6.618653304025172e-01,  9.164753215269084e-02,  4.455921689845618e-02, -3.350758187066930e-02,  1.469050296342869e-01,  2.941548616115809e-01
  1.579000000000000e+01,  6.570278107713046e-01,  9.209376507666223e-02,  4.238893916031593e-02, -2.970949719271906e-02,  1.445012077106097e-01,  2.953696260018036e-01
  1.580000000000000e+01,  6.520402838158604e-01,  9.256157921441988e-02,  4.019067521734051e-02, -2.581664495001775e-02,  1.420077212837595e-01,  2.965763047411678e-01
  1.581000000000000e+01,  6.469097011083011e-01,  9.305198500062528e-02,  3.797154161842516e-02, -2.182579750657066e-02,  1.394200450179702e-01,  2.977602535587802e-01
  1.582000000000000e+01,  6.416315539020877e-01,  9.356487385929202e-02,  3.573628315393131e-02, -1.773897894785020e-02,  1.367375711041419e-01,  2.989192343826029e-01
  1.583000000000000e+01,  6.362057274136083e-01,  9.410051959390930e-02,  3.349083545683539e-02, -1.355669350140227e-02,  1.339585023364978e-01,  3.000465033750852e-01
  1.584000000000000e+01,  6.306363351107430e-01,  9.465896826741504e-02,  3.124370619937555e-02, -9.278092338610943e-03,  1.310799839741174e-01,  3.011302835389001e-01
  1.585000000000000e+01,  6.249167199228134e-01,  9.524078422898907e-02,  2.899721202745259e-02, -4.907142122393851e-03,  1.281027688433213e-01,  3.021727836548362e-01
  1.586000000000000e+01,  6.190517394880396e-01,  9.584611041776414e-02,  2.676026945470937e-02, -4.433880420179569e-04,  1.250242401115340e-01,  3.031617874607375e-01
  1.587000000000000e+01,  6.130430260484653e-01,  9.647517011323714e-02,  2.454006052279223e-02,  4.111858808074768e-03,  1.218431063927399e-01,  3.040896074479661e-01
  1.588000000000000e+01,  6.068931137534704e-01,  9.712791065632320e-02,  2.234367992459278e-02,  8.756843025844585e-03,  1.185584739838895e-01,  3.049496721202156e-01
  1.589000000000000e+01,  6.006038068572672e-01,  9.780501931714758e-02,  2.017938568859536e-02,  1.349024025032868e-02,  1.151689466417696e-01,  3.057316777364835e-01
  1.590000000000000e+01,  5.941784566415524e-01,  9.850645940621372e-02,  1.805456543961279e-02,  1.830976998816153e-02,  1.116740425384728e-01,  3.064290182678261e-01
  1.591000000000000e+01,  5.876205452133609e-01,  9.923239816270346e-02,  1.597707128552929e-02,  2.321311755491322e-02,  1.080732821902401e-01,  3.070339194278855e-01
  1.592000000000000e+01,  5.809340177375767e-01,  9.998298152862040e-02,  1.395481506044872e-02,  2.819768083151507e-02,  1.043664470818382e-01,  3.075387383465200e-01
  1.593000000000000e+01,  5.741232795899113e-01,  1.007583291493401e-01,  1.199571790005388e-02,  3.326055332912810e-02,  1.005536063632211e-01,  3.079360330575852e-01
  1.594000000000000e+01,  5.671931916027593e-01,  1.015585287968797e-01,  1.010765808492495e-02,  3.839850619362035e-02,  9.663514516600281e-02,  3.082186330252815e-01
  1.595000000000000e+01,  5.601490633592595e-01,  1.023836300779761e-01,  8.298417737569437e-03,  4.360797026346187e-02,  9.261179308769354e-02,  3.083797106560380e-01
  1.596000000000000e+01,  5.529966454983228e-01,  1.032336376707033e-01,  6.575627283485990e-03,  4.888501968756935e-02,  8.848465144839275e-02,  3.084128547706786e-01
  1.597000000000000e+01,  5.457421215772825e-01,  1.041085042956951e-01,  4.946707626629836e-03,  5.422535832423220e-02,  8.425521856649662e-02,  3.083121457625798e-01
  1.598000000000000e+01,  5.383920982872826e-01,  1.050081232955595e-01,  3.418811131432577e-03,  5.962430902931757e-02,  7.992541267178520e-02,  3.080722316920048e-01
  1.599000000000000e+01,  5.309558369959609e-01,  1.059321298563256e-01,  1.998898224170054e-03,  6.507736088743478e-02,  7.549726738750194e-02,  3.076881998366653e-01
  1.600000000000000e+01,  5.234370528246460e-01,  1.068805788108886e-01,  6.930616614377515e-04,  7.057817129370900e-02,  7.097412260093529e-02,  3.071565061825897e-01
  1.601000000000000e+01,  5.158446988964873e-01,  1.078531089745873e-01, -4.924942263471921e-04,  7.612113854201465e-02,  6.635908879076033e-02,  3.064736479098664e-01
  1.602000000000000e+01,  5.081872583002185e-01,  1.088492073076153e-01, -1.552292187361243e-03,  8.170009087146808e-02,  6.165590051927666e-02,  3.056373566420715e-01
  1.603000000000000e+01,  5.004731966464451e-01,  1.098683357441004e-01, -2.481398390307034e-03,  8.730836839125589e-02,  5.686882312992483e-02,  3.046462429145845e-01
  1.604000000000000e+01,  4.927112706774041e-01,  1.109098360074634e-01, -3.275485101614405e-03,  9.293891573461585e-02,  5.200262168750367e-02,  3.034999183720178e-01
  1.605000000000000e+01,  4.849104898757235e-01,  1.119729158767011e-01, -3.930874246410153e-03,  9.858428925827363e-02,  4.706256399303949e-02,  3.021990518519042e-01
  1.606000000000000e+01,  4.770809290531104e-01,  1.130566436938618e-01, -4.444627627930532e-03,  1.042369202175948e-01,  4.205425252098249e-02,  3.007453441624543e-01
  1.607000000000000e+01,  4.692303971587427e-01,  1.141599107304181e-01, -4.814383642951401e-03,  1.098881657503561e-01,  3.698425668956411e-02,  2.991418406902884e-01
  1.608000000000000e+01,  4.613690800305750e-01,  1.152814333537338e-01, -5.038640481529408e-03,  1.155296944551177e-01,  3.185920680011988e-02,  2.973925733076633e-01
  1.609000000000000e+01,  4.535065079282566e-01,  1.164197378114060e-01, -5.116630348059059e-03,  1.211526921164763e-01,  2.668632866765968e-02,  2.955027531623293e-01
  1.610000000000000e+01,  4.456520014116575e-01,  1.175731603260626e-01, -5.048227416321981e-03,  1.267478656635185e-01,  2.147337539816729e-02,  2.934788786372053e-01
  1.611000000000000e+01,  4.378149075677455e-01,  1.187398016675625e-01, -4.834139625206508e-03,  1.323057955504079e-01,  1.622848095084465e-02,  2.913284815212121e-01
  1.612000000000000e+01,  4.300043006393484e-01,  1.199175263014560e-01, -4.475791437865397e-03,  1.378167487780574e-01,  1.096021935081353e-02,  2.890602556352952e-01
  1.613000000000000e+01,  4.222289505791635e-01,  1.211039407778687e-01, -3.975343645380268e-03,  1.432707579379412e-01,  5.677555151680238e-03,  2.866839856736355e-01
  1.614000000000000e+01,  4.144972295175364e-01,  1.222963799407768e-01, -3.335673450250684e-03,  1.486576495395508e-01,  3.898110362069611e-04,  2.842104982754837e-01
  1.615000000000000e+01,  4.068170152933477e-01,  1.234918945045460e-01, -2.560346208001161e-03,  1.539670734716893e-01, -4.893367368620117e-03,  2.816516008119875e-01
  1.616000000000000e+01,  3.991961258490780e-01,  1.246873030241424e-01, -1.653623331001721e-03,  1.591887255647421e-01, -1.016221108752221e-02,  2.790198946825316e-01
  1.617000000000000e+01,  3.916401595853615e-01,  1.258789468565373e-01, -6.202556047754437e-04,  1.643116361962633e-01, -1.540623892396902e-02,  2.763291296270599e-01
  1.618000000000000e+01,  3.841554399111342e-01,  1.270630301684288e-01,  5.343091768923128e-04,  1.693252869556725e-01, -2.061520421775673e-02,  2.735934960560449e-01
  1.619000000000000e+01,  3.767469752307972e-01,  1.282354074367622e-01,  1.804131102798291e-03,  1.742189473820944e-01, -2.577855067235015e-02,  2.708279330699729e-01
  1.620000000000000e+01,  3.694188759296513e-01,  1.293916481870889e-01,  3.182785098490134e-03,  1.789818837362034e-01, -3.088559456586089e-02,  2.680479360697274e-01
  1.621000000000000e+01,  3.621743067088070e-01,  1.305270551843223e-01,  4.663409599842506e-03,  1.836034017137640e-01, -3.592556636453149e-02,  2.652694529740890e-01
  1.622000000000000e+01,  3.550154553497449e-01,  1.316366876171911e-01,  6.238754782207631e-03,  1.880728929022857e-01, -4.088765171775884e-02,  2.625087773099776e-01
  1.623000000000000e+01,  3.479435209832986e-01,  1.327153909175569e-01,  7.901230877582807e-03,  1.923798861665472e-01, -4.576103249634193e-02,  2.597824370340547e-01
  1.624000000000000e+01,  3.409587228437391e-01,  1.337578350707229e-01,  9.642958141639181e-03,  1.965141049732720e-01, -5.053492899328015e-02,  2.571070763852065e-01
  1.625000000000000e+01,  3.340603278884251e-01,  1.347585623304126e-01,  1.145581830502610e-02,  2.004655310698149e-01, -5.519864406821327e-02,  2.544993297629993e-01
  1.626000000000000e+01,  3.272466965940807e-01,  1.357120452302720e-01,  1.333150615715034e-02,  2.042244756122647e-01, -5.974161001450898e-02,  2.519756869141739e-01
  1.627000000000000e+01,  3.205153486693303e-01,  1.366127552495044e-01,  1.526157910157672e-02,  2.077816596530166e-01, -6.415343898434955e-02,  2.495523498897445e-01
  1.628000000000000e+01,  3.138630490206918e-01,  1.374552405745124e-01,  1.723750267270452e-02,  2.111283047031755e-01, -6.842397757527907e-02,  2.472450851277944e-01
  1.629000000000000e+01,  3.072859115168559e-01,  1.382342112979908e-01,  1.925069348092439e-02,  2.142562329281563e-01, -7.254336653164345e-02,  2.450690713850570e-01
  1.630000000000000e+01,  3.007795185942193e-01,  1.389446315915768e-01,  2.129256314505951e-02,  2.171579766423336e-01, -7.650210662560994e-02,  2.430387399194813e-01
  1.631000000000000e+01,  2.943385112060746e-01,  1.395816945269637e-01,  2.335457841163823e-02,  2.198266358664791e-01, -8.029091337657850e-02,  2.411678746714737e-01
  1.632000000000000e+01,  2.879589557731620e-01,  1.401414242910040e-01,  2.542824848438171e-02,  2.222570586781311e-01, -8.390168216570724e-02,  2.394683560597376e-01
  1.633000000000000e+01,  2.816351115464771e-01,  1.406200159953914e-01,  2.750526397250580e-02,  2.244443560551224e-01, -8.732621028157642e-02,  2.379516388431042e-01
  1.634000000000000e+01,  2.753618903074209e-01,  1.410144480480420e-01,  2.957748367425961e-02,  2.263851151877272e-01, -9.055720774300241e-02,  2.366274753547248e-01
  1.635000000000000e+01,  2.691344361798213e-01,  1.413224423607071e-01,  3.163700355172380e-02,  2.280772429134173e-01, -9.358815062551692e-02,  2.355040359619378e-01
  1.636000000000000e+01,  2.629476562631724e-01,  1.415423998633696e-01,  3.367627977239342e-02,  2.295197272475261e-01, -9.641321655517170e-02,  2.345881158752105e-01
  1.637000000000000e+01,  2.567989350430313e-01,  1.416740403829018e-01,  3.568789610416429e-02,  2.307141494294134e-01, -9.902798805879200e-02,  2.338835817570495e-01
  1.638000000000000e+01,  2.506843824824233e-01,  1.417175649639020e-01,  3.766506712803765e-02,  2.316625960041400e-01, -1.014286034139010e-01,  2.333934542372954e-01
  1.639000000000000e+01,  2.445999809972212e-01,  1.416739440337800e-01,  3.960142571842416e-02,  2.323683936660648e-01, -1.036119079033462e-01,  2.331191776280687e-01
  1.640000000000000e+01,  2.385476178781481e-01,  1.415461469844024e-01,  4.149102342696218e-02,  2.328389762616904e-01, -1.055776124888360e-01,  2.330575527819485e-01
  1.641000000000000e+01,  2.325249689375541e-01,  1.413369731051917e-01,  4.332858510690273e-02,  2.330808931700124e-01, -1.073248447548586e-01,  2.332060164798813e-01
  1.642000000000000e+01,  2.265325700289940e-01,  1.410504831063220e-01,  4.510940735886383e-02,  2.331031960872122e-01, -1.088546055465129e-01,  2.335590498453823e-01
  1.643000000000000e+01,  2.205720267914413e-01,  1.406915384835308e-01,  4.682942409443713e-02,  2.329164726209189e-01, -1.101691594721800e-01,  2.341092112034572e-01
  1.644000000000000e+01,  2.146441800610683e-01,  1.402653989443390e-01,  4.848538366863778e-02,  2.325318362525635e-01, -1.112715526419619e-01,  2.348480772058575e-01
  1.645000000000000e+01,  2.087566312541613e-01,  1.397788719089361e-01,  5.007421021132610e-02,  2.319644942863653e-01, -1.121675977019102e-01,  2.357630535539223e-01
  1.646000000000000e+01,  2.029077148490460e-01,  1.392375588523818e-01,  5.159406040904249e-02,  2.312258336894301e-01, -1.128614198965095e-01,  2.368448700454799e-01
  1.647000000000000e+01,  1.971117465919108e-01,  1.386497325413201e-01,  5.304340673422388e-02,  2.303351975157008e-01, -1.133629108422055e-01,  2.380757918956160e-01
  1.648000000000000e+01,  1.913698612228404e-01,  1.380216774691096e-01,  5.442150643407722e-02,  2.293061397666907e-01, -1.136786773293054e-01,  2.394439324698646e-01
  1.649000000000000e+01,  1.856886627804160e-01,  1.373604787382985e-01,  5.572815028765847e-02,  2.281549106958744e-01, -1.138178313277206e-01,  2.409343571163616e-01
  1.650000000000000e+01,  1.800751450761889e-01,  1.366731131570551e-01,  5.696367278493512e-02,  2.268979251636813e-01, -1.137903250434621e-01,  2.425317546178994e-01
  1.651000000000000e+01,  1.745365329966964e-01,  1.359663312180168e-01,  5.812890124724659e-02,  2.255515269796051e-01, -1.136068233807256e-01,  2.442206900852990e-01
  1.652000000000000e+01,  1.690801280996650e-01,  1.352465559825951e-01,  5.922509935402862e-02,  2.241317654342593e-01, -1.132785685338390e-01,  2.459858432202558e-01
  1.653000000000000e+01,  1.637131625207198e-01,  1.345198003354426e-01,  6.025390797647961e-02,  2.226541893730524e-01, -1.128172394230497e-01,  2.478122272676928e-01
  1.654000000000000e+01,  1.584407797666801e-01,  1.337914865655385e-01,  6.121774373897661e-02,  2.211329333728654e-01, -1.122343788230317e-01,  2.496855660000188e-01
  1.655000000000000e+01,  1.532674623941791e-01,  1.330663998114594e-01,  6.211723956822567e-02,  2.195809116281236e-01, -1.115408790326810e-01,  2.515958342769281e-01
  1.656000000000000e+01,  1.482115085402767e-01,  1.323500051643176e-01,  6.295655779035209e-02,  2.180163949938993e-01, -1.107531977533549e-01,  2.535212731278231e-01
  1.657000000000000e+01,  1.432704322752124e-01,  1.316455592421888e-01,  6.373768134106460e-02,  2.164478407100098e-01, -1.098806132625584e-01,  2.554548923565402e-01
  1.658000000000000e+01,  1.384495268023245e-01,  1.309564617019627e-01,  6.446330656559619e-02,  2.148861489691366e-01, -1.089349580403613e-01,  2.573856164277671e-01
  1.659000000000000e+01,  1.337534926773017e-01,  1.302855852132159e-01,  6.513619866877136e-02,  2.133410575782285e-01, -1.079277395615880e-01,  2.593033996437188e-01
  1.660000000000000e+01,  1.291864073432548e-01,  1.296353012758988e-01,  6.575915855325302e-02,  2.118211303252304e-01, -1.068700495157008e-01,  2.611992393037699e-01
  1.661000000000000e+01,  1.247517157802406e-01,  1.290075144460645e-01,  6.633499410527444e-02,  2.103337715521147e-01, -1.057724880787292e-01,  2.630651639631436e-01
  1.662000000000000e+01,  1.204522363930325e-01,  1.284037015637056e-01,  6.686649596024190e-02,  2.088852617342315e-01, -1.046451023088473e-01,  2.648942031913664e-01
  1.663000000000000e+01,  1.162901804521617e-01,  1.278249532089777e-01,  6.735641689717313e-02,  2.074808105737405e-01, -1.034973385442778e-01,  2.666803420336988e-01
  1.664000000000000e+01,  1.122671824468512e-01,  1.272720159193679e-01,  6.780745493212073e-02,  2.061246238200993e-01, -1.023380080914927e-01,  2.684184632714356e-01
  1.665000000000000e+01,  1.083843385970478e-01,  1.267453345121510e-01,  6.822224072997420e-02,  2.048199800664559e-01, -1.011752649856756e-01,  2.701042809136246e-01
  1.666000000000000e+01,  1.046421701061444e-01,  1.262455401725384e-01,  6.860674027902770e-02,  2.035703119033962e-01, -1.000177893426596e-01,  2.717282609264680e-01
  1.667000000000000e+01,  1.010413856116384e-01,  1.257716988846287e-01,  6.895646569100883e-02,  2.023754266513880e-01, -9.887010305445902e-02,  2.732996060319433e-01
  1.668000000000000e+01,  9.758119374324960e-02,  1.253240332234906e-01,  6.927735017407889e-02,  2.012371769468435e-01, -9.773942705546106e-02,  2.748100948069241e-01
  1.669000000000000e+01,  9.426102819342912e-02,  1.249021616245354e-01,  6.957166149863912e-02,  2.001559962558673e-01, -9.663126592040817e-02,  2.762580591302804e-01
  1.670000000000000e+01,  9.108000321332727e-02,  1.245055729720950e-01,  6.984155348474001e-02,  1.991318078937068e-01, -9.555048384511222e-02,  2.776423394743339e-01
  1.671000000000000e+01,  8.803695600734698e-02,  1.241336529845083e-01,  7.008906800140144e-02,  1.981641044090381e-01, -9.450132912830839e-02,  2.789622144212085e-01
  1.672000000000000e+01,  8.513048665268735e-02,  1.237857068940924e-01,  7.031613123437741e-02,  1.972520197753120e-01, -9.348745914065992e-02,  2.802173474445336e-01
  1.673000000000000e+01,  8.235899385519757e-02,  1.234609786958281e-01,  7.052455029412248e-02,  1.963943949681176e-01, -9.251196750431825e-02,  2.814077395957099e-01
  1.674000000000000e+01,  7.972070497460518e-02,  1.231586663934177e-01,  7.071601080572879e-02,  1.955898364151332e-01, -9.157741321031326e-02,  2.825336877681325e-01
  1.675000000000000e+01,  7.721370094914794e-02,  1.228779337825869e-01,  7.089207523201728e-02,  1.948367677882963e-01, -9.068585106984009e-02,  2.835957498349693e-01
  1.676000000000000e+01,  7.483593743179259e-02,  1.226179199645385e-01,  7.105418120713312e-02,  1.941334756826114e-01, -8.983886245692918e-02,  2.845947172934906e-01
  1.677000000000000e+01,  7.258526254236934e-02,  1.223777475484360e-01,  7.120364011241508e-02,  1.934781494688554e-01, -8.903758593581211e-02,  2.855315931907135e-01
  1.678000000000000e+01,  7.045943116130483e-02,  1.221565299510894e-01,  7.134163671280315e-02,  1.928689156033200e-01, -8.828274823456475e-02,  2.864075723906824e-01
  1.679000000000000e+01,  6.845611583958780e-02,  1.219533776439312e-01,  7.146923035208919e-02,  1.923038666909469e-01, -8.757469537326486e-02,  2.872240230628238e-01
  1.680000000000000e+01,  6.657291427691016e-02,  1.217674032258695e-01,  7.158735864694112e-02,  1.917810855311110e-01, -8.691342298219042e-02,  2.879824686191468e-01
  1.681000000000000e+01,  6.480735299566663e-02,  1.215977256221108e-01,  7.169684407792305e-02,  1.912986641970666e-01, -8.629860566059894e-02,  2.886845694060457e-01
  1.682000000000000e+01,  6.315688706750719e-02,  1.214434736326906e-01,  7.179840194443064e-02,  1.908547181992687e-01, -8.572962579467890e-02,  2.893321055962451e-01
  1.683000000000000e+01,  6.161889650821355e-02,  1.213037886649777e-01,  7.189264825379840e-02,  1.904473962348335e-01, -8.520560147982455e-02,  2.899269632574311e-01
  1.684000000000000e+01,  6.019068002957107e-02,  1.211778266361581e-01,  7.198010787887864e-02,  1.900748864170819e-01, -8.472541314206224e-02,  2.904711229095572e-01
  1.685000000000000e+01,  5.886944636446719e-02,  1.210647593722933e-01,  7.206122369763668e-02,  1.897354198035043e-01, -8.428772941942163e-02,  2.909666485623768e-01
  1.686000000000000e+01,  5.765230349261943e-02,  1.209637756344233e-01,  7.213636657054392e-02,  1.894272717320782e-01, -8.389103292520232e-02,  2.914156767270225e-01
  1.687000000000000e+01,  5.653624650506078e-02,  1.208740816758447e-01,  7.220584558827915e-02,  1.891487613678151e-01, -8.353364572067018e-02,  2.918204056361634e-01
  1.688000000000000e+01,  5.551814470424463e-02,  1.207949013709260e-01,  7.226991818650677e-02,  1.888982498568705e-01, -8.321375359982680e-02,  2.921830848486380e-01
  1.689000000000000e+01,  5.459472814435150e-02,  1.207254759965937e-01,  7.232879977295144e-02,  1.886741373014645e-01, -8.292942845083295e-02,  2.925060062659052e-01
  1.690000000000000e+01,  5.376257408769965e-02,  1.206650637022981e-01,  7.238267269345777e-02,  1.884748588213598e-01, -8.267864904407046e-02,  2.927914971905121e-01
  1.691000000000000e+01,  5.301809438387207e-02,  1.206129390458697e-01,  7.243169498716059e-02,  1.882988803591221e-01, -8.245932060078773e-02,  2.930419135837724e-01
  1.692000000000000e+01,  5.235752428990132e-02,  1.205683932778154e-01,  7.247600916505659e-02,  1.881446949333583e-01, -8.226929299003433e-02,  2.932596309809289e-01
  1.693000000000000e+01,  5.177691205124912e-02,  1.205307354868901e-01,  7.251575000228162e-02,  1.880108194656104e-01, -8.210637820680301e-02,  2.934470339375045e-01
  1.694000000000000e+01,  5.127210844000314e-02,  1.204992939175162e-01,  7.255105047769124e-02,  1.878957915169120e-01, -8.196836767418265e-02,  2.936065072589439e-01
  1.695000000000000e+01,  5.083875643491769e-02,  1.204734169962103e-01,  7.258204678513916e-02,  1.877981653154267e-01, -8.185304852232186e-02,  2.937404291561622e-01
  1.696000000000000e+01,  5.047228160279439e-02,  1.204524744750295e-01,  7.260888397839776e-02,  1.877165075638957e-01, -8.175821815849288e-02,  2.938511639812067e-01
  1.697000000000000e+01,  5.016415026511485e-02,  1.204354589119414e-01,  7.262978656440520e-02,  1.876473518681164e-01, -8.168027534628784e-02,  2.939450329297925e-01
  1.698000000000000e+01,  4.991940445214370e-02,  1.204227879832056e-01,  7.264908595807675e-02,  1.875942002013445e-01, -8.162072858112704e-02,  2.940149740007445e-01
  1.699000000000000e+01,  4.972508932779272e-02,  1.204132069596107e-01,  7.266477821070087e-02,  1.875524006096908e-01, -8.157483535623512e-02,  2.940692337047194e-01
  1.700000000000000e+01,  4.956692529039400e-02,  1.204057280692132e-01,  7.267777636291675e-02,  1.875186239269470e-01, -8.153839776711842e-02,  2.941125820332461e-01
