Main.Studies.MarkerTracking.t,Main.Studies.MarkerTracking.JointAngleOutputs.OutputFile_RightLeg.HipFlexion,Main.Studies.MarkerTracking.JointAngleOutputs.OutputFile_RightLeg.HipAbduction,Main.Studies.MarkerTracking.JointAngleOutputs.OutputFile_RightLeg.HipExternalRotation,Main.Studies.MarkerTracking.JointAngleOutputs.OutputFile_RightLeg.KneeFlexion,Main.Studies.MarkerTracking.JointAngleOutputs.OutputFile_RightLeg.AnklePlantarFlexion,Main.Studies.MarkerTracking.JointAngleOutputs.OutputFile_RightLeg.SubTalarEversion
  1.000000000000000e+00,  1.173861036466159e-02,  4.036851777064232e-02,  1.406819427122064e-01,  7.453092016784392e-02,  3.072118628476963e-02,  1.383875884237047e-01
  1.010000000000000e+00,  1.269387515386927e-02,  4.044934353818985e-02,  1.404143433424429e-01,  7.440867817426897e-02,  3.135508523958114e-02,  1.389993028996124e-01
  1.020000000000000e+00,  1.354339854493791e-02,  4.053854405932467e-02,  1.401540248245275e-01,  7.428502335763608e-02,  3.194427834439861e-02,  1.395893731036505e-01
  1.030000000000000e+00,  1.428995916801711e-02,  4.063427313805024e-02,  1.398999230582622e-01,  7.415962852293580e-02,  3.249233688308927e-02,  1.401614253733021e-01
  1.040000000000000e+00,  1.493388129917026e-02,  4.073573128517372e-02,  1.396513519547574e-01,  7.403255728498152e-02,  3.300156918070887e-02,  1.407179006355317e-01
  1.050000000000000e+00,  1.547355887448169e-02,  4.084213841793960e-02,  1.394080701470711e-01,  7.390409889335446e-02,  3.347401980533493e-02,  1.412601541568269e-01
  1.060000000000000e+00,  1.590937201157074e-02,  4.095335077883000e-02,  1.391692846497777e-01,  7.377429364853237e-02,  3.391268145727723e-02,  1.417910953021085e-01
  1.070000000000000e+00,  1.623954145213474e-02,  4.106847063965668e-02,  1.389347720921723e-01,  7.364323783190833e-02,  3.432024385861839e-02,  1.423124492581967e-01
  1.080000000000000e+00,  1.646375806444373e-02,  4.118723752619147e-02,  1.387039311682286e-01,  7.351093046070957e-02,  3.469982822479076e-02,  1.428268947097655e-01
  1.090000000000000e+00,  1.657941845365805e-02,  4.130855237422737e-02,  1.384768123933823e-01,  7.337748482929494e-02,  3.505381016980112e-02,  1.433355909637354e-01
  1.100000000000000e+00,  1.658477838078667e-02,  4.143170923569639e-02,  1.382532870742350e-01,  7.324298882348476e-02,  3.538451402660747e-02,  1.438400701115997e-01
  1.110000000000000e+00,  1.647670870550624e-02,  4.155550899436888e-02,  1.380336796632704e-01,  7.310764474940673e-02,  3.569337042808906e-02,  1.443406694931944e-01
  1.120000000000000e+00,  1.625190732928842e-02,  4.167873030875779e-02,  1.378184553188802e-01,  7.297171585214637e-02,  3.598114000529012e-02,  1.448372246902657e-01
  1.130000000000000e+00,  1.590614499630048e-02,  4.179983846629609e-02,  1.376084636809914e-01,  7.283559358089930e-02,  3.624742221584268e-02,  1.453283893756460e-01
  1.140000000000000e+00,  1.543537571600728e-02,  4.191735608851954e-02,  1.374046568108343e-01,  7.269972181838043e-02,  3.649105208026401e-02,  1.458123284912168e-01
  1.150000000000000e+00,  1.483571157036303e-02,  4.203003834355279e-02,  1.372080537124103e-01,  7.256459724225579e-02,  3.670988818393557e-02,  1.462867084595432e-01
  1.160000000000000e+00,  1.410308153009019e-02,  4.213623861206695e-02,  1.370200417287344e-01,  7.243079508482492e-02,  3.690086344166775e-02,  1.467480618144569e-01
  1.170000000000000e+00,  1.323433033531842e-02,  4.223468812525266e-02,  1.368419434952879e-01,  7.229887223270336e-02,  3.706027358770005e-02,  1.471927672892330e-01
  1.180000000000000e+00,  1.222712441554662e-02,  4.232422257108159e-02,  1.366751676078895e-01,  7.216937922222404e-02,  3.718377934280660e-02,  1.476167165657258e-01
  1.190000000000000e+00,  1.108048300825631e-02,  4.240366430707065e-02,  1.365210952505319e-01,  7.204275488863218e-02,  3.726724098024237e-02,  1.480158198145534e-01
  1.200000000000000e+00,  9.794899997954945e-03,  4.247203782618558e-02,  1.363810810163109e-01,  7.191936900065503e-02,  3.730633857562043e-02,  1.483858515327331e-01
  1.210000000000000e+00,  8.372750061132727e-03,  4.252869379067903e-02,  1.362563536888468e-01,  7.179948311895044e-02,  3.729688164636905e-02,  1.487227547640213e-01
  1.220000000000000e+00,  6.818508941556493e-03,  4.257291381178607e-02,  1.361479933332157e-01,  7.168316967312557e-02,  3.723574375842873e-02,  1.490229785139093e-01
  1.230000000000000e+00,  5.138885482719607e-03,  4.260417265369720e-02,  1.360568802248320e-01,  7.157035580176113e-02,  3.712060265119309e-02,  1.492834847312549e-01
  1.240000000000000e+00,  3.342932296310339e-03,  4.262219304938109e-02,  1.359836274195259e-01,  7.146082031961765e-02,  3.695016243641554e-02,  1.495019618679749e-01
  1.250000000000000e+00,  1.441989842431491e-03,  4.262629139281282e-02,  1.359286707267103e-01,  7.135419276495673e-02,  3.672482371111927e-02,  1.496767836180243e-01
  1.260000000000000e+00, -5.502863710887205e-04,  4.261665759076139e-02,  1.358919827787644e-01,  7.125002282280118e-02,  3.644568148481524e-02,  1.498073842226521e-01
  1.270000000000000e+00, -2.618240773709794e-03,  4.259318266718304e-02,  1.358732794773365e-01,  7.114777739378814e-02,  3.611550741919316e-02,  1.498940411625449e-01
  1.280000000000000e+00, -4.744334638769600e-03,  4.255544149308066e-02,  1.358720332960158e-01,  7.104691990965770e-02,  3.573848433831322e-02,  1.499377170861055e-01
  1.290000000000000e+00, -6.909758004168084e-03,  4.250402770648143e-02,  1.358871720811266e-01,  7.094691409140182e-02,  3.531936929241695e-02,  1.499406436073722e-01
  1.300000000000000e+00, -9.094461215054037e-03,  4.243865927658241e-02,  1.359175332575345e-01,  7.084732339315901e-02,  3.486426186969423e-02,  1.499053355803449e-01
  1.310000000000000e+00, -1.127789461440871e-02,  4.235954848519818e-02,  1.359615871982048e-01,  7.074780442980365e-02,  3.437965729719774e-02,  1.498351190670311e-01
  1.320000000000000e+00, -1.343970451840212e-02,  4.226712873101812e-02,  1.360175525041066e-01,  7.064812005214981e-02,  3.387238802823216e-02,  1.497338894860526e-01
  1.330000000000000e+00, -1.556011750560254e-02,  4.216168674581544e-02,  1.360835438827235e-01,  7.054817538095337e-02,  3.334950551545469e-02,  1.496057291583306e-01
  1.340000000000000e+00, -1.761946538696595e-02,  4.204318692799025e-02,  1.361576638403634e-01,  7.044809180424301e-02,  3.281795200115979e-02,  1.494545980446337e-01
  1.350000000000000e+00, -1.960142463889290e-02,  4.191232657622090e-02,  1.362378709498650e-01,  7.034797622233661e-02,  3.228431695844304e-02,  1.492848809697627e-01
  1.360000000000000e+00, -2.148939474840566e-02,  4.176913872780985e-02,  1.363223055216181e-01,  7.024821472253266e-02,  3.175467272232859e-02,  1.491003324908932e-01
  1.370000000000000e+00, -2.327031403417617e-02,  4.161405399333518e-02,  1.364091611055903e-01,  7.014917948835651e-02,  3.123451103443075e-02,  1.489046740014050e-01
  1.380000000000000e+00, -2.493425811912323e-02,  4.144762674965974e-02,  1.364967898786262e-01,  7.005125279136110e-02,  3.072863660993526e-02,  1.487012873598206e-01
  1.390000000000000e+00, -2.647266145146422e-02,  4.127026062820227e-02,  1.365837645723816e-01,  6.995492123129333e-02,  3.024104044151919e-02,  1.484930297492216e-01
  1.400000000000000e+00, -2.788040724864413e-02,  4.108253769087056e-02,  1.366688675518916e-01,  6.986060135957300e-02,  2.977499488467559e-02,  1.482823642564869e-01
  1.410000000000000e+00, -2.915418175231847e-02,  4.088512447851622e-02,  1.367510778076873e-01,  6.976872768105605e-02,  2.933294748380485e-02,  1.480714001453376e-01
  1.420000000000000e+00, -3.029319361789470e-02,  4.067841344000978e-02,  1.368296518648009e-01,  6.967965054397068e-02,  2.891688574144019e-02,  1.478617526957721e-01
  1.430000000000000e+00, -3.130146880186263e-02,  4.046415809379189e-02,  1.369039328320637e-01,  6.959350143909893e-02,  2.852762630539203e-02,  1.476548183921816e-01
  1.440000000000000e+00, -3.218190266372632e-02,  4.024292773786597e-02,  1.369735907566690e-01,  6.951051299045168e-02,  2.816588938674944e-02,  1.474515091232168e-01
  1.450000000000000e+00, -3.294081109397651e-02,  4.001618556828790e-02,  1.370384135000603e-01,  6.943074210967537e-02,  2.783158120565636e-02,  1.472525140633578e-01
  1.460000000000000e+00, -3.358411033223966e-02,  3.978424589623475e-02,  1.370983937478980e-01,  6.935420915063788e-02,  2.752475487677288e-02,  1.470582091888041e-01
  1.470000000000000e+00, -3.412063795910195e-02,  3.954866242000876e-02,  1.371535998708917e-01,  6.928079643250366e-02,  2.724458012780825e-02,  1.468688238403684e-01
  1.480000000000000e+00, -3.455932924666943e-02,  3.931057927169057e-02,  1.372042293235693e-01,  6.921034010814570e-02,  2.699016084150317e-02,  1.466843863010648e-01
  1.490000000000000e+00, -3.490958286865208e-02,  3.907111488754178e-02,  1.372505632329963e-01,  6.914261861413923e-02,  2.676041681962245e-02,  1.465047849786629e-01
  1.500000000000000e+00, -3.518100274004784e-02,  3.883134322931836e-02,  1.372929429495367e-01,  6.907736511996813e-02,  2.655414112390782e-02,  1.463298032650571e-01
  1.510000000000000e+00, -3.538317507931694e-02,  3.859228002189186e-02,  1.373317483041312e-01,  6.901428012602402e-02,  2.637004790070012e-02,  1.461591515017736e-01
  1.520000000000000e+00, -3.552548271415239e-02,  3.835487454686870e-02,  1.373673783989289e-01,  6.895304380097723e-02,  2.620681056932148e-02,  1.459924954481710e-01
  1.530000000000000e+00, -3.561695727208292e-02,  3.812000683619687e-02,  1.374002349280883e-01,  6.889332745325469e-02,  2.606309123238926e-02,  1.458294814193465e-01
  1.540000000000000e+00, -3.566616836894958e-02,  3.788848986525650e-02,  1.374307074211129e-01,  6.883480361983089e-02,  2.593756252068376e-02,  1.456697584750193e-01
  1.550000000000000e+00, -3.568114661188154e-02,  3.766107572208810e-02,  1.374591605438858e-01,  6.877715449331590e-02,  2.582892295471715e-02,  1.455129973475005e-01
  1.560000000000000e+00, -3.566933624545047e-02,  3.743846419238372e-02,  1.374859240654822e-01,  6.872007851300732e-02,  2.573590704225959e-02,  1.453589055924774e-01
  1.570000000000000e+00, -3.563757297633054e-02,  3.722131224148417e-02,  1.375112855949093e-01,  6.866329516264566e-02,  2.565729156197971e-02,  1.452072392058471e-01
  1.580000000000000e+00, -3.559208201002107e-02,  3.701024324255742e-02,  1.375354858756102e-01,  6.860654827289961e-02,  2.559189911763943e-02,  1.450578114052201e-01
  1.590000000000000e+00, -3.553849178175122e-02,  3.680585540991443e-02,  1.375587162653532e-01,  6.854960804344409e-02,  2.553859960858460e-02,  1.449104990550408e-01
  1.600000000000000e+00, -3.548185966882235e-02,  3.660872922458802e-02,  1.375811176472030e-01,  6.849227173233854e-02,  2.549631031762890e-02,  1.447652473254638e-01
  1.610000000000000e+00, -3.542670585243903e-02,  3.641943342773502e-02,  1.376027803978198e-01,  6.843436306101150e-02,  2.546399531336490e-02,  1.446220725311972e-01
  1.620000000000000e+00, -3.537705183390403e-02,  3.623852927310844e-02,  1.376237459107785e-01,  6.837573085997532e-02,  2.544066450139540e-02,  1.444810617008098e-01
  1.630000000000000e+00, -3.533646169536849e-02,  3.606657313454331e-02,  1.376440095819200e-01,  6.831624752746242e-02,  2.542537249263898e-02,  1.443423685492432e-01
  1.640000000000000e+00, -3.530808491675250e-02,  3.590411760250456e-02,  1.376635241285960e-01,  6.825580736598057e-02,  2.541721776591549e-02,  1.442062076313206e-01
  1.650000000000000e+00, -3.529469899502134e-02,  3.575171109048747e-02,  1.376822030306853e-01,  6.819432461288026e-02,  2.541534273306663e-02,  1.440728478002641e-01
  1.660000000000000e+00, -3.529875053783889e-02,  3.560989583688356e-02,  1.376999248318733e-01,  6.813173118462547e-02,  2.541893475075392e-02,  1.439426051153135e-01
  1.670000000000000e+00, -3.532239470975147e-02,  3.547920413600880e-02,  1.377165382271969e-01,  6.806797441724692e-02,  2.542722749723720e-02,  1.438158357355103e-01
  1.680000000000000e+00, -3.536753290736707e-02,  3.536015296255601e-02,  1.377318674677388e-01,  6.800301514101517e-02,  2.543950221197185e-02,  1.436929291203937e-01
  1.690000000000000e+00, -3.543584770749121e-02,  3.525323775753741e-02,  1.377457181874439e-01,  6.793682642699873e-02,  2.545508862753171e-02,  1.435743009040280e-01
  1.700000000000000e+00, -3.552883405240369e-02,  3.515892641371510e-02,  1.377578838113497e-01,  6.786939325719317e-02,  2.547336543518464e-02,  1.434603846096713e-01
  1.710000000000000e+00, -3.564788317182054e-02,  3.507772618126714e-02,  1.377681622809202e-01,  6.780070579148981e-02,  2.549364702353354e-02,  1.433515848669393e-01
  1.720000000000000e+00, -3.579407454898532e-02,  3.500988619040690e-02,  1.377763219744472e-01,  6.773078871478928e-02,  2.551564402722773e-02,  1.432484201421544e-01
  1.730000000000000e+00, -3.596854205273463e-02,  3.495583202490482e-02,  1.377821628882726e-01,  6.765965532468624e-02,  2.553877109632212e-02,  1.431512974775169e-01
  1.740000000000000e+00, -3.617225983043254e-02,  3.491587621048242e-02,  1.377854842106012e-01,  6.758733801037811e-02,  2.556260336382702e-02,  1.430606476906929e-01
  1.750000000000000e+00, -3.640614771106317e-02,  3.489036270060430e-02,  1.377860295563818e-01,  6.751384243977840e-02,  2.558667737965189e-02,  1.429770523287852e-01
  1.760000000000000e+00, -3.667091716701887e-02,  3.487932100881674e-02,  1.377837473514234e-01,  6.743929615794557e-02,  2.561089574051577e-02,  1.429006092304212e-01
  1.770000000000000e+00, -3.696730317681432e-02,  3.488299343104861e-02,  1.377784239707409e-01,  6.736373035575674e-02,  2.563489133050567e-02,  1.428318278116978e-01
  1.780000000000000e+00, -3.729556985187663e-02,  3.490136989249470e-02,  1.377705030059237e-01,  6.728746973290942e-02,  2.565827831114486e-02,  1.427695209007701e-01
  1.790000000000000e+00, -3.765685192673656e-02,  3.493473251028023e-02,  1.377587512885638e-01,  6.721012475985409e-02,  2.568126356345645e-02,  1.427169492078990e-01
  1.800000000000000e+00, -3.805128485644579e-02,  3.498296948392299e-02,  1.377435871416131e-01,  6.713200727189816e-02,  2.570357934566175e-02,  1.426730205564967e-01
  1.810000000000000e+00, -3.847983678802082e-02,  3.504623689368991e-02,  1.377241391546236e-01,  6.705285549879163e-02,  2.572526568808162e-02,  1.426400291659745e-01
  1.820000000000000e+00, -3.894141496837920e-02,  3.512410938401711e-02,  1.377017849526072e-01,  6.697342785692610e-02,  2.574612725436725e-02,  1.426144218132455e-01
  1.830000000000000e+00, -3.943652299820310e-02,  3.521662315291030e-02,  1.376757346307737e-01,  6.689350322521394e-02,  2.576638078546218e-02,  1.425983041649135e-01
  1.840000000000000e+00, -3.996480397714679e-02,  3.532370093247006e-02,  1.376460829799328e-01,  6.681324107933026e-02,  2.578596364388766e-02,  1.425914408556321e-01
  1.850000000000000e+00, -4.052587612262666e-02,  3.544505212075100e-02,  1.376123989171023e-01,  6.673260346339503e-02,  2.580544950039652e-02,  1.425950532916053e-01
  1.860000000000000e+00, -4.111879159288907e-02,  3.558052947575563e-02,  1.375747497697559e-01,  6.665174705307562e-02,  2.582494992865443e-02,  1.426089670147337e-01
  1.870000000000000e+00, -4.174229156117080e-02,  3.572992618076642e-02,  1.375330252983068e-01,  6.657076682352121e-02,  2.584479729963731e-02,  1.426334785116657e-01
  1.880000000000000e+00, -4.239472297446315e-02,  3.589307111074547e-02,  1.374870660106296e-01,  6.648973525127687e-02,  2.586529544693804e-02,  1.426689788193919e-01
  1.890000000000000e+00, -4.307363683570094e-02,  3.606960934682091e-02,  1.374367750899589e-01,  6.640881974398141e-02,  2.588712962009661e-02,  1.427156868160124e-01
  1.900000000000000e+00, -4.377615449906012e-02,  3.625932919521246e-02,  1.373819393734564e-01,  6.632812230983161e-02,  2.591077170067913e-02,  1.427740551887374e-01
  1.910000000000000e+00, -4.449855689862748e-02,  3.646194030513694e-02,  1.373223365008093e-01,  6.624779376080438e-02,  2.593687317894161e-02,  1.428445079377778e-01
  1.920000000000000e+00, -4.523623693109564e-02,  3.667710940716362e-02,  1.372576997454717e-01,  6.616801526600993e-02,  2.596618652872395e-02,  1.429275084375590e-01
  1.930000000000000e+00, -4.598357485821485e-02,  3.690444396807169e-02,  1.371877122659846e-01,  6.608900598127332e-02,  2.599957514852839e-02,  1.430235565282452e-01
  1.940000000000000e+00, -4.673381014393289e-02,  3.714346915291111e-02,  1.371120026072081e-01,  6.601103085742759e-02,  2.603802765163575e-02,  1.431331811112154e-01
  1.950000000000000e+00, -4.747891726442314e-02,  3.739359980068646e-02,  1.370301415654963e-01,  6.593440807286667e-02,  2.608267343135401e-02,  1.432569280320020e-01
  1.960000000000000e+00, -4.820949467942841e-02,  3.765410794317914e-02,  1.369416404203488e-01,  6.585951535897339e-02,  2.613479822728020e-02,  1.433953441426288e-01
  1.970000000000000e+00, -4.891467907670070e-02,  3.792408721404050e-02,  1.368459512827990e-01,  6.578679412765240e-02,  2.619585823927493e-02,  1.435489578676188e-01
  1.980000000000000e+00, -4.958210013662538e-02,  3.820241669514890e-02,  1.367424709600812e-01,  6.571675047124974e-02,  2.626749056743341e-02,  1.437182558971909e-01
  1.990000000000000e+00, -5.019789363765826e-02,  3.848772777443488e-02,  1.366305496769868e-01,  6.564995227485243e-02,  2.635151697712527e-02,  1.439036562599239e-01
  2.000000000000000e+00, -5.074679183113250e-02,  3.877837856473043e-02,  1.365095049471903e-01,  6.558702159245433e-02,  2.644993778313078e-02,  1.441054787338041e-01
  2.010000000000000e+00, -5.121230903701823e-02,  3.907244135612786e-02,  1.363786401652127e-01,  6.552862151127736e-02,  2.656491254984870e-02,  1.443239132593530e-01
  2.020000000000000e+00, -5.157703691614140e-02,  3.936770860941707e-02,  1.362372686543841e-01,  6.547543697288347e-02,  2.669872401040549e-02,  1.445589872401067e-01
  2.030000000000000e+00, -5.182305678794075e-02,  3.966172198490225e-02,  1.360847448786858e-01,  6.542814929632207e-02,  2.685372207887271e-02,  1.448105335391927e-01
  2.040000000000000e+00, -5.193246522084576e-02,  3.995182690761800e-02,  1.359205031845322e-01,  6.538740467233591e-02,  2.703224642204228e-02,  1.450781612258549e-01
  2.050000000000000e+00, -5.188799528502040e-02,  4.023525227712699e-02,  1.357441026797523e-01,  6.535377787260767e-02,  2.723652775922040e-02,  1.453612302229771e-01
  2.060000000000000e+00, -5.167370171835930e-02,  4.050921198863477e-02,  1.355552765730996e-01,  6.532773350650180e-02,  2.746856947026127e-02,  1.456588293492392e-01
  2.070000000000000e+00, -5.127566721471701e-02,  4.077102232490315e-02,  1.353539839072363e-01,  6.530958779807777e-02,  2.773001265771240e-02,  1.459697562206539e-01
  2.080000000000000e+00, -5.068268060939029e-02,  4.101822683530942e-02,  1.351404595929755e-01,  6.529947414638469e-02,  2.802198945075248e-02,  1.462924980564298e-01
  2.090000000000000e+00, -4.988683571765441e-02,  4.124871921002216e-02,  1.349152576859163e-01,  6.529731605005602e-02,  2.834496977777527e-02,  1.466252127309894e-01
  2.100000000000000e+00, -4.888400392873623e-02,  4.146085581883185e-02,  1.346792841345968e-01,  6.530281083920293e-02,  2.869860579331517e-02,  1.469657091741784e-01
  2.110000000000000e+00, -4.767414450756896e-02,  4.165355175619911e-02,  1.344338155497312e-01,  6.531542660582619e-02,  2.908157748037856e-02,  1.473114278019156e-01
  2.120000000000000e+00, -4.626143098365239e-02,  4.182635641170318e-02,  1.341805005165855e-01,  6.533441352692747e-02,  2.949144329133198e-02,  1.476594223228179e-01
  2.130000000000000e+00, -4.465419011435743e-02,  4.197950621633351e-02,  1.339213421788256e-01,  6.535882986361358e-02,  2.992450036276546e-02,  1.480063423616427e-01
  2.140000000000000e+00, -4.286466949835747e-02,  4.211395252336692e-02,  1.336586630311377e-01,  6.538758183199285e-02,  3.037566008316017e-02,  1.483484175665681e-01
  2.150000000000000e+00, -4.090873599057625e-02,  4.223151126948621e-02,  1.333949364347475e-01,  6.541942569729177e-02,  3.083827076285738e-02,  1.486817286624136e-01
  2.160000000000000e+00, -3.880523801405336e-02,  4.233426523652373e-02,  1.331331591819079e-01,  6.545321169862420e-02,  3.130435536659042e-02,  1.490011443446366e-01
  2.170000000000000e+00, -3.657538158845317e-02,  4.242519468051786e-02,  1.328762320687435e-01,  6.548773128424258e-02,  3.176416904634529e-02,  1.493016572917630e-01
  2.180000000000000e+00, -3.424272072597438e-02,  4.250790380236191e-02,  1.326270129352450e-01,  6.552182377841273e-02,  3.220640967395309e-02,  1.495780628517446e-01
  2.190000000000000e+00, -3.183214253230895e-02,  4.258607070024523e-02,  1.323884927590119e-01,  6.555455436372079e-02,  3.261847263565638e-02,  1.498243889989490e-01
  2.200000000000000e+00, -2.936928030716395e-02,  4.266354023277508e-02,  1.321636310695943e-01,  6.558523917996369e-02,  3.298639831654856e-02,  1.500341986610910e-01
  2.210000000000000e+00, -2.688064203731567e-02,  4.274413396235777e-02,  1.319552179102125e-01,  6.561344364954005e-02,  3.329516939201241e-02,  1.502008404297455e-01
  2.220000000000000e+00, -2.439398922743681e-02,  4.283072393485332e-02,  1.317660346188080e-01,  6.563904301141962e-02,  3.352959327477829e-02,  1.503171218405721e-01
  2.230000000000000e+00, -2.193671582824040e-02,  4.292599083274951e-02,  1.315987673249842e-01,  6.566230996505923e-02,  3.367372601388144e-02,  1.503755893026752e-01
  2.240000000000000e+00, -1.953763612389566e-02,  4.303104351143916e-02,  1.314561575066725e-01,  6.568384659863620e-02,  3.371253372758608e-02,  1.503684237409650e-01
  2.250000000000000e+00, -1.722616785435353e-02,  4.314582135193890e-02,  1.313409661144252e-01,  6.570458905094086e-02,  3.363199331936055e-02,  1.502877873518081e-01
  2.260000000000000e+00, -1.503253218294974e-02,  4.326880791171139e-02,  1.312560069607493e-01,  6.572573383272326e-02,  3.342007121502365e-02,  1.501261136568717e-01
  2.270000000000000e+00, -1.298784998721324e-02,  4.339689421652526e-02,  1.312041100067820e-01,  6.574860056902536e-02,  3.306795935413354e-02,  1.498766852550181e-01
  2.280000000000000e+00, -1.112281739043503e-02,  4.352585400472386e-02,  1.311879746337872e-01,  6.577450955501936e-02,  3.257073438312787e-02,  1.495343091198117e-01
  2.290000000000000e+00, -9.467084596944423e-03,  4.365052848434670e-02,  1.312100099037436e-01,  6.580456557232375e-02,  3.192843575092684e-02,  1.490960528663801e-01
  2.300000000000000e+00, -8.047274068422355e-03,  4.376526090003119e-02,  1.312720421252657e-01,  6.583945969058377e-02,  3.114724601537549e-02,  1.485622313380857e-01
  2.310000000000000e+00, -6.884785253056484e-03,  4.386420707526884e-02,  1.313750832237556e-01,  6.587928804560041e-02,  3.024022719405550e-02,  1.479370468715981e-01
  2.320000000000000e+00, -5.993444759478184e-03,  4.394225012821051e-02,  1.315189406342241e-01,  6.592344910145123e-02,  2.922682474636710e-02,  1.472290722098857e-01
  2.330000000000000e+00, -5.376840296908519e-03,  4.399546350529770e-02,  1.317018287213128e-01,  6.597059284814601e-02,  2.813308418798804e-02,  1.464518834356157e-01
  2.340000000000000e+00, -5.026675771279972e-03,  4.402132244821799e-02,  1.319204306925440e-01,  6.601883732708853e-02,  2.698945045282595e-02,  1.456228923250001e-01
  2.350000000000000e+00, -4.921617744754646e-03,  4.401949238240577e-02,  1.321695250694529e-01,  6.606592068370214e-02,  2.582954229110402e-02,  1.447635459280390e-01
  2.360000000000000e+00, -5.028556875777941e-03,  4.399139533942886e-02,  1.324425706266760e-01,  6.610964036665377e-02,  2.468668249192700e-02,  1.438968082780525e-01
  2.370000000000000e+00, -5.304643138029158e-03,  4.394044612671211e-02,  1.327318899643035e-01,  6.614811093040961e-02,  2.359177542914966e-02,  1.430461866464519e-01
  2.380000000000000e+00, -5.701194057600180e-03,  4.387154430475326e-02,  1.330293845275242e-01,  6.618003127219524e-02,  2.257077533121800e-02,  1.422336460834924e-01
  2.390000000000000e+00, -6.168498449805566e-03,  4.379036081333632e-02,  1.333273336033991e-01,  6.620480391349040e-02,  2.164294665428831e-02,  1.414777438638302e-01
  2.400000000000000e+00, -6.660077643243526e-03,  4.370285673665375e-02,  1.336189547548945e-01,  6.622246866060777e-02,  2.082035780797164e-02,  1.407927137466562e-01
  2.410000000000000e+00, -7.136461764535758e-03,  4.361462955841389e-02,  1.338989351270030e-01,  6.623355851494941e-02,  2.010800104255890e-02,  1.401877544699302e-01
  2.420000000000000e+00, -7.566950277740434e-03,  4.353073582554123e-02,  1.341635135253118e-01,  6.623886889192142e-02,  1.950496141016758e-02,  1.396674844498855e-01
  2.430000000000000e+00, -7.930579279917204e-03,  4.345534766638370e-02,  1.344105483891493e-01,  6.623928029628931e-02,  1.900559678513011e-02,  1.392322904036902e-01
  2.440000000000000e+00, -8.215618313286285e-03,  4.339170945219517e-02,  1.346393163355755e-01,  6.623561072945409e-02,  1.860098252136706e-02,  1.388792069574653e-01
  2.450000000000000e+00, -8.418269996316433e-03,  4.334214897553412e-02,  1.348502285757676e-01,  6.622853058959834e-02,  1.828025563187620e-02,  1.386028474065088e-01
  2.460000000000000e+00, -8.541184671114080e-03,  4.330809395645763e-02,  1.350445625378976e-01,  6.621853886279597e-02,  1.803163179743600e-02,  1.383961570053373e-01
  2.470000000000000e+00, -8.591911435727075e-03,  4.329013524260517e-02,  1.352242012824598e-01,  6.620597280608793e-02,  1.784317197010783e-02,  1.382510665349529e-01
  2.480000000000000e+00, -8.581383890840691e-03,  4.328811144514155e-02,  1.353914149972191e-01,  6.619104259182572e-02,  1.770331192354628e-02,  1.381589952240749e-01
  2.490000000000000e+00, -8.522818131334700e-03,  4.330126905224008e-02,  1.355486821494766e-01,  6.617386789686605e-02,  1.760109434019595e-02,  1.381112139316014e-01
  2.500000000000000e+00, -8.430676998349318e-03,  4.332840805865734e-02,  1.356985493811105e-01,  6.615451486792756e-02,  1.752633821141461e-02,  1.380991245038470e-01
  2.510000000000000e+00, -8.319969929452052e-03,  4.336817651334735e-02,  1.358434773633313e-01,  6.613301645734521e-02,  1.746962491585327e-02,  1.381145430222626e-01
  2.520000000000000e+00, -8.205414168428354e-03,  4.341899288775464e-02,  1.359858444834762e-01,  6.610941519171355e-02,  1.742236724733316e-02,  1.381496639785911e-01
  2.530000000000000e+00, -8.101261605834655e-03,  4.347944976248974e-02,  1.361277940371283e-01,  6.608375228872974e-02,  1.737668758840992e-02,  1.381973515864941e-01
  2.540000000000000e+00, -8.020978424082061e-03,  4.354811714423845e-02,  1.362712851339233e-01,  6.605607655393957e-02,  1.732548038895573e-02,  1.382510351758280e-01
  2.550000000000000e+00, -7.976901408986908e-03,  4.362368676051598e-02,  1.364180692799387e-01,  6.602645989052004e-02,  1.726232517475780e-02,  1.383047248342532e-01
  2.560000000000000e+00, -7.980131307446452e-03,  4.370526922839635e-02,  1.365695575947381e-01,  6.599498134880165e-02,  1.718147764819940e-02,  1.383532879353174e-01
  2.570000000000000e+00, -8.040917986482066e-03,  4.379134891473990e-02,  1.367272879509815e-01,  6.596172796745321e-02,  1.707782466954125e-02,  1.383915035298879e-01
  2.580000000000000e+00, -8.167702596021462e-03,  4.388135511208757e-02,  1.368922151722379e-01,  6.592678460284689e-02,  1.694703194036047e-02,  1.384155115907678e-01
  2.590000000000000e+00, -8.368023328680259e-03,  4.397427100336149e-02,  1.370653965479226e-01,  6.589022898235941e-02,  1.678529746464801e-02,  1.384213991741312e-01
  2.600000000000000e+00, -8.648134739786834e-03,  4.406925685067020e-02,  1.372476714347360e-01,  6.585210879164102e-02,  1.658953261001852e-02,  1.384058975366555e-01
  2.610000000000000e+00, -9.013243111570375e-03,  4.416568800183773e-02,  1.374397049553046e-01,  6.581244087235175e-02,  1.635718702487313e-02,  1.383662615689513e-01
  2.620000000000000e+00, -9.466601069927860e-03,  4.426328248462830e-02,  1.376419074328849e-01,  6.577123144990464e-02,  1.608645877972686e-02,  1.383004590084903e-01
  2.630000000000000e+00, -1.001087656308858e-02,  4.436184798294662e-02,  1.378545668016897e-01,  6.572842302392863e-02,  1.577605025542875e-02,  1.382068931396797e-01
  2.640000000000000e+00, -1.064698637492018e-02,  4.446134131097335e-02,  1.380778060905646e-01,  6.568392781039226e-02,  1.542535510173564e-02,  1.380844990418084e-01
  2.650000000000000e+00, -1.137432737890456e-02,  4.456251128329414e-02,  1.383113301023864e-01,  6.563762061668761e-02,  1.503441920961948e-02,  1.379332710573216e-01
  2.660000000000000e+00, -1.219078847758272e-02,  4.466631762684492e-02,  1.385546441029745e-01,  6.558933317147778e-02,  1.460394170885301e-02,  1.377538188653543e-01
  2.670000000000000e+00, -1.309329471678113e-02,  4.477433936591346e-02,  1.388068958994522e-01,  6.553886723552169e-02,  1.413518034967576e-02,  1.375476687273253e-01
  2.680000000000000e+00, -1.407596774612967e-02,  4.488836922327066e-02,  1.390670028142408e-01,  6.548601936598779e-02,  1.363021859962735e-02,  1.373170398089102e-01
  2.690000000000000e+00, -1.513311757427001e-02,  4.501078724415097e-02,  1.393335472062062e-01,  6.543058118138691e-02,  1.309142386584920e-02,  1.370649482683593e-01
  2.700000000000000e+00, -1.625698226820785e-02,  4.514412308358406e-02,  1.396048749456196e-01,  6.537237114357652e-02,  1.252193579896537e-02,  1.367950885022169e-01
  2.710000000000000e+00, -1.743753658069074e-02,  4.529137746343048e-02,  1.398790301824292e-01,  6.531125703975663e-02,  1.192526171479482e-02,  1.365118566823663e-01
  2.720000000000000e+00, -1.866436304721171e-02,  4.545574786885642e-02,  1.401537934983800e-01,  6.524719058123846e-02,  1.130536457518191e-02,  1.362202697983848e-01
  2.730000000000000e+00, -1.992557047663746e-02,  4.564042705854754e-02,  1.404267557201874e-01,  6.518020623589266e-02,  1.066666936572792e-02,  1.359258094226488e-01
  2.740000000000000e+00, -2.120797547134453e-02,  4.584860525022982e-02,  1.406953259141923e-01,  6.511044834616249e-02,  1.001392066621514e-02,  1.356343437144840e-01
  2.750000000000000e+00, -2.249593285623664e-02,  4.608431749270414e-02,  1.409563821173208e-01,  6.503824611354386e-02,  9.352106269647865e-03,  1.353527742869593e-01
  2.760000000000000e+00, -2.377318560964844e-02,  4.635122735708475e-02,  1.412067179495727e-01,  6.496404613744516e-02,  8.686523053157202e-03,  1.350881711260667e-01
  2.770000000000000e+00, -2.502147602278259e-02,  4.665356726193148e-02,  1.414426796519217e-01,  6.488847695332699e-02,  8.022643037441039e-03,  1.348484411335680e-01
  2.780000000000000e+00, -2.622211496446959e-02,  4.699524900000851e-02,  1.416605282464311e-01,  6.481229430548299e-02,  7.366055338772524e-03,  1.346415843732335e-01
  2.790000000000000e+00, -2.735013223232052e-02,  4.738362820140685e-02,  1.418548566898120e-01,  6.473659232744541e-02,  6.722582422889367e-03,  1.344788822544915e-01
  2.800000000000000e+00, -2.838672404064104e-02,  4.782197717894876e-02,  1.420217911094571e-01,  6.466236156695940e-02,  6.097857916237958e-03,  1.343683645727294e-01
  2.810000000000000e+00, -2.931464348953963e-02,  4.831272667720587e-02,  1.421577554419158e-01,  6.459068192669630e-02,  5.497161023431968e-03,  1.343171885926085e-01
  2.820000000000000e+00, -3.013559954259977e-02,  4.884738325746207e-02,  1.422641294857704e-01,  6.452216725529743e-02,  4.924086079350391e-03,  1.343218857797693e-01
  2.830000000000000e+00, -3.088778486932039e-02,  4.939672562513198e-02,  1.423522084844457e-01,  6.445641819251811e-02,  4.378410596481161e-03,  1.343578423272212e-01
  2.840000000000000e+00, -3.164715760999839e-02,  4.991083135649488e-02,  1.424438959084051e-01,  6.439183285403746e-02,  3.854854576879555e-03,  1.343778587408453e-01
  2.850000000000000e+00, -3.248151145098110e-02,  5.034968379857663e-02,  1.425585338008657e-01,  6.432655645871756e-02,  3.345400344146945e-03,  1.343401757139182e-01
  2.860000000000000e+00, -3.345461194616611e-02,  5.073012209084093e-02,  1.427045543024546e-01,  6.425575517142831e-02,  2.817324765728790e-03,  1.342278779762531e-01
  2.870000000000000e+00, -3.457444182372400e-02,  5.108515089466326e-02,  1.428778730589048e-01,  6.417664732697390e-02,  2.252984478049592e-03,  1.340513458200208e-01
  2.880000000000000e+00, -3.568427467189423e-02,  5.136559441237964e-02,  1.430604579158970e-01,  6.410056205913552e-02,  1.732823476596182e-03,  1.338445993245763e-01
  2.890000000000000e+00, -3.672512554209088e-02,  5.157157684213165e-02,  1.432413861545592e-01,  6.403115898592120e-02,  1.277696486181939e-03,  1.336285731828954e-01
  2.900000000000000e+00, -3.765916160904052e-02,  5.170815264220829e-02,  1.434125046246592e-01,  6.397085011605035e-02,  8.977671679026804e-04,  1.334186215217746e-01
  2.910000000000000e+00, -3.765916160904052e-02,  5.170815264220829e-02,  1.434125046246592e-01,  6.397085011605035e-02,  8.977671679026804e-04,  1.334186215217746e-01
