Main.Studies.MarkerTracking.t,Main.Studies.MarkerTracking.JointAngleOutputs.OutputFile_RightLeg.HipFlexion,Main.Studies.MarkerTracking.JointAngleOutputs.OutputFile_RightLeg.HipAbduction,Main.Studies.MarkerTracking.JointAngleOutputs.OutputFile_RightLeg.HipExternalRotation,Main.Studies.MarkerTracking.JointAngleOutputs.OutputFile_RightLeg.KneeFlexion,Main.Studies.MarkerTracking.JointAngleOutputs.OutputFile_RightLeg.AnklePlantarFlexion,Main.Studies.MarkerTracking.JointAngleOutputs.OutputFile_RightLeg.SubTalarEversion
  1.450000000000000e+01, -1.435220092520466e-01,  3.096210266383292e-02,  2.489279571177506e-01, -3.088726987381906e-02,  1.257068168924333e-02,  9.129068672540798e-02
  1.451000000000000e+01, -1.435797226740063e-01,  3.092539538337857e-02,  2.487034595089160e-01, -3.084898895248870e-02,  1.265245075381592e-02,  9.114743983524969e-02
  1.452000000000000e+01, -1.436429380735020e-01,  3.088688848688093e-02,  2.484810047507644e-01, -3.080895453223846e-02,  1.273771676394272e-02,  9.099032315486823e-02
  1.453000000000000e+01, -1.437100547373495e-01,  3.084815369712790e-02,  2.482530060581102e-01, -3.076867909053590e-02,  1.282665668972215e-02,  9.083094586473431e-02
  1.454000000000000e+01, -1.437814099302752e-01,  3.080924787279060e-02,  2.480190976563115e-01, -3.072822767429460e-02,  1.291950806172553e-02,  9.066960984114934e-02
  1.455000000000000e+01, -1.438594261079753e-01,  3.076841649613926e-02,  2.477888440908713e-01, -3.068521974959842e-02,  1.301683741713369e-02,  9.048907517010027e-02
  1.456000000000000e+01, -1.439394360981811e-01,  3.072927492594713e-02,  2.475440274571641e-01, -3.064448757529577e-02,  1.311735804718553e-02,  9.032410913832203e-02
  1.457000000000000e+01, -1.440238874096061e-01,  3.069011403132849e-02,  2.472938140178896e-01, -3.060367574948705e-02,  1.322171033137333e-02,  9.015779903009459e-02
  1.458000000000000e+01, -1.441129053653867e-01,  3.065098158309176e-02,  2.470382795113628e-01, -3.056282148468266e-02,  1.332989066690915e-02,  8.999044564704696e-02
  1.459000000000000e+01, -1.442066034547185e-01,  3.061192354826514e-02,  2.467775473041917e-01, -3.052194331891168e-02,  1.344188105895913e-02,  8.982229410262897e-02
  1.460000000000000e+01, -1.443050921292198e-01,  3.057298359451233e-02,  2.465117533164444e-01, -3.048105373768706e-02,  1.355765243981317e-02,  8.965360291116763e-02
  1.461000000000000e+01, -1.444084781813316e-01,  3.053420250449790e-02,  2.462410456398432e-01, -3.044015925301650e-02,  1.367716560719101e-02,  8.948464430903356e-02
  1.462000000000000e+01, -1.445168644574353e-01,  3.049561776984211e-02,  2.459655850435411e-01, -3.039925996517863e-02,  1.380037103779575e-02,  8.931570418298565e-02
  1.463000000000000e+01, -1.446303498200799e-01,  3.045726325179787e-02,  2.456855464924042e-01, -3.035834836206074e-02,  1.392720774858970e-02,  8.914708271481467e-02
  1.464000000000000e+01, -1.447490292995227e-01,  3.041916848456450e-02,  2.454011206088255e-01, -3.031740766559576e-02,  1.405760184595408e-02,  8.897909571169887e-02
  1.465000000000000e+01, -1.448729939549014e-01,  3.038135767470718e-02,  2.451125145570879e-01, -3.027641042200900e-02,  1.419146550170217e-02,  8.881207498191646e-02
  1.466000000000000e+01, -1.450023300502456e-01,  3.034384913185395e-02,  2.448199535811497e-01, -3.023531792906966e-02,  1.432869663982502e-02,  8.864636618528850e-02
  1.467000000000000e+01, -1.451371182703351e-01,  3.030665542693134e-02,  2.445236842277558e-01, -3.019408046688679e-02,  1.446917907564129e-02,  8.848232387886981e-02
  1.468000000000000e+01, -1.452774337761181e-01,  3.026978367723143e-02,  2.442239781227055e-01, -3.015263813497556e-02,  1.461278320978631e-02,  8.832030600236722e-02
  1.469000000000000e+01, -1.454233468434043e-01,  3.023323554491730e-02,  2.439211350287527e-01, -3.011092207158641e-02,  1.475936719363036e-02,  8.816067025832133e-02
  1.470000000000000e+01, -1.455749235737452e-01,  3.019700737610997e-02,  2.436154850733284e-01, -3.006885588450746e-02,  1.490877802180328e-02,  8.800377276119263e-02
  1.471000000000000e+01, -1.457322264133054e-01,  3.016109078417206e-02,  2.433073899626522e-01, -3.002635749475402e-02,  1.506085252469835e-02,  8.784996917464358e-02
  1.472000000000000e+01, -1.458953140260214e-01,  3.012547334839688e-02,  2.429972429935952e-01, -2.998334118540262e-02,  1.521541828825973e-02,  8.769961802012416e-02
  1.473000000000000e+01, -1.460642404661767e-01,  3.009013933770288e-02,  2.426854678968861e-01, -2.993971924494366e-02,  1.537229442094875e-02,  8.755308434153178e-02
  1.474000000000000e+01, -1.462390545892169e-01,  3.005507066565904e-02,  2.423725162600436e-01, -2.989540327475144e-02,  1.553129250305802e-02,  8.741074291147893e-02
  1.475000000000000e+01, -1.464198001519461e-01,  3.002024806123460e-02,  2.420588635850592e-01, -2.985030564087536e-02,  1.569221783030350e-02,  8.727298140788330e-02
  1.476000000000000e+01, -1.466065155125493e-01,  2.998565244330065e-02,  2.417450051705256e-01, -2.980434102362598e-02,  1.585487063704471e-02,  8.714020293327175e-02
  1.477000000000000e+01, -1.467992323046084e-01,  2.995126648880286e-02,  2.414314532005890e-01, -2.975742749448403e-02,  1.601904706264243e-02,  8.701282611786570e-02
  1.478000000000000e+01, -1.469979740344045e-01,  2.991707622272410e-02,  2.411187346665488e-01, -2.970948683940571e-02,  1.618453984210506e-02,  8.689128264069293e-02
  1.479000000000000e+01, -1.472027551789371e-01,  2.988307242263910e-02,  2.408073885275548e-01, -2.966044455560867e-02,  1.635113901166753e-02,  8.677601378361460e-02
  1.480000000000000e+01, -1.474135802785650e-01,  2.984925168848207e-02,  2.404979620402337e-01, -2.961023002971076e-02,  1.651863293837433e-02,  8.666746646857662e-02
  1.481000000000000e+01, -1.476304426377830e-01,  2.981561717757142e-02,  2.401910077401398e-01, -2.955877690820000e-02,  1.668680945724140e-02,  8.656608888821853e-02
  1.482000000000000e+01, -1.478533233730174e-01,  2.978217906168457e-02,  2.398870813386659e-01, -2.950602375921699e-02,  1.685545694060276e-02,  8.647232703712207e-02
  1.483000000000000e+01, -1.480821918531601e-01,  2.974895472133321e-02,  2.395867392895499e-01, -2.945191552960064e-02,  1.702436574176755e-02,  8.638662218682859e-02
  1.484000000000000e+01, -1.483170065359001e-01,  2.971596869188087e-02,  2.392905360109870e-01, -2.939640574659639e-02,  1.719333018688909e-02,  8.630940755542096e-02
  1.485000000000000e+01, -1.485577142538832e-01,  2.968325233899050e-02,  2.389990224341283e-01, -2.933945873717091e-02,  1.736215061674533e-02,  8.624110323564883e-02
  1.486000000000000e+01, -1.488042484648706e-01,  2.965084331696799e-02,  2.387127465758986e-01, -2.928105138082341e-02,  1.753063503693195e-02,  8.618210972359618e-02
  1.487000000000000e+01, -1.490565286228203e-01,  2.961878484538416e-02,  2.384322548154927e-01, -2.922117443144754e-02,  1.769860033828193e-02,  8.613280107872694e-02
  1.488000000000000e+01, -1.493144608850671e-01,  2.958712468383617e-02,  2.381580912193322e-01, -2.915983353313608e-02,  1.786587338095843e-02,  8.609352019901308e-02
  1.489000000000000e+01, -1.495779380011153e-01,  2.955591411797687e-02,  2.378907926200932e-01, -2.909704966856472e-02,  1.803229206454092e-02,  8.606457810685243e-02
  1.490000000000000e+01, -1.498468374642885e-01,  2.952520745469700e-02,  2.376308806070402e-01, -2.903285888013791e-02,  1.819770599277875e-02,  8.604625540699311e-02
  1.491000000000000e+01, -1.501210198054338e-01,  2.949506178661898e-02,  2.373788539779977e-01, -2.896731175356062e-02,  1.836197649004804e-02,  8.603880316894424e-02
  1.492000000000000e+01, -1.504003283855910e-01,  2.946553667534757e-02,  2.371351833825956e-01, -2.890047302456723e-02,  1.852497652409315e-02,  8.604244212510515e-02
  1.493000000000000e+01, -1.506845897783256e-01,  2.943669384490244e-02,  2.369003078415657e-01, -2.883242090321128e-02,  1.868659119618237e-02,  8.605735934021086e-02
  1.494000000000000e+01, -1.509736139627759e-01,  2.940859694619835e-02,  2.366746326141268e-01, -2.876324562090919e-02,  1.884671831295028e-02,  8.608370337775302e-02
  1.495000000000000e+01, -1.512671949481006e-01,  2.938131122465593e-02,  2.364585283014148e-01, -2.869304750143524e-02,  1.900526830430925e-02,  8.612158040976819e-02
  1.496000000000000e+01, -1.515651121322248e-01,  2.935490272480168e-02,  2.362523308266027e-01, -2.862193514297031e-02,  1.916216382790666e-02,  8.617105185897549e-02
  1.497000000000000e+01, -1.518671317831574e-01,  2.932943706452384e-02,  2.360563408651517e-01, -2.855002391993847e-02,  1.931733976390332e-02,  8.623213340107838e-02
  1.498000000000000e+01, -1.521730081528980e-01,  2.930497844319402e-02,  2.358708216158574e-01, -2.847743478281700e-02,  1.947074385555641e-02,  8.630479527765647e-02
  1.499000000000000e+01, -1.524824839256261e-01,  2.928158919813351e-02,  2.356959953868896e-01, -2.840429277411050e-02,  1.962233720981228e-02,  8.638896347914599e-02
  1.500000000000000e+01, -1.527952904198816e-01,  2.925932956418520e-02,  2.355320402803434e-01, -2.833072490035160e-02,  1.977209370834527e-02,  8.648452142618199e-02
  1.501000000000000e+01, -1.531111487312088e-01,  2.923825723827433e-02,  2.353790881664960e-01, -2.825685818100025e-02,  1.991999883298767e-02,  8.659131112576982e-02
  1.502000000000000e+01, -1.534297718870461e-01,  2.921842656201412e-02,  2.352372241324590e-01, -2.818281841476587e-02,  2.006604879641439e-02,  8.670913300395451e-02
  1.503000000000000e+01, -1.537508666630172e-01,  2.919988738195678e-02,  2.351064865909703e-01, -2.810872922304946e-02,  2.021024994800458e-02,  8.683774606770477e-02
  1.504000000000000e+01, -1.540741342531975e-01,  2.918268384289213e-02,  2.349868676775606e-01, -2.803471104949939e-02,  2.035261798942295e-02,  8.697687057571747e-02
  1.505000000000000e+01, -1.543992704201068e-01,  2.916685334241698e-02,  2.348783144122799e-01, -2.796088015645840e-02,  2.049317677909527e-02,  8.712619255481822e-02
  1.506000000000000e+01, -1.547259659112770e-01,  2.915242580831334e-02,  2.347807313229308e-01, -2.788734759278054e-02,  2.063195675592306e-02,  8.728536762944737e-02
  1.507000000000000e+01, -1.550539073023041e-01,  2.913942337532638e-02,  2.346939843265740e-01, -2.781421808970768e-02,  2.076899313595888e-02,  8.745402321183475e-02
  1.508000000000000e+01, -1.553827784576408e-01,  2.912786050700222e-02,  2.346179043483463e-01, -2.774158917764277e-02,  2.090432442263602e-02,  8.763176019880108e-02
  1.509000000000000e+01, -1.557122627020742e-01,  2.911774462806060e-02,  2.345522899292396e-01, -2.766955096081780e-02,  2.103799173409034e-02,  8.781815481316751e-02
  1.510000000000000e+01, -1.560420452828347e-01,  2.910907695180209e-02,  2.344969098655378e-01, -2.759818642222755e-02,  2.117003862350897e-02,  8.801275989746137e-02
  1.511000000000000e+01, -1.563718160144661e-01,  2.910185312653168e-02,  2.344515065908078e-01, -2.752757172739284e-02,  2.130051080151216e-02,  8.821510535336494e-02
  1.512000000000000e+01, -1.567012720814089e-01,  2.909606378537100e-02,  2.344157994211619e-01, -2.745777629034181e-02,  2.142945574833200e-02,  8.842469867305658e-02
  1.513000000000000e+01, -1.570301201589303e-01,  2.909169504082443e-02,  2.343894869578154e-01, -2.738886269869673e-02,  2.155692234096116e-02,  8.864102674369183e-02
  1.514000000000000e+01, -1.573580776956287e-01,  2.908872899774972e-02,  2.343722492979666e-01, -2.732088698105148e-02,  2.168296067176960e-02,  8.886355878521390e-02
  1.515000000000000e+01, -1.576848744959011e-01,  2.908714467526985e-02,  2.343637509686206e-01, -2.725389960008293e-02,  2.180762234371192e-02,  8.909174879750256e-02
  1.516000000000000e+01, -1.580102548964985e-01,  2.908691930557827e-02,  2.343636449663482e-01, -2.718794652104423e-02,  2.193096080009111e-02,  8.932503644653161e-02
  1.517000000000000e+01, -1.583339795990231e-01,  2.908802931811927e-02,  2.343715771935358e-01, -2.712306955654751e-02,  2.205303106879671e-02,  8.956284755141614e-02
  1.518000000000000e+01, -1.586558266262047e-01,  2.909045055766102e-02,  2.343871898045820e-01, -2.705930624007786e-02,  2.217388897495099e-02,  8.980459630994007e-02
  1.519000000000000e+01, -1.589755916686604e-01,  2.909415799331794e-02,  2.344101227890261e-01, -2.699668997738675e-02,  2.229359023292407e-02,  9.004969013146760e-02
  1.520000000000000e+01, -1.592930879889587e-01,  2.909912531082592e-02,  2.344400145252806e-01, -2.693525063443917e-02,  2.241218993058349e-02,  9.029753535723731e-02
  1.521000000000000e+01, -1.596081457897013e-01,  2.910532453120007e-02,  2.344765026971379e-01, -2.687501502079555e-02,  2.252974249078050e-02,  9.054754104608888e-02
  1.522000000000000e+01, -1.599206114139387e-01,  2.911272576579704e-02,  2.345192258015542e-01, -2.681600714914881e-02,  2.264630175958039e-02,  9.079912104556694e-02
  1.523000000000000e+01, -1.602303469030442e-01,  2.912129728265489e-02,  2.345678242121753e-01, -2.675824868991870e-02,  2.276192092625767e-02,  9.105169708991105e-02
  1.524000000000000e+01, -1.605372296532571e-01,  2.913100595687279e-02,  2.346219406627314e-01, -2.670175933558691e-02,  2.287665199161491e-02,  9.130470305092454e-02
  1.525000000000000e+01, -1.608411516514259e-01,  2.914181799567150e-02,  2.346812209351715e-01, -2.664655635167917e-02,  2.299054472441970e-02,  9.155758769640700e-02
  1.526000000000000e+01, -1.611420186830240e-01,  2.915369983996396e-02,  2.347453153815321e-01, -2.659265354844045e-02,  2.310364559838919e-02,  9.180981475497926e-02
  1.527000000000000e+01, -1.614397500920601e-01,  2.916661916082353e-02,  2.348138812146940e-01, -2.654006063590512e-02,  2.321599725817776e-02,  9.206086182304375e-02
  1.528000000000000e+01, -1.617342786249861e-01,  2.918054569557094e-02,  2.348865843275065e-01, -2.648878336571554e-02,  2.332763841736769e-02,  9.231022023354285e-02
  1.529000000000000e+01, -1.620255497155496e-01,  2.919545171041760e-02,  2.349630995743230e-01, -2.643882420990528e-02,  2.343860403375211e-02,  9.255739624636314e-02
  1.530000000000000e+01, -1.623135201827390e-01,  2.921131209803574e-02,  2.350431098651196e-01, -2.639018319715331e-02,  2.354892596420222e-02,  9.280191273514039e-02
  1.531000000000000e+01, -1.625981567708934e-01,  2.922810423423505e-02,  2.351263052868356e-01, -2.634285857584037e-02,  2.365863371286219e-02,  9.304331095793127e-02
  1.532000000000000e+01, -1.628794353732030e-01,  2.924580782297981e-02,  2.352123832460246e-01, -2.629684734862984e-02,  2.376775468977243e-02,  9.328115186397747e-02
  1.533000000000000e+01, -1.631573411462259e-01,  2.926440486426429e-02,  2.353010495724886e-01, -2.625214595921434e-02,  2.387631428997680e-02,  9.351501617927767e-02
  1.534000000000000e+01, -1.634318685550493e-01,  2.928387963869516e-02,  2.353920199777424e-01, -2.620875101305553e-02,  2.398433621410548e-02,  9.374450336569831e-02
  1.535000000000000e+01, -1.637030205549321e-01,  2.930421863186305e-02,  2.354850211838425e-01, -2.616665980634263e-02,  2.409184289318567e-02,  9.396923082368303e-02
  1.536000000000000e+01, -1.639708072439333e-01,  2.932541049550408e-02,  2.355797911040856e-01, -2.612587085331947e-02,  2.419885586928272e-02,  9.418883469461233e-02
  1.537000000000000e+01, -1.642352447874080e-01,  2.934744620249430e-02,  2.356760782449846e-01, -2.608638445434906e-02,  2.430539606280157e-02,  9.440297146971866e-02
  1.538000000000000e+01, -1.644963549525310e-01,  2.937031942853263e-02,  2.357736410653822e-01, -2.604820294789036e-02,  2.441148380975933e-02,  9.461131858207064e-02
  1.539000000000000e+01, -1.647541651267172e-01,  2.939402699195459e-02,  2.358722476953795e-01, -2.601133052756763e-02,  2.451713873597195e-02,  9.481357405999241e-02
  1.540000000000000e+01, -1.650087083136591e-01,  2.941856911637641e-02,  2.359716757499836e-01, -2.597577277148614e-02,  2.462237958706373e-02,  9.500945656921182e-02
  1.541000000000000e+01, -1.652600225115434e-01,  2.944394935338823e-02,  2.360717119522865e-01, -2.594153595067647e-02,  2.472722395192941e-02,  9.519870583324443e-02
  1.542000000000000e+01, -1.655081495413548e-01,  2.947017426229026e-02,  2.361721518836113e-01, -2.590862609997367e-02,  2.483168780584138e-02,  9.538108241017594e-02
  1.543000000000000e+01, -1.657531337739845e-01,  2.949725314115703e-02,  2.362727998347722e-01, -2.587704781035747e-02,  2.493578485894088e-02,  9.555636708076051e-02
  1.544000000000000e+01, -1.659950206573753e-01,  2.952519785253549e-02,  2.363734678749274e-01, -2.584680278231320e-02,  2.503952574909125e-02,  9.572436125962576e-02
  1.545000000000000e+01, -1.662338546095558e-01,  2.955402261742268e-02,  2.364739738819682e-01, -2.581788813080515e-02,  2.514291714458845e-02,  9.588488836967984e-02
  1.546000000000000e+01, -1.664696765392438e-01,  2.958374391828600e-02,  2.365741395050943e-01, -2.579029441494179e-02,  2.524596075026916e-02,  9.603779455733026e-02
  1.547000000000000e+01, -1.667025218878722e-01,  2.961438068607691e-02,  2.366737888901117e-01, -2.576400369282697e-02,  2.534865229173347e-02,  9.618294821658853e-02
  1.548000000000000e+01, -1.669324196407566e-01,  2.964595459726183e-02,  2.367727483216785e-01, -2.573898797108583e-02,  2.545098066018671e-02,  9.632023893757800e-02
  1.549000000000000e+01, -1.671593920456973e-01,  2.967849013558466e-02,  2.368708467287408e-01, -2.571520828215162e-02,  2.555292732618559e-02,  9.644957636207648e-02
  1.550000000000000e+01, -1.673834547043438e-01,  2.971201426417980e-02,  2.369679165500516e-01, -2.569261459827479e-02,  2.565446614811531e-02,  9.657088962787704e-02
  1.551000000000000e+01, -1.676046168935183e-01,  2.974655583900598e-02,  2.370637941021042e-01, -2.567114639187468e-02,  2.575556370226116e-02,  9.668412801492030e-02
  1.552000000000000e+01, -1.678228820102026e-01,  2.978214501113419e-02,  2.371583192508936e-01, -2.565073327652437e-02,  2.585617986844178e-02,  9.678926242781358e-02
  1.553000000000000e+01, -1.680382482886901e-01,  2.981881282546928e-02,  2.372513349655155e-01, -2.563129564539787e-02,  2.595626826976992e-02,  9.688628656686865e-02
  1.554000000000000e+01, -1.682507100831490e-01,  2.985659100061389e-02,  2.373426871109674e-01, -2.561274579556140e-02,  2.605577675718867e-02,  9.697521698389194e-02
  1.555000000000000e+01, -1.684602594002411e-01,  2.989551158594028e-02,  2.374322243528222e-01, -2.559498957022522e-02,  2.615464813752959e-02,  9.705609251484422e-02
  1.556000000000000e+01, -1.686668868255119e-01,  2.993560628308889e-02,  2.375197982820523e-01, -2.557792785897672e-02,  2.625282060585345e-02,  9.712897414855040e-02
  1.557000000000000e+01, -1.688705816206170e-01,  2.997690559026966e-02,  2.376052642052880e-01, -2.556145757957956e-02,  2.635022757933521e-02,  9.719394515076572e-02
  1.558000000000000e+01, -1.690713319041157e-01,  3.001943822622199e-02,  2.376884824739710e-01, -2.554547255423798e-02,  2.644679758653349e-02,  9.725111015881539e-02
  1.559000000000000e+01, -1.692691255590973e-01,  3.006323118385312e-02,  2.377693195046107e-01, -2.552986487484640e-02,  2.654245495063693e-02,  9.730059311284070e-02
  1.560000000000000e+01, -1.694604770261416e-01,  3.010902376353752e-02,  2.378394193500096e-01, -2.551609089705698e-02,  2.663625520580951e-02,  9.735547913469300e-02
  1.561000000000000e+01, -1.696523433003811e-01,  3.015545669070185e-02,  2.379149598322234e-01, -2.550096306647098e-02,  2.672984258712574e-02,  9.739036451622352e-02
  1.562000000000000e+01, -1.698412545325790e-01,  3.020320349245265e-02,  2.379879460327209e-01, -2.548585148757972e-02,  2.682229237545717e-02,  9.741769032260515e-02
  1.563000000000000e+01, -1.700271774956630e-01,  3.025230160135117e-02,  2.380581020270864e-01, -2.547070146849383e-02,  2.691351308952762e-02,  9.743796122761283e-02
  1.564000000000000e+01, -1.702101110126642e-01,  3.030276812333232e-02,  2.381253351373898e-01, -2.545542177750459e-02,  2.700342674445488e-02,  9.745137205217960e-02
  1.565000000000000e+01, -1.703900570456007e-01,  3.035461657904159e-02,  2.381895692783052e-01, -2.543992642779718e-02,  2.709195716113864e-02,  9.745811806661886e-02
  1.566000000000000e+01, -1.705670205374920e-01,  3.040785706165527e-02,  2.382507411546483e-01, -2.542413668763623e-02,  2.717903031874944e-02,  9.745840205498371e-02
  1.567000000000000e+01, -1.707410087320339e-01,  3.046249594056505e-02,  2.383087994552659e-01, -2.540798128482779e-02,  2.726457500211874e-02,  9.745243311293621e-02
  1.568000000000000e+01, -1.709120303287807e-01,  3.051853592811615e-02,  2.383637044591694e-01, -2.539139647516729e-02,  2.734852365831713e-02,  9.744042384449397e-02
  1.569000000000000e+01, -1.710800947241171e-01,  3.057597662736322e-02,  2.384154289764467e-01, -2.537432640802962e-02,  2.743081346493670e-02,  9.742258612107935e-02
  1.570000000000000e+01, -1.712452111740240e-01,  3.063481486945485e-02,  2.384639590019648e-01, -2.535672360731011e-02,  2.751138728827861e-02,  9.739912820320924e-02
  1.571000000000000e+01, -1.714073878927671e-01,  3.069504438654858e-02,  2.385092930876900e-01, -2.533854938871584e-02,  2.759019427685861e-02,  9.737025462186279e-02
  1.572000000000000e+01, -1.715666312373199e-01,  3.075665508940206e-02,  2.385514411426223e-01, -2.531977427147191e-02,  2.766719024049204e-02,  9.733616722775372e-02
  1.573000000000000e+01, -1.717229450852987e-01,  3.081963247088870e-02,  2.385904229623170e-01, -2.530037843900006e-02,  2.774233825294922e-02,  9.729706632878794e-02
  1.574000000000000e+01, -1.718763304857899e-01,  3.088395768735541e-02,  2.386262669697574e-01, -2.528035206195708e-02,  2.781560945870283e-02,  9.725315175546176e-02
  1.575000000000000e+01, -1.720267855616956e-01,  3.094960837634209e-02,  2.386590100353932e-01, -2.525969517042465e-02,  2.788698338111158e-02,  9.720462357084118e-02
  1.576000000000000e+01, -1.721743055826618e-01,  3.101655951403148e-02,  2.386886980477644e-01, -2.523841711118567e-02,  2.795644739926153e-02,  9.715168252650806e-02
  1.577000000000000e+01, -1.723188831653625e-01,  3.108478382746127e-02,  2.387153865682901e-01, -2.521653590443687e-02,  2.802399562490447e-02,  9.709453040796126e-02
  1.578000000000000e+01, -1.724605084277946e-01,  3.115425193120669e-02,  2.387391415504725e-01, -2.519407751769838e-02,  2.808962736412125e-02,  9.703337024927101e-02
  1.579000000000000e+01, -1.725991689497348e-01,  3.122493233804535e-02,  2.387600395490398e-01, -2.517107511102538e-02,  2.815334586663740e-02,  9.696840634164104e-02
  1.580000000000000e+01, -1.727348497179167e-01,  3.129679130808638e-02,  2.387781668295317e-01, -2.514756853428939e-02,  2.821515820746530e-02,  9.689984376260954e-02
  1.581000000000000e+01, -1.728675331333133e-01,  3.136979268621998e-02,  2.387936181682455e-01, -2.512360375062080e-02,  2.827507564212527e-02,  9.682788747197732e-02
  1.582000000000000e+01, -1.729971987559328e-01,  3.144389796099367e-02,  2.388064960045071e-01, -2.509923157360257e-02,  2.833311309602413e-02,  9.675274134698678e-02
  1.583000000000000e+01, -1.731238225443455e-01,  3.151906656863201e-02,  2.388169091955908e-01, -2.507450594342521e-02,  2.838928796205437e-02,  9.667460760562716e-02
  1.584000000000000e+01, -1.732473758812847e-01,  3.159525640242178e-02,  2.388249711106942e-01, -2.504948240196710e-02,  2.844361934713772e-02,  9.659368667079254e-02
  1.585000000000000e+01, -1.733678248673610e-01,  3.167242444324558e-02,  2.388307980416095e-01, -2.502421689135406e-02,  2.849612790931957e-02,  9.651017692076913e-02
  1.586000000000000e+01, -1.734851300196722e-01,  3.175052727143335e-02,  2.388345082318624e-01, -2.499876466554155e-02,  2.854683571072087e-02,  9.642427423815908e-02
  1.587000000000000e+01, -1.735992463861996e-01,  3.182952143499396e-02,  2.388362214759212e-01, -2.497317927856996e-02,  2.859576605184780e-02,  9.633617112008359e-02
  1.588000000000000e+01, -1.737101240082958e-01,  3.190936384379994e-02,  2.388360599178437e-01, -2.494751159470053e-02,  2.864294326929429e-02,  9.624605485714773e-02
  1.589000000000000e+01, -1.738177082841326e-01,  3.199001204230489e-02,  2.388341492460436e-01, -2.492180871752171e-02,  2.868839209544016e-02,  9.615410616623377e-02
  1.590000000000000e+01, -1.739219398701036e-01,  3.207142411345854e-02,  2.388306183971684e-01, -2.489611300787079e-02,  2.873213670280278e-02,  9.606049961189345e-02
  1.591000000000000e+01, -1.740227545669054e-01,  3.215355844472900e-02,  2.388255979545899e-01, -2.487046159460826e-02,  2.877420002888646e-02,  9.596540465111882e-02
  1.592000000000000e+01, -1.741200840193839e-01,  3.223637379642996e-02,  2.388192185927440e-01, -2.484488662838105e-02,  2.881460366607107e-02,  9.586898629681725e-02
  1.593000000000000e+01, -1.742138568857255e-01,  3.231982954862112e-02,  2.388116098817588e-01, -2.481941592709722e-02,  2.885336805984986e-02,  9.577140596087221e-02
  1.594000000000000e+01, -1.743039992726905e-01,  3.240388563525265e-02,  2.388028992926087e-01, -2.479407350457370e-02,  2.889051259586675e-02,  9.567282275363784e-02
  1.595000000000000e+01, -1.743904346014409e-01,  3.248850227507849e-02,  2.387932116979194e-01, -2.476888013337917e-02,  2.892605570498516e-02,  9.557339404019742e-02
  1.596000000000000e+01, -1.744730840835541e-01,  3.257363998921825e-02,  2.387826695641747e-01, -2.474385425534542e-02,  2.896001531194980e-02,  9.547327397575221e-02
  1.597000000000000e+01, -1.745518678177236e-01,  3.265925977908091e-02,  2.387713929410806e-01, -2.471901295478288e-02,  2.899240927107788e-02,  9.537261129793652e-02
  1.598000000000000e+01, -1.746267055165911e-01,  3.274532308913480e-02,  2.387594986183925e-01, -2.469437252223138e-02,  2.902325529931181e-02,  9.527154844126749e-02
  1.599000000000000e+01, -1.746975164758470e-01,  3.283179168116002e-02,  2.387470994117123e-01, -2.466994868760021e-02,  2.905257059889981e-02,  9.517022159449574e-02
  1.600000000000000e+01, -1.747642191975119e-01,  3.291862766442000e-02,  2.387343040340550e-01, -2.464575686924520e-02,  2.908037153736602e-02,  9.506876073093778e-02
  1.601000000000000e+01, -1.748267310205588e-01,  3.300579366415057e-02,  2.387212167738039e-01, -2.462181233965089e-02,  2.910667335948132e-02,  9.496728954668036e-02
  1.602000000000000e+01, -1.748849677999593e-01,  3.309325310148270e-02,  2.387079370125449e-01, -2.459813018656441e-02,  2.913148990377929e-02,  9.486592492554535e-02
  1.603000000000000e+01, -1.749388436661439e-01,  3.318097062702807e-02,  2.386945593003291e-01, -2.457472547672033e-02,  2.915483363916922e-02,  9.476477571829743e-02
  1.604000000000000e+01, -1.749882709386316e-01,  3.326891252973230e-02,  2.386811738193387e-01, -2.455161393873729e-02,  2.917671627221103e-02,  9.466394153725745e-02
  1.605000000000000e+01, -1.750331603056723e-01,  3.335704685581486e-02,  2.386678663170519e-01, -2.452881275656301e-02,  2.919714943007330e-02,  9.456351257460298e-02
  1.606000000000000e+01, -1.750734212364154e-01,  3.344534324478698e-02,  2.386547171469525e-01, -2.450634086326193e-02,  2.921614470173105e-02,  9.446357076509332e-02
  1.607000000000000e+01, -1.751089623176459e-01,  3.353377266012569e-02,  2.386418003518040e-01, -2.448421884536913e-02,  2.923371337105113e-02,  9.436419110581194e-02
  1.608000000000000e+01, -1.751396912223337e-01,  3.362230720175252e-02,  2.386291839498992e-01, -2.446246895769571e-02,  2.924986661905431e-02,  9.426544137638942e-02
  1.609000000000000e+01, -1.751655140427868e-01,  3.371091999271392e-02,  2.386169310321596e-01, -2.444111519410934e-02,  2.926461604005139e-02,  9.416738057704158e-02
  1.610000000000000e+01, -1.751863342215724e-01,  3.379958497362345e-02,  2.386051002535766e-01, -2.442018310104860e-02,  2.927797376917468e-02,  9.407005850946799e-02
  1.611000000000000e+01, -1.752020521029181e-01,  3.388827675672590e-02,  2.385937457159485e-01, -2.439969948382834e-02,  2.928995209325429e-02,  9.397351693964828e-02
  1.612000000000000e+01, -1.752125653279683e-01,  3.397697064071448e-02,  2.385829173492767e-01, -2.437969223693034e-02,  2.930056301630537e-02,  9.387779047627348e-02
  1.613000000000000e+01, -1.752177689660763e-01,  3.406564228971654e-02,  2.385726615425376e-01, -2.436019011911072e-02,  2.930981806836793e-02,  9.378290702457559e-02
  1.614000000000000e+01, -1.752175548232335e-01,  3.415426688649603e-02,  2.385630210982351e-01, -2.434122234036493e-02,  2.931772827976096e-02,  9.368888843843574e-02
  1.615000000000000e+01, -1.752118106149355e-01,  3.424281839946763e-02,  2.385540346165422e-01, -2.432281808778399e-02,  2.932430410614468e-02,  9.359575083747954e-02
  1.616000000000000e+01, -1.752004197615369e-01,  3.433126937687070e-02,  2.385457357346795e-01, -2.430500603691605e-02,  2.932955513118504e-02,  9.350350475879678e-02
  1.617000000000000e+01, -1.751832617777331e-01,  3.441959101781755e-02,  2.385381525015098e-01, -2.428781390839219e-02,  2.933348976934810e-02,  9.341215566723951e-02
  1.618000000000000e+01, -1.751602128250870e-01,  3.450775331943734e-02,  2.385313073273962e-01, -2.427126825631372e-02,  2.933611524106002e-02,  9.332170452333501e-02
  1.619000000000000e+01, -1.751311464258330e-01,  3.459572522304488e-02,  2.385252174547781e-01, -2.425539463794835e-02,  2.933743773811066e-02,  9.323214823449628e-02
  1.620000000000000e+01, -1.750959345067771e-01,  3.468347441989628e-02,  2.385198950838983e-01, -2.424021820441509e-02,  2.933746276208816e-02,  9.314348022993413e-02
  1.621000000000000e+01, -1.750544484607960e-01,  3.477096668510171e-02,  2.385153469861434e-01, -2.422576439978702e-02,  2.933619539981260e-02,  9.305569115686968e-02
  1.622000000000000e+01, -1.750065598214167e-01,  3.485816522484764e-02,  2.385115745928832e-01, -2.421205936774420e-02,  2.933364016528844e-02,  9.296876926877919e-02
  1.623000000000000e+01, -1.749521406033091e-01,  3.494503048703845e-02,  2.385085746327391e-01, -2.419913022355268e-02,  2.932980085911980e-02,  9.288270048774622e-02
  1.624000000000000e+01, -1.748910635428342e-01,  3.503152025057998e-02,  2.385063393352054e-01, -2.418700540867535e-02,  2.932468088713808e-02,  9.279746892916990e-02
  1.625000000000000e+01, -1.748232022303938e-01,  3.511758959848388e-02,  2.385048562450158e-01, -2.417571482600464e-02,  2.931828348141965e-02,  9.271305802793633e-02
  1.626000000000000e+01, -1.747484312076413e-01,  3.520319083409440e-02,  2.385041085175546e-01, -2.416528959453940e-02,  2.931061134396391e-02,  9.262945142048264e-02
  1.627000000000000e+01, -1.746666265445710e-01,  3.528827366521337e-02,  2.385040757701518e-01, -2.415576188973410e-02,  2.930166617726634e-02,  9.254663318081881e-02
  1.628000000000000e+01, -1.745776670487249e-01,  3.537278563588386e-02,  2.385047346854409e-01, -2.414716524549176e-02,  2.929144868943653e-02,  9.246458789042471e-02
  1.629000000000000e+01, -1.744814353686674e-01,  3.545667247352102e-02,  2.385060588356138e-01, -2.413953491386411e-02,  2.927995893326958e-02,  9.238330120832705e-02
  1.630000000000000e+01, -1.743778184735476e-01,  3.553987824589888e-02,  2.385080183504949e-01, -2.413290770758506e-02,  2.926719652838383e-02,  9.230276045628512e-02
  1.631000000000000e+01, -1.742667077748450e-01,  3.562234550487875e-02,  2.385105801389610e-01, -2.412732138170190e-02,  2.925316057832998e-02,  9.222295425983931e-02
  1.632000000000000e+01, -1.741479992887317e-01,  3.570401551162417e-02,  2.385137082113964e-01, -2.412281410711833e-02,  2.923784943605960e-02,  9.214387195835008e-02
  1.633000000000000e+01, -1.740215941844614e-01,  3.578482850957498e-02,  2.385173638594500e-01, -2.411942444993700e-02,  2.922126057451777e-02,  9.206550382697508e-02
  1.634000000000000e+01, -1.738873998978988e-01,  3.586472409450892e-02,  2.385215064330392e-01, -2.411719164081176e-02,  2.920339047040434e-02,  9.198784167051766e-02
  1.635000000000000e+01, -1.737453315169021e-01,  3.594364176957376e-02,  2.385260945662430e-01, -2.411615571801033e-02,  2.918423434733922e-02,  9.191087943008799e-02
  1.636000000000000e+01, -1.735953129477224e-01,  3.602152158223171e-02,  2.385310865629063e-01, -2.411635765959105e-02,  2.916378597775435e-02,  9.183461438591836e-02
  1.637000000000000e+01, -1.734372774612112e-01,  3.609830464145647e-02,  2.385364399183209e-01, -2.411783961199922e-02,  2.914203754465538e-02,  9.175904876278959e-02
  1.638000000000000e+01, -1.732711675699972e-01,  3.617393342452790e-02,  2.385421115582844e-01, -2.412064470712212e-02,  2.911897915013161e-02,  9.168419024849002e-02
  1.639000000000000e+01, -1.730969349214821e-01,  3.624835198482002e-02,  2.385480596163601e-01, -2.412481636666322e-02,  2.909459799858556e-02,  9.161005058502809e-02
  1.640000000000000e+01, -1.729145407637906e-01,  3.632150624993868e-02,  2.385542458205184e-01, -2.413039795329579e-02,  2.906887807819731e-02,  9.153664339337182e-02
  1.641000000000000e+01, -1.727239564722161e-01,  3.639334431128938e-02,  2.385606369201900e-01, -2.413743315935065e-02,  2.904180079277298e-02,  9.146398322382288e-02
  1.642000000000000e+01, -1.725251635324247e-01,  3.646381642553842e-02,  2.385672045669680e-01, -2.414596634808044e-02,  2.901334572346749e-02,  9.139208628226420e-02
  1.643000000000000e+01, -1.723181533161171e-01,  3.653287471034128e-02,  2.385739247925649e-01, -2.415604229665484e-02,  2.898349064574188e-02,  9.132097111126053e-02
  1.644000000000000e+01, -1.721029273355637e-01,  3.660047281273893e-02,  2.385807783632815e-01, -2.416770583749508e-02,  2.895221116714214e-02,  9.125065775774507e-02
  1.645000000000000e+01, -1.718794980856386e-01,  3.666656580832028e-02,  2.385877515724652e-01, -2.418100188791069e-02,  2.891948071697953e-02,  9.118116633804818e-02
  1.646000000000000e+01, -1.716478900359825e-01,  3.673111034938725e-02,  2.385948362626459e-01, -2.419597570661648e-02,  2.888527097397297e-02,  9.111251668183144e-02
  1.647000000000000e+01, -1.714081403352474e-01,  3.679406494140380e-02,  2.386020290791069e-01, -2.421267315830156e-02,  2.884955248779311e-02,  9.104472904517999e-02
  1.648000000000000e+01, -1.711602990926508e-01,  3.685539012677719e-02,  2.386093311089231e-01, -2.423114092496572e-02,  2.881229515228145e-02,  9.097782460760860e-02
  1.649000000000000e+01, -1.709044293921345e-01,  3.691504840024806e-02,  2.386167483216471e-01, -2.425142644340854e-02,  2.877346822492201e-02,  9.091182537207922e-02
  1.650000000000000e+01, -1.706354184434561e-01,  3.697310757235495e-02,  2.386190913305279e-01, -2.427416268379337e-02,  2.873219155625170e-02,  9.085555094977463e-02
  1.651000000000000e+01, -1.703635313681604e-01,  3.702935621447279e-02,  2.386266177532274e-01, -2.429823246916738e-02,  2.869009099559402e-02,  9.079167802638606e-02
  1.652000000000000e+01, -1.700838950216934e-01,  3.708383611913457e-02,  2.386342850441563e-01, -2.432426930989848e-02,  2.864632390817989e-02,  9.072882751211855e-02
  1.653000000000000e+01, -1.697966167718233e-01,  3.713651606901625e-02,  2.386421370382745e-01, -2.435230772692589e-02,  2.860085384030729e-02,  9.066698652259388e-02
  1.654000000000000e+01, -1.695018297823846e-01,  3.718736664278399e-02,  2.386501994314430e-01, -2.438238812396818e-02,  2.855364531050797e-02,  9.060618401014295e-02
  1.655000000000000e+01, -1.691996823964285e-01,  3.723636067892655e-02,  2.386585001948395e-01, -2.441454701555552e-02,  2.850466238855654e-02,  9.054644788960831e-02
  1.656000000000000e+01, -1.688903378959421e-01,  3.728347382072017e-02,  2.386670692269763e-01, -2.444881603512919e-02,  2.845386890247830e-02,  9.048780358817822e-02
  1.657000000000000e+01, -1.685739736183288e-01,  3.732868441612713e-02,  2.386759372808799e-01, -2.448522110135862e-02,  2.840122880127360e-02,  9.043027358327797e-02
  1.658000000000000e+01, -1.682507797816629e-01,  3.737197281505678e-02,  2.386851341760028e-01, -2.452378168805735e-02,  2.834670656117143e-02,  9.037387770951955e-02
  1.659000000000000e+01, -1.679209583379269e-01,  3.741332066225556e-02,  2.386946874313398e-01, -2.456451004235909e-02,  2.829026754313607e-02,  9.031863260082540e-02
  1.660000000000000e+01, -1.675847223233903e-01,  3.745271062825806e-02,  2.387046220326226e-01, -2.460741078059162e-02,  2.823187844963440e-02,  9.026455013269656e-02
  1.661000000000000e+01, -1.672422960336538e-01,  3.749012651600725e-02,  2.387149608590826e-01, -2.465248126482828e-02,  2.817150804552600e-02,  9.021163607734156e-02
  1.662000000000000e+01, -1.668939154613537e-01,  3.752555330290663e-02,  2.387257249211992e-01, -2.469971242261797e-02,  2.810912804017966e-02,  9.015988931029173e-02
  1.663000000000000e+01, -1.665398281482419e-01,  3.755897687282794e-02,  2.387369332801242e-01, -2.474908952761242e-02,  2.804471381979080e-02,  9.010930141857143e-02
  1.664000000000000e+01, -1.661802923397188e-01,  3.759038375503732e-02,  2.387486032011021e-01, -2.480059283518764e-02,  2.797824479448833e-02,  9.005985678054998e-02
  1.665000000000000e+01, -1.658155759866572e-01,  3.761976137058021e-02,  2.387607510377149e-01, -2.485419801452184e-02,  2.790970429553613e-02,  9.001153228063608e-02
  1.666000000000000e+01, -1.654459561841140e-01,  3.764709871303884e-02,  2.387733938281199e-01, -2.490987646474944e-02,  2.783907926375287e-02,  8.996429586684154e-02
  1.667000000000000e+01, -1.650717189224931e-01,  3.767238669482098e-02,  2.387865509021821e-01, -2.496759591015785e-02,  2.776636035759259e-02,  8.991810474022197e-02
  1.668000000000000e+01, -1.646931582002827e-01,  3.769561782044040e-02,  2.388002447237218e-01, -2.502732130613875e-02,  2.769154277280870e-02,  8.987290430902801e-02
  1.669000000000000e+01, -1.643105737743247e-01,  3.771678581389870e-02,  2.388145008735021e-01, -2.508901552277850e-02,  2.761462727982436e-02,  8.982862855672517e-02
  1.670000000000000e+01, -1.639242679659784e-01,  3.773588558472807e-02,  2.388293475822794e-01, -2.515263951818902e-02,  2.753562098665305e-02,  8.978520197975599e-02
  1.671000000000000e+01, -1.635345428911338e-01,  3.775291332612052e-02,  2.388448155731075e-01, -2.521815237677168e-02,  2.745453775666592e-02,  8.974254207162662e-02
  1.672000000000000e+01, -1.631416989357942e-01,  3.776786673900512e-02,  2.388609387802865e-01, -2.528551153075627e-02,  2.737139825311447e-02,  8.970056087437975e-02
  1.673000000000000e+01, -1.627460337048527e-01,  3.778074540890852e-02,  2.388777552791898e-01, -2.535467277172124e-02,  2.728622949695624e-02,  8.965916542819616e-02
  1.674000000000000e+01, -1.623478406767408e-01,  3.779155123463651e-02,  2.388953074697637e-01, -2.542558963531471e-02,  2.719906403099223e-02,  8.961825795650799e-02
  1.675000000000000e+01, -1.619474079168535e-01,  3.780028874126629e-02,  2.389136414056598e-01, -2.549821253637284e-02,  2.710993921312476e-02,  8.957773657889659e-02
  1.676000000000000e+01, -1.615450169243806e-01,  3.780696473839584e-02,  2.389328049318056e-01, -2.557248831588587e-02,  2.701889706066239e-02,  8.953749776833837e-02
  1.677000000000000e+01, -1.611409413793608e-01,  3.781158715049182e-02,  2.389528445076761e-01, -2.564836024510830e-02,  2.692598442211142e-02,  8.949744086883393e-02
  1.678000000000000e+01, -1.607354460230116e-01,  3.781416379545566e-02,  2.389738025041467e-01, -2.572576801892116e-02,  2.683125313597908e-02,  8.945747200145193e-02
  1.679000000000000e+01, -1.603287858069422e-01,  3.781470180966950e-02,  2.389957165994587e-01, -2.580464765950721e-02,  2.673476025388730e-02,  8.941750501255735e-02
  1.680000000000000e+01, -1.599212052943938e-01,  3.781320777031616e-02,  2.390186198481322e-01, -2.588493160881547e-02,  2.663656842262431e-02,  8.937746119940346e-02
  1.681000000000000e+01, -1.595129383045756e-01,  3.780968836084364e-02,  2.390425392602223e-01, -2.596654885084424e-02,  2.653674620109275e-02,  8.933726994079745e-02
  1.682000000000000e+01, -1.591042080110379e-01,  3.780415135862825e-02,  2.390674933665196e-01, -2.604942492224506e-02,  2.643536804876582e-02,  8.929686961278038e-02
  1.683000000000000e+01, -1.586952278662285e-01,  3.779660660322604e-02,  2.390934908097824e-01, -2.613348215558509e-02,  2.633251399753665e-02,  8.925620767003282e-02
  1.684000000000000e+01, -1.582862026464433e-01,  3.778706671273202e-02,  2.391205311849572e-01, -2.621864015075261e-02,  2.622826925961949e-02,  8.921523916966821e-02
  1.685000000000000e+01, -1.578773285768502e-01,  3.777554761312585e-02,  2.391486074248129e-01, -2.630481612348575e-02,  2.612272396714761e-02,  8.917392395722895e-02
  1.686000000000000e+01, -1.574687930193603e-01,  3.776206911222402e-02,  2.391777079945665e-01, -2.639192521595016e-02,  2.601597315742406e-02,  8.913222353175033e-02
  1.687000000000000e+01, -1.570607743039136e-01,  3.774665559592449e-02,  2.392078186852771e-01, -2.647988102918074e-02,  2.590811717074532e-02,  8.909009731101594e-02
  1.688000000000000e+01, -1.566534412854702e-01,  3.772933653143751e-02,  2.392389247249267e-01, -2.656859622860377e-02,  2.579926222694920e-02,  8.904749833113663e-02
  1.689000000000000e+01, -1.562469530596270e-01,  3.771014645542881e-02,  2.392710118574550e-01, -2.665798281013702e-02,  2.568952030656517e-02,  8.900437120558211e-02
  1.690000000000000e+01, -1.558414597638947e-01,  3.768912483369258e-02,  2.393040647600030e-01, -2.674795193537354e-02,  2.557900797958351e-02,  8.896065435453381e-02
  1.691000000000000e+01, -1.554371039178972e-01,  3.766631652568364e-02,  2.393380642722148e-01, -2.683841369954195e-02,  2.546784511324262e-02,  8.891628355767002e-02
  1.692000000000000e+01, -1.550340216317820e-01,  3.764177264598123e-02,  2.393729855266374e-01, -2.692927712634038e-02,  2.535615420179415e-02,  8.887119354891315e-02
  1.693000000000000e+01, -1.546323444780140e-01,  3.761555071582356e-02,  2.394087973298119e-01, -2.702045045707937e-02,  2.524405991876114e-02,  8.882531871983010e-02
  1.694000000000000e+01, -1.542322024394154e-01,  3.758771384342308e-02,  2.394454627337718e-01, -2.711184149636838e-02,  2.513168845809422e-02,  8.877859404439305e-02
  1.695000000000000e+01, -1.538337271108449e-01,  3.755832987075292e-02,  2.394829398495189e-01, -2.720335754132585e-02,  2.501916676106493e-02,  8.873095558573738e-02
  1.696000000000000e+01, -1.534370550224517e-01,  3.752747100751574e-02,  2.395211812645178e-01, -2.729490531876223e-02,  2.490662214474871e-02,  8.868234154370548e-02
  1.697000000000000e+01, -1.530423316370910e-01,  3.749521371574649e-02,  2.395601319145748e-01, -2.738639201256234e-02,  2.479418278390692e-02,  8.863269578269409e-02
  1.698000000000000e+01, -1.526497153728423e-01,  3.746163870790187e-02,  2.395997268163190e-01, -2.747772707264160e-02,  2.468197845538945e-02,  8.858197344207748e-02
  1.699000000000000e+01, -1.522593799011266e-01,  3.742683081683884e-02,  2.396398905814890e-01, -2.756882312356296e-02,  2.457014039082397e-02,  8.853014484403238e-02
  1.700000000000000e+01, -1.518715144978419e-01,  3.739087830319132e-02,  2.396805394511346e-01, -2.765959533523476e-02,  2.445880000020259e-02,  8.847719515898944e-02
  1.701000000000000e+01, -1.514863243022118e-01,  3.735387177604421e-02,  2.397215846274648e-01, -2.774996033587899e-02,  2.434808729311181e-02,  8.842312185576880e-02
  1.702000000000000e+01, -1.511040309379872e-01,  3.731590331598533e-02,  2.397629355562872e-01, -2.783983531495278e-02,  2.423812949664982e-02,  8.836793230714937e-02
  1.703000000000000e+01, -1.507248724241929e-01,  3.727706591649227e-02,  2.398045020738640e-01, -2.792913718792748e-02,  2.412904996298901e-02,  8.831164255501731e-02
  1.704000000000000e+01, -1.503491026446035e-01,  3.723745291236114e-02,  2.398461945565183e-01, -2.801778223834069e-02,  2.402096801483824e-02,  8.825427781719226e-02
  1.705000000000000e+01, -1.499769910284489e-01,  3.719715720555605e-02,  2.398879228521905e-01, -2.810568635766342e-02,  2.391399958054047e-02,  8.819587383100144e-02
  1.706000000000000e+01, -1.496088223997334e-01,  3.715627053862747e-02,  2.399295953666969e-01, -2.819276542343901e-02,  2.380825746243564e-02,  8.813647793787036e-02
  1.707000000000000e+01, -1.492448969460498e-01,  3.711488307643673e-02,  2.399711184833168e-01, -2.827893586953249e-02,  2.370385116625309e-02,  8.807615001692427e-02
  1.708000000000000e+01, -1.488855298824870e-01,  3.707308306638257e-02,  2.400123962237220e-01, -2.836411549022599e-02,  2.360088676902259e-02,  8.801496339997340e-02
  1.709000000000000e+01, -1.485310504378264e-01,  3.703095629795561e-02,  2.400533306514424e-01, -2.844822406947842e-02,  2.349946670828034e-02,  8.795300488738836e-02
  1.710000000000000e+01, -1.481818005513620e-01,  3.698858548890382e-02,  2.400938235192088e-01, -2.853118363980198e-02,  2.339968940040384e-02,  8.789037263505320e-02
  1.711000000000000e+01, -1.478381334402331e-01,  3.694604979308314e-02,  2.401337788735019e-01, -2.861291850186235e-02,  2.330164879356482e-02,  8.782717238016451e-02
  1.712000000000000e+01, -1.475004116167386e-01,  3.690342457560347e-02,  2.401731052117121e-01, -2.869335535644985e-02,  2.320543418719301e-02,  8.776351449932278e-02
  1.713000000000000e+01, -1.471690043611473e-01,  3.686078168042850e-02,  2.402117159944665e-01, -2.877242371889030e-02,  2.311113051607657e-02,  8.769951336429192e-02
  1.714000000000000e+01, -1.468442849939966e-01,  3.681819011295495e-02,  2.402495288994002e-01, -2.885005617534231e-02,  2.301881864213470e-02,  8.763528783699728e-02
  1.715000000000000e+01, -1.465266278447228e-01,  3.677571678512059e-02,  2.402864649377491e-01, -2.892618812636524e-02,  2.292857534879650e-02,  8.757096139739329e-02
  1.716000000000000e+01, -1.462164047141083e-01,  3.673342729735052e-02,  2.403224478993982e-01, -2.900075722917381e-02,  2.284047318147504e-02,  8.750666175732362e-02
  1.717000000000000e+01, -1.459139808015365e-01,  3.669138672843841e-02,  2.403574035634624e-01, -2.907370283560873e-02,  2.275458016261175e-02,  8.744252084115868e-02
  1.718000000000000e+01, -1.456197100966370e-01,  3.664966001207648e-02,  2.403912582099683e-01, -2.914496551915261e-02,  2.267095949263654e-02,  8.737867576256922e-02
  1.719000000000000e+01, -1.453339306950677e-01,  3.660831187981417e-02,  2.404239372374685e-01, -2.921448669888067e-02,  2.258966948861108e-02,  8.731526996313425e-02
  1.720000000000000e+01, -1.450569607063522e-01,  3.656740688886062e-02,  2.404553649495245e-01, -2.928220847197888e-02,  2.251076364649706e-02,  8.725245355552251e-02
  1.721000000000000e+01, -1.447890950437518e-01,  3.652700974540291e-02,  2.404854662522672e-01, -2.934807380536987e-02,  2.243429064470552e-02,  8.719038246834840e-02
  1.722000000000000e+01, -1.445306032347539e-01,  3.648718570150988e-02,  2.405141707317230e-01, -2.941202702153232e-02,  2.236029461328442e-02,  8.712921536120641e-02
  1.723000000000000e+01, -1.442817282978827e-01,  3.644800077798682e-02,  2.405414178056792e-01, -2.947401440371823e-02,  2.228881595953966e-02,  8.706910905567262e-02
  1.724000000000000e+01, -1.440426863588255e-01,  3.640952186487656e-02,  2.405671605604419e-01, -2.953398476368262e-02,  2.221989233892285e-02,  8.701021538488560e-02
  1.725000000000000e+01, -1.438136659958966e-01,  3.637181682298252e-02,  2.405913672023853e-01, -2.959188964251132e-02,  2.215355903899966e-02,  8.695268024907082e-02
  1.726000000000000e+01, -1.436005978978830e-01,  3.633409422785627e-02,  2.406183558865718e-01, -2.964737353071792e-02,  2.209085344397728e-02,  8.688942399814635e-02
  1.727000000000000e+01, -1.433918776616419e-01,  3.629815587121210e-02,  2.406393417742958e-01, -2.970101474028094e-02,  2.202976917970920e-02,  8.683518446967024e-02
  1.728000000000000e+01, -1.431934742170266e-01,  3.626321996178361e-02,  2.406586822094748e-01, -2.975246791887886e-02,  2.197134088603694e-02,  8.678288517394524e-02
  1.729000000000000e+01, -1.430055256123627e-01,  3.622933167346187e-02,  2.406765019612097e-01, -2.980167707783171e-02,  2.191560660505442e-02,  8.673244716156753e-02
  1.730000000000000e+01, -1.428280544594397e-01,  3.619655663367949e-02,  2.406928381263387e-01, -2.984859984495546e-02,  2.186257917299612e-02,  8.668396667474985e-02
  1.731000000000000e+01, -1.426610459219959e-01,  3.616495961651833e-02,  2.407077331446451e-01, -2.989319690208465e-02,  2.181226530703660e-02,  8.663753497824529e-02
  1.732000000000000e+01, -1.425044486147327e-01,  3.613460367061849e-02,  2.407212355116662e-01, -2.993543235749174e-02,  2.176466613414442e-02,  8.659323203979287e-02
  1.733000000000000e+01, -1.423581751145483e-01,  3.610554946948441e-02,  2.407333990624216e-01, -2.997527491018745e-02,  2.171977746492930e-02,  8.655112513846672e-02
  1.734000000000000e+01, -1.422221029910347e-01,  3.607785422409227e-02,  2.407442826749710e-01, -3.001269940716714e-02,  2.167759019246305e-02,  8.651126874524451e-02
  1.735000000000000e+01, -1.420960760696475e-01,  3.605157038590079e-02,  2.407539501458937e-01, -3.004768834445492e-02,  2.163809031752075e-02,  8.647370500943960e-02
  1.736000000000000e+01, -1.419799056986278e-01,  3.602674455899235e-02,  2.407624698998997e-01, -3.008023320924146e-02,  2.160125847525528e-02,  8.643846463362380e-02
  1.737000000000000e+01, -1.418733717174509e-01,  3.600341659507200e-02,  2.407699142055790e-01, -3.011033574234025e-02,  2.156706935031963e-02,  8.640556827053068e-02
  1.738000000000000e+01, -1.417762233776809e-01,  3.598161891240426e-02,  2.407763578330499e-01, -3.013800907628132e-02,  2.153549140693230e-02,  8.637502791088086e-02
  1.739000000000000e+01, -1.416881808142304e-01,  3.596137630297225e-02,  2.407818766796312e-01, -3.016327869014837e-02,  2.150648710065439e-02,  8.634684715159396e-02
  1.740000000000000e+01, -1.416089369158363e-01,  3.594270601338834e-02,  2.407865470084955e-01, -3.018618319894012e-02,  2.148001329020973e-02,  8.632102002284822e-02
  1.741000000000000e+01, -1.415381588669217e-01,  3.592561748321099e-02,  2.407904452600609e-01, -3.020677491753359e-02,  2.145602116079406e-02,  8.629752961735920e-02
  1.742000000000000e+01, -1.414754885905251e-01,  3.591011153011725e-02,  2.407936479500020e-01, -3.022511984062288e-02,  2.143445504549973e-02,  8.627634767606726e-02
  1.743000000000000e+01, -1.414205420184393e-01,  3.589617943689727e-02,  2.407962312199479e-01, -3.024129685098532e-02,  2.141525048307543e-02,  8.625743440965401e-02
  1.744000000000000e+01, -1.413729083440544e-01,  3.588380234862742e-02,  2.407982700780802e-01, -3.025539674151218e-02,  2.139833265853822e-02,  8.624073740886508e-02
  1.745000000000000e+01, -1.413321502033839e-01,  3.587295062597295e-02,  2.407998377045846e-01, -3.026752174523371e-02,  2.138361569260396e-02,  8.622619012161151e-02
  1.746000000000000e+01, -1.413075217367494e-01,  3.586318327342908e-02,  2.407960632930520e-01, -3.028036523665529e-02,  2.137263332267192e-02,  8.622271473025545e-02
  1.747000000000000e+01, -1.412784142437199e-01,  3.585513996895595e-02,  2.407984810921191e-01, -3.028840231694934e-02,  2.136191940925940e-02,  8.620947571089929e-02
  1.748000000000000e+01, -1.412539973604074e-01,  3.584868472981517e-02,  2.407995947384593e-01, -3.029493696507332e-02,  2.135296752243872e-02,  8.619989214284136e-02
  1.749000000000000e+01, -1.412344400278964e-01,  3.584348049584718e-02,  2.408005539704541e-01, -3.030002956413992e-02,  2.134572622115944e-02,  8.619185919147428e-02
  1.750000000000000e+01, -1.412187079174682e-01,  3.583917752550292e-02,  2.408012052692745e-01, -3.030420278438248e-02,  2.133978916650298e-02,  8.618538582297976e-02
