Main.Studies.MarkerTracking.t,Main.Studies.MarkerTracking.JointAngleOutputs.OutputFile_RightLeg.HipFlexion,Main.Studies.MarkerTracking.JointAngleOutputs.OutputFile_RightLeg.HipAbduction,Main.Studies.MarkerTracking.JointAngleOutputs.OutputFile_RightLeg.HipExternalRotation,Main.Studies.MarkerTracking.JointAngleOutputs.OutputFile_RightLeg.KneeFlexion,Main.Studies.MarkerTracking.JointAngleOutputs.OutputFile_RightLeg.AnklePlantarFlexion,Main.Studies.MarkerTracking.JointAngleOutputs.OutputFile_RightLeg.SubTalarEversion
  6.000000000000000e+00, -1.270399200815107e-01,  2.837048204454629e-02,  1.987931372164531e-01, -6.717494924049112e-02,  4.063709307896082e-02,  4.603266284114512e-02
  6.010000000000000e+00, -1.271219164992853e-01,  2.818348888259115e-02,  1.987643979847616e-01, -6.709129923484962e-02,  4.048793593504305e-02,  4.617429499912051e-02
  6.020000000000000e+00, -1.271815852913862e-01,  2.800942041561627e-02,  1.987296523034747e-01, -6.700559167310545e-02,  4.034186975575247e-02,  4.632199326171013e-02
  6.030000000000000e+00, -1.272110120470568e-01,  2.785295190883152e-02,  1.986868494946043e-01, -6.691719113976217e-02,  4.020012885669398e-02,  4.647771018896595e-02
  6.040000000000000e+00, -1.272064383393030e-01,  2.771676367110709e-02,  1.986351820722069e-01, -6.682578099348663e-02,  4.006355284549488e-02,  4.664206440383489e-02
  6.050000000000000e+00, -1.271677180519719e-01,  2.760068613804290e-02,  1.985743372725690e-01, -6.673166598551114e-02,  3.993234383944601e-02,  4.681490713175473e-02
  6.060000000000000e+00, -1.270930392041299e-01,  2.750622235908162e-02,  1.985039693784908e-01, -6.663469795777907e-02,  3.980708055122888e-02,  4.699630320489997e-02
  6.070000000000000e+00, -1.269808088604994e-01,  2.743450571243411e-02,  1.984236490391759e-01, -6.653483246650213e-02,  3.968828122913933e-02,  4.718629604725703e-02
  6.080000000000000e+00, -1.268296715505314e-01,  2.738627409096095e-02,  1.983328485142594e-01, -6.643213662182811e-02,  3.957639913425886e-02,  4.738492940455354e-02
  6.090000000000000e+00, -1.266378220955419e-01,  2.736324943791457e-02,  1.982313399965443e-01, -6.632631838426029e-02,  3.947211206912970e-02,  4.759208546645580e-02
  6.100000000000000e+00, -1.264041024047774e-01,  2.736599295807207e-02,  1.981185930130375e-01, -6.621744797906172e-02,  3.937587858170906e-02,  4.780771172910916e-02
  6.110000000000000e+00, -1.261272893625594e-01,  2.739533541050343e-02,  1.979941800864647e-01, -6.610547195163906e-02,  3.928823621460502e-02,  4.803166706421939e-02
  6.120000000000000e+00, -1.258063034861386e-01,  2.745199257210462e-02,  1.978576752770580e-01, -6.599033927812524e-02,  3.920972367374007e-02,  4.826375392206323e-02
  6.130000000000000e+00, -1.254402317585087e-01,  2.753655005211053e-02,  1.977086577822444e-01, -6.587200322198501e-02,  3.914087944400413e-02,  4.850371149216775e-02
  6.140000000000000e+00, -1.250282072637637e-01,  2.764974957756938e-02,  1.975468356202246e-01, -6.575031185975594e-02,  3.908230833140883e-02,  4.875110285473907e-02
  6.150000000000000e+00, -1.245700561399607e-01,  2.779118406364067e-02,  1.973715469274257e-01, -6.562548582189782e-02,  3.903439061380301e-02,  4.900573791372181e-02
  6.160000000000000e+00, -1.240653334463414e-01,  2.796132790901606e-02,  1.971825478589402e-01, -6.549737138928965e-02,  3.899773773589437e-02,  4.926701264844498e-02
  6.170000000000000e+00, -1.235140535894321e-01,  2.816006824129569e-02,  1.969794728208678e-01, -6.536597137327403e-02,  3.897286758965702e-02,  4.953433925949948e-02
  6.180000000000000e+00, -1.229166704181845e-01,  2.838680091169810e-02,  1.967618409041346e-01, -6.523142553724252e-02,  3.896021677119144e-02,  4.980718391872936e-02
  6.190000000000000e+00, -1.222735068348621e-01,  2.864156600358059e-02,  1.965296422865249e-01, -6.509351947611192e-02,  3.896042716754791e-02,  5.008440634223443e-02
  6.200000000000000e+00, -1.215857550505357e-01,  2.892314168865484e-02,  1.962824029265870e-01, -6.495248988313235e-02,  3.897386361686024e-02,  5.036528715589128e-02
  6.210000000000000e+00, -1.208547948062188e-01,  2.923041208951971e-02,  1.960198562931627e-01, -6.480845059543901e-02,  3.900095310911932e-02,  5.064879937387445e-02
  6.220000000000000e+00, -1.200824826454746e-01,  2.956219930719839e-02,  1.957416899214060e-01, -6.466156291468836e-02,  3.904214375164795e-02,  5.093400089473224e-02
  6.230000000000000e+00, -1.192709506668961e-01,  2.991624647937963e-02,  1.954477585273821e-01, -6.451205915098182e-02,  3.909762619133193e-02,  5.121932817406706e-02
  6.240000000000000e+00, -1.184228801886933e-01,  3.029089508602456e-02,  1.951379047475415e-01, -6.436012888143995e-02,  3.916777852366538e-02,  5.150344298860842e-02
  6.250000000000000e+00, -1.175426210964476e-01,  3.068342191127171e-02,  1.948140220959277e-01, -6.420580518934743e-02,  3.925310674513835e-02,  5.178084666571494e-02
  6.260000000000000e+00, -1.166313504417462e-01,  3.109197819734266e-02,  1.944721889610696e-01, -6.404983764048551e-02,  3.935321861538224e-02,  5.205726891920258e-02
  6.270000000000000e+00, -1.156945046871741e-01,  3.151307921324853e-02,  1.941140708381578e-01, -6.389253027082493e-02,  3.946836702505851e-02,  5.232748377237477e-02
  6.280000000000000e+00, -1.147367086006595e-01,  3.194348248024714e-02,  1.937396039723102e-01, -6.373436099050618e-02,  3.959849972094601e-02,  5.258964668390965e-02
  6.290000000000000e+00, -1.137630665348669e-01,  3.237968022155591e-02,  1.933487719181110e-01, -6.357586723166593e-02,  3.974345820735968e-02,  5.284180556913134e-02
  6.300000000000000e+00, -1.127791336798331e-01,  3.281793404196032e-02,  1.929416020759381e-01, -6.341764552984545e-02,  3.990296954205432e-02,  5.308192933747627e-02
  6.310000000000000e+00, -1.117908622518764e-01,  3.325432330957501e-02,  1.925181660173900e-01, -6.326034473547928e-02,  4.007664079064506e-02,  5.330793149611850e-02
  6.320000000000000e+00, -1.108045192582223e-01,  3.368481228404652e-02,  1.920785790156666e-01, -6.310465398545664e-02,  4.026395716437933e-02,  5.351770079913742e-02
  6.330000000000000e+00, -1.098280458636663e-01,  3.410457627416497e-02,  1.916191561839846e-01, -6.295272983735782e-02,  4.046392119952276e-02,  5.371602772826636e-02
  6.340000000000000e+00, -1.088666222875213e-01,  3.450990611494320e-02,  1.911483545388121e-01, -6.280255763712604e-02,  4.067650940379509e-02,  5.388548773393311e-02
  6.350000000000000e+00, -1.079267552965526e-01,  3.489736580718050e-02,  1.906614010626033e-01, -6.265634968421122e-02,  4.090040683702346e-02,  5.403374167941098e-02
  6.360000000000000e+00, -1.070146309076231e-01,  3.526330964155866e-02,  1.901591971497618e-01, -6.251455617491544e-02,  4.113474281832073e-02,  5.415778437774848e-02
  6.370000000000000e+00, -1.061356263854643e-01,  3.560486186627920e-02,  1.896420234292092e-01, -6.237767802198459e-02,  4.137855704032339e-02,  5.425619978412863e-02
  6.380000000000000e+00, -1.052950185250467e-01,  3.591926449835925e-02,  1.891100607106345e-01, -6.224626648818634e-02,  4.163082671223116e-02,  5.432789378055002e-02
  6.390000000000000e+00, -1.044953927926660e-01,  3.620571991237220e-02,  1.885638644186019e-01, -6.212022818372483e-02,  4.189068402628219e-02,  5.437197014101997e-02
  6.400000000000000e+00, -1.037391794237608e-01,  3.646359516701736e-02,  1.880035297283336e-01, -6.199962972143470e-02,  4.215724423010659e-02,  5.438856391192071e-02
  6.410000000000000e+00, -1.030278049045793e-01,  3.669290084502586e-02,  1.874293807615389e-01, -6.188431535821247e-02,  4.242969946040679e-02,  5.437772876364850e-02
  6.420000000000000e+00, -1.023617659981383e-01,  3.689427056724015e-02,  1.868417168515092e-01, -6.177400020956036e-02,  4.270729563291353e-02,  5.433992569767471e-02
  6.430000000000000e+00, -1.017400841484523e-01,  3.706937214483008e-02,  1.862408362230404e-01, -6.166813337250850e-02,  4.298942898074225e-02,  5.427617579162020e-02
  6.440000000000000e+00, -1.011620278809606e-01,  3.721960219937714e-02,  1.856270914211410e-01, -6.156626885643682e-02,  4.327544484156672e-02,  5.418740276418998e-02
  6.450000000000000e+00, -1.006256294728773e-01,  3.734723088396330e-02,  1.850008346938914e-01, -6.146773347917822e-02,  4.356484418656878e-02,  5.407506586012591e-02
  6.460000000000000e+00, -1.001293815322159e-01,  3.745413016672283e-02,  1.843625034383229e-01, -6.137198771357601e-02,  4.385705778206236e-02,  5.394045193362156e-02
  6.470000000000000e+00, -9.967177260010848e-02,  3.754214597048389e-02,  1.837126097285989e-01, -6.127851794338341e-02,  4.415150772177426e-02,  5.378487169609116e-02
  6.480000000000000e+00, -9.925083556613187e-02,  3.761345126808191e-02,  1.830516811181164e-01, -6.118673340372295e-02,  4.444769604500059e-02,  5.360995876477743e-02
  6.490000000000000e+00, -9.886527052954325e-02,  3.766970812927362e-02,  1.823803775162057e-01, -6.109620426132312e-02,  4.474501992002784e-02,  5.341705962558680e-02
  6.500000000000000e+00, -9.851380522245426e-02,  3.771255846560884e-02,  1.816994269792158e-01, -6.100652273494416e-02,  4.504288023232542e-02,  5.320759643362382e-02
  6.510000000000000e+00, -9.819557223770092e-02,  3.774336013750745e-02,  1.810096477491283e-01, -6.091738839871250e-02,  4.534061210277403e-02,  5.298290439768589e-02
  6.520000000000000e+00, -9.790926134061917e-02,  3.776375841377089e-02,  1.803119298968403e-01, -6.082840560380725e-02,  4.563765646459401e-02,  5.274452988658546e-02
  6.530000000000000e+00, -9.765429738598833e-02,  3.777489011793222e-02,  1.796072607358500e-01, -6.073936132901731e-02,  4.593331920259943e-02,  5.249380284350674e-02
  6.540000000000000e+00, -9.743005326205272e-02,  3.777791969932842e-02,  1.788967021578371e-01, -6.065003936270320e-02,  4.622692783910994e-02,  5.223211768299536e-02
  6.550000000000000e+00, -9.723601177074913e-02,  3.777393012011276e-02,  1.781813912984331e-01, -6.056025926947010e-02,  4.651779921076830e-02,  5.196086887488423e-02
  6.560000000000000e+00, -9.707183052842747e-02,  3.776387312405860e-02,  1.774625542770878e-01, -6.046989236925678e-02,  4.680521950481328e-02,  5.168137628679739e-02
  6.570000000000000e+00, -9.693698477103291e-02,  3.774883500516202e-02,  1.767414196591963e-01, -6.037877838568808e-02,  4.708853891366565e-02,  5.139518800112271e-02
  6.580000000000000e+00, -9.683125622057943e-02,  3.772966989145310e-02,  1.760193233844415e-01, -6.028684057190010e-02,  4.736703869422824e-02,  5.110363597071684e-02
  6.590000000000000e+00, -9.675436274762475e-02,  3.770725945670073e-02,  1.752976534156293e-01, -6.019399877166306e-02,  4.764002218388903e-02,  5.080806105196978e-02
  6.600000000000000e+00, -9.670606772268964e-02,  3.768248396611096e-02,  1.745777533939272e-01, -6.010020482675398e-02,  4.790681164931574e-02,  5.050999861345080e-02
  6.610000000000000e+00, -9.668610300955066e-02,  3.765619555390276e-02,  1.738610701071092e-01, -6.000541443675279e-02,  4.816673480344432e-02,  5.021079619887666e-02
  6.620000000000000e+00, -9.669418742843547e-02,  3.762925165217146e-02,  1.731490439609102e-01, -5.990960077330501e-02,  4.841914436646672e-02,  4.991185766831718e-02
  6.630000000000000e+00, -9.673003064547557e-02,  3.760249815837247e-02,  1.724431259641488e-01, -5.981275566629531e-02,  4.866341403433302e-02,  4.961456901629571e-02
  6.640000000000000e+00, -9.679337346454014e-02,  3.757673947666529e-02,  1.717447708773222e-01, -5.971490284147460e-02,  4.889892953347788e-02,  4.932027172868724e-02
  6.650000000000000e+00, -9.688405572644050e-02,  3.755268527856570e-02,  1.710554280020709e-01, -5.961612093334533e-02,  4.912507077894501e-02,  4.903022576714295e-02
  6.660000000000000e+00, -9.700207907881518e-02,  3.753089132614851e-02,  1.703765295649158e-01, -5.951656914670081e-02,  4.934119246606438e-02,  4.874557263273789e-02
  6.670000000000000e+00, -9.714760762556704e-02,  3.751173123827334e-02,  1.697094790367499e-01, -5.941649939302561e-02,  4.954661829809599e-02,  4.846731507177517e-02
  6.680000000000000e+00, -9.732087112361101e-02,  3.749542797484828e-02,  1.690556402752266e-01, -5.931624074486236e-02,  4.974066130938756e-02,  4.819632513073668e-02
  6.690000000000000e+00, -9.752200476894576e-02,  3.748213300422920e-02,  1.684163272476857e-01, -5.921616041176569e-02,  4.992266614988984e-02,  4.793337513855506e-02
  6.700000000000000e+00, -9.775090689748329e-02,  3.747200734672140e-02,  1.677927939602361e-01, -5.911662216252359e-02,  5.009205413628134e-02,  4.767917260876476e-02
  6.710000000000000e+00, -9.800717195849171e-02,  3.746526592343669e-02,  1.671862245738086e-01, -5.901796033265960e-02,  5.024835328710933e-02,  4.743438113647374e-02
  6.720000000000000e+00, -9.829009992639266e-02,  3.746217839110355e-02,  1.665977244470023e-01, -5.892047328459331e-02,  5.039120841641176e-02,  4.719962083116347e-02
  6.730000000000000e+00, -9.859875072919080e-02,  3.746304192586014e-02,  1.660283127304718e-01, -5.882443030102764e-02,  5.052037676436723e-02,  4.697545294207692e-02
  6.740000000000000e+00, -9.893201190016061e-02,  3.746814410018273e-02,  1.654789165764667e-01, -5.873008420163142e-02,  5.063571733991559e-02,  4.676235819569890e-02
  6.750000000000000e+00, -9.928866044836814e-02,  3.747772756087597e-02,  1.649503672177319e-01, -5.863768426578514e-02,  5.073717947733654e-02,  4.656071707717627e-02
  6.760000000000000e+00, -9.966741177387990e-02,  3.749196218034756e-02,  1.644433979635080e-01, -5.854748688398681e-02,  5.082479261984173e-02,  4.637079548068264e-02
  6.770000000000000e+00, -1.000669554151743e-01,  3.751092607802309e-02,  1.639586431320187e-01, -5.845976350045504e-02,  5.089865782349536e-02,  4.619273528102241e-02
  6.780000000000000e+00, -1.004859795648037e-01,  3.753459438995232e-02,  1.634966369495860e-01, -5.837480595343453e-02,  5.095894080457405e-02,  4.602654886890795e-02
  6.790000000000000e+00, -1.009231863386853e-01,  3.756283417545436e-02,  1.630578125951477e-01, -5.829292917195898e-02,  5.100586585607741e-02,  4.587211742638088e-02
  6.800000000000000e+00, -1.013772998833487e-01,  3.759540423064589e-02,  1.626425018618545e-01, -5.821447174901300e-02,  5.103971045847602e-02,  4.572919308921897e-02
  6.810000000000000e+00, -1.018470690011295e-01,  3.763195877999492e-02,  1.622509354736014e-01, -5.813979510740630e-02,  5.106080087878154e-02,  4.559740464475726e-02
  6.820000000000000e+00, -1.023312656372886e-01,  3.767205413964425e-02,  1.618832443172597e-01, -5.806928138774633e-02,  5.106950838234454e-02,  4.547626504243021e-02
  6.830000000000000e+00, -1.028286810719781e-01,  3.771515770188527e-02,  1.615394617717928e-01, -5.800333040543599e-02,  5.106624545987566e-02,  4.536517978868392e-02
  6.840000000000000e+00, -1.033381212861558e-01,  3.776065848693344e-02,  1.612195264290664e-01, -5.794235629453467e-02,  5.105146220967782e-02,  4.526345749884736e-02
  6.850000000000000e+00, -1.038585650081960e-01,  3.780777780520106e-02,  1.609232384407742e-01, -5.788683834610289e-02,  5.102560876229509e-02,  4.517037319972685e-02
  6.860000000000000e+00, -1.043884980755376e-01,  3.785598387522726e-02,  1.606504470358435e-01, -5.783709594020638e-02,  5.098927036183293e-02,  4.508497990456174e-02
  6.870000000000000e+00, -1.049269066237519e-01,  3.790439658188016e-02,  1.604007751510989e-01, -5.779361403046852e-02,  5.094295649919125e-02,  4.500642642899370e-02
  6.880000000000000e+00, -1.054726024778091e-01,  3.795220348888839e-02,  1.601738109697580e-01, -5.775681595174553e-02,  5.088723733400852e-02,  4.493376239455092e-02
  6.890000000000001e+00, -1.060243918657807e-01,  3.799856846406846e-02,  1.599690674725716e-01, -5.772711402990071e-02,  5.082270609222416e-02,  4.486599903329604e-02
  6.900000000000000e+00, -1.065810781340180e-01,  3.804264064920937e-02,  1.597859902567876e-01, -5.770490535985488e-02,  5.074997651263419e-02,  4.480211748825302e-02
  6.910000000000000e+00, -1.071414661504856e-01,  3.808356222013365e-02,  1.596239661717316e-01, -5.769056784905108e-02,  5.066968039594308e-02,  4.474107647062641e-02
  6.920000000000000e+00, -1.077043675474156e-01,  3.812047442641053e-02,  1.594823316569985e-01, -5.768445650386030e-02,  5.058246572666248e-02,  4.468182053343155e-02
  6.930000000000000e+00, -1.082684217526026e-01,  3.815267332309968e-02,  1.593604438856824e-01, -5.768681925758862e-02,  5.048904637107501e-02,  4.462323109325136e-02
  6.940000000000000e+00, -1.088328617664600e-01,  3.817899339349462e-02,  1.592574255286740e-01, -5.769812234108126e-02,  5.038999353684916e-02,  4.456437214598705e-02
  6.950000000000000e+00, -1.093963516509747e-01,  3.819875106075377e-02,  1.591725695044685e-01, -5.771854520438375e-02,  5.028605000449356e-02,  4.450413368047645e-02
  6.960000000000000e+00, -1.099577981864391e-01,  3.821110456676213e-02,  1.591050764509924e-01, -5.774831683064923e-02,  5.017791366747117e-02,  4.444148332094870e-02
  6.970000000000000e+00, -1.105161575862610e-01,  3.821521315629228e-02,  1.590541307956000e-01, -5.778762652390783e-02,  5.006629010076730e-02,  4.437540797936808e-02
  6.980000000000000e+00, -1.110704483662829e-01,  3.821023215136754e-02,  1.590189084156542e-01, -5.783662116114841e-02,  4.995189055793489e-02,  4.430491651809874e-02
  6.990000000000000e+00, -1.116197644455627e-01,  3.819530635333379e-02,  1.589985842497170e-01, -5.789540258015931e-02,  4.983542935152154e-02,  4.422903993655854e-02
  7.000000000000000e+00, -1.121632891985113e-01,  3.816956206042521e-02,  1.589923381231129e-01, -5.796402534534897e-02,  4.971762107175638e-02,  4.414683134477691e-02
  7.010000000000000e+00, -1.127003913852101e-01,  3.813199897468245e-02,  1.589993078975706e-01, -5.804255158932010e-02,  4.959914484649645e-02,  4.405742432678132e-02
  7.020000000000000e+00, -1.132303010502299e-01,  3.808189407802742e-02,  1.590188010470081e-01, -5.813081433486741e-02,  4.948078076046984e-02,  4.395979977482510e-02
  7.030000000000000e+00, -1.137525901644773e-01,  3.801830241681525e-02,  1.590500472624569e-01, -5.822869433843365e-02,  4.936324625091907e-02,  4.385308339243132e-02
  7.040000000000000e+00, -1.142671827525658e-01,  3.793983048825855e-02,  1.590921221229627e-01, -5.833624141739183e-02,  4.924710765383364e-02,  4.373655791734297e-02
  7.050000000000000e+00, -1.147738737525709e-01,  3.784555798247080e-02,  1.591443753670709e-01, -5.845315095808475e-02,  4.913310967580623e-02,  4.360931033669549e-02
  7.060000000000000e+00, -1.152728054619598e-01,  3.773428816993896e-02,  1.592061013030158e-01, -5.857917912989616e-02,  4.902191433288729e-02,  4.347051824641874e-02
  7.070000000000000e+00, -1.157643815372486e-01,  3.760472895137656e-02,  1.592766315274149e-01, -5.871403795505171e-02,  4.891416613632094e-02,  4.331937048097553e-02
  7.080000000000000e+00, -1.162493141288158e-01,  3.745548944431643e-02,  1.593553284449760e-01, -5.885740230495308e-02,  4.881048897724017e-02,  4.315509948869294e-02
  7.090000000000000e+00, -1.167286469929989e-01,  3.728502851805993e-02,  1.594416350215944e-01, -5.900890152665531e-02,  4.871147831156499e-02,  4.297681529611427e-02
  7.100000000000000e+00, -1.172038534309104e-01,  3.709169696448567e-02,  1.595350024144769e-01, -5.916814683174390e-02,  4.861769930520907e-02,  4.278374905631316e-02
  7.109999999999999e+00, -1.176768560165176e-01,  3.687372657967902e-02,  1.596349372262674e-01, -5.933472110713608e-02,  4.852967938150675e-02,  4.257512097732960e-02
  7.120000000000000e+00, -1.181501397044155e-01,  3.662910449249268e-02,  1.597410112914488e-01, -5.950819979843139e-02,  4.844789229950838e-02,  4.235000365126453e-02
  7.130000000000000e+00, -1.186267878896485e-01,  3.635576596745893e-02,  1.598528186349112e-01, -5.968815545028642e-02,  4.837276309274180e-02,  4.210761707680313e-02
  7.140000000000001e+00, -1.191105981207677e-01,  3.605163352958640e-02,  1.599699904024151e-01, -5.987414473943503e-02,  4.830465845395546e-02,  4.184724200491818e-02
  7.150000000000000e+00, -1.196061159238166e-01,  3.571417036135771e-02,  1.600922138915745e-01, -6.006583788614834e-02,  4.824381091290508e-02,  4.156791855840951e-02
  7.160000000000000e+00, -1.201186916678047e-01,  3.534084952459016e-02,  1.602192208277222e-01, -6.026293814468482e-02,  4.819035932991649e-02,  4.126878189332137e-02
  7.170000000000000e+00, -1.206546719284407e-01,  3.492940151534274e-02,  1.603507398845288e-01, -6.046516047739870e-02,  4.814432185324925e-02,  4.094917471454845e-02
  7.180000000000000e+00, -1.212212616606671e-01,  3.447779768328285e-02,  1.604864279757293e-01, -6.067233765575517e-02,  4.810548791212547e-02,  4.060867225542051e-02
  7.190000000000000e+00, -1.218263359543191e-01,  3.398353780962804e-02,  1.606261544706613e-01, -6.088452358532542e-02,  4.807344328477287e-02,  4.024637581586601e-02
  7.200000000000000e+00, -1.224785856256544e-01,  3.344541012300528e-02,  1.607695418563158e-01, -6.110182741752605e-02,  4.804746181151126e-02,  3.986226395271258e-02
  7.210000000000000e+00, -1.231868488191249e-01,  3.286281037481742e-02,  1.609162045940707e-01, -6.132458495185788e-02,  4.802645233748715e-02,  3.945650774368913e-02
  7.220000000000000e+00, -1.239605983203264e-01,  3.223540133349334e-02,  1.610660268634803e-01, -6.155329217248671e-02,  4.800913123623083e-02,  3.902899650110529e-02
  7.230000000000000e+00, -1.248054879572017e-01,  3.156737338089610e-02,  1.612177240411308e-01, -6.178873009186677e-02,  4.799308047008238e-02,  3.858265699140320e-02
  7.240000000000000e+00, -1.257268926975557e-01,  3.086264023097818e-02,  1.613708355834977e-01, -6.203175719120016e-02,  4.797592735271718e-02,  3.811916201973562e-02
  7.250000000000000e+00, -1.267255991041632e-01,  3.012873749735601e-02,  1.615244187933629e-01, -6.228333386560087e-02,  4.795457796964613e-02,  3.764199115521126e-02
  7.260000000000000e+00, -1.277968492580209e-01,  2.937637377666058e-02,  1.616773699255210e-01, -6.254438761916660e-02,  4.792544449717816e-02,  3.715585709798460e-02
  7.270000000000000e+00, -1.289305665241067e-01,  2.861900948675888e-02,  1.618281670103793e-01, -6.281586407723989e-02,  4.788460445307574e-02,  3.666729004268049e-02
  7.280000000000000e+00, -1.301040560584746e-01,  2.787454047035620e-02,  1.619760400682491e-01, -6.309781016838614e-02,  4.782782156369901e-02,  3.618239285035790e-02
  7.290000000000000e+00, -1.312907870977593e-01,  2.716162885364293e-02,  1.621195285298832e-01, -6.339023423614856e-02,  4.775107605235338e-02,  3.570943891863907e-02
  7.300000000000000e+00, -1.324557144035511e-01,  2.650035813081009e-02,  1.622575380902750e-01, -6.369234132212846e-02,  4.765066290281859e-02,  3.525657436848754e-02
  7.310000000000000e+00, -1.335590625155678e-01,  2.590980651632302e-02,  1.623894263323467e-01, -6.400252333702311e-02,  4.752366378781670e-02,  3.483101133919497e-02
  7.320000000000000e+00, -1.345571415832166e-01,  2.540861215925627e-02,  1.625141615907455e-01, -6.431874920269763e-02,  4.736757600781308e-02,  3.444102872817460e-02
  7.330000000000000e+00, -1.354081724251328e-01,  2.501092480031963e-02,  1.626315308408539e-01, -6.463817160930402e-02,  4.718124806521674e-02,  3.409203775145147e-02
  7.340000000000000e+00, -1.360732405697499e-01,  2.472738118262785e-02,  1.627413462515460e-01, -6.495756674134642e-02,  4.696440481008717e-02,  3.378845229836169e-02
  7.350000000000000e+00, -1.365189529145599e-01,  2.456432608932668e-02,  1.628435576680541e-01, -6.527343208365875e-02,  4.671772184679429e-02,  3.353306971624406e-02
  7.359999999999999e+00, -1.367188993477003e-01,  2.452386059688205e-02,  1.629381912599737e-01, -6.558214531566886e-02,  4.644272554347471e-02,  3.332709545820506e-02
  7.370000000000000e+00, -1.366543838940967e-01,  2.460418829337940e-02,  1.630253047107912e-01, -6.588010188328812e-02,  4.614166196127878e-02,  3.317026765643796e-02
  7.380000000000000e+00, -1.363145601893328e-01,  2.480013919490776e-02,  1.631049672193657e-01, -6.616382622405718e-02,  4.581735446338554e-02,  3.306103888614948e-02
  7.390000000000000e+00, -1.356955727591058e-01,  2.510424216695939e-02,  1.631770989982206e-01, -6.643012162385459e-02,  4.547295781571164e-02,  3.299731318931579e-02
  7.400000000000000e+00, -1.348013521804672e-01,  2.550513372043661e-02,  1.632424526920320e-01, -6.667562825253907e-02,  4.511235698695962e-02,  3.297376921104295e-02
  7.410000000000000e+00, -1.336435754995929e-01,  2.599221682019381e-02,  1.633004051390163e-01, -6.689834437425557e-02,  4.473893170747616e-02,  3.298847869421431e-02
  7.420000000000000e+00, -1.322367985521427e-01,  2.655218909691004e-02,  1.633517056599653e-01, -6.709566010710043e-02,  4.435664676863826e-02,  3.303566033056547e-02
  7.430000000000000e+00, -1.306017181789375e-01,  2.717146901740586e-02,  1.633968674599311e-01, -6.726571519696903e-02,  4.396926573187362e-02,  3.311022312779971e-02
  7.440000000000000e+00, -1.287632062207049e-01,  2.783618969391322e-02,  1.634365996194068e-01, -6.740709087509617e-02,  4.358040123920059e-02,  3.320687479129954e-02
  7.450000000000000e+00, -1.267495485578979e-01,  2.853255217219730e-02,  1.634718295065209e-01, -6.751882875633206e-02,  4.319341691928542e-02,  3.332025027800650e-02
  7.460000000000000e+00, -1.245916314768926e-01,  2.924716848345943e-02,  1.635037011279500e-01, -6.760044174788776e-02,  4.281133204129701e-02,  3.344505178010039e-02
  7.470000000000000e+00, -1.223214158357162e-01,  2.996717197915011e-02,  1.635337075494448e-01, -6.765173432147976e-02,  4.243678284172560e-02,  3.357578355850764e-02
  7.480000000000000e+00, -1.199736630309509e-01,  3.068153412950547e-02,  1.635629391315822e-01, -6.767355300879822e-02,  4.207172496930021e-02,  3.370873043007608e-02
  7.490000000000000e+00, -1.175806383721854e-01,  3.137972546244550e-02,  1.635931758117720e-01, -6.766651023558796e-02,  4.171774819936987e-02,  3.383908465834563e-02
  7.500000000000000e+00, -1.151741377040326e-01,  3.205316478231013e-02,  1.636259549465875e-01, -6.763183011105636e-02,  4.137576952611411e-02,  3.396329431093558e-02
  7.510000000000000e+00, -1.127836927153827e-01,  3.269507163796970e-02,  1.636627186221620e-01, -6.757103980259706e-02,  4.104611373590888e-02,  3.407855759494158e-02
  7.520000000000000e+00, -1.104340632480813e-01,  3.330088111377183e-02,  1.637049322695755e-01, -6.748567531644571e-02,  4.072857714389849e-02,  3.418261367407894e-02
  7.530000000000000e+00, -1.081518864709388e-01,  3.386670336798581e-02,  1.637533318631208e-01, -6.737807664411360e-02,  4.042240716659345e-02,  3.427457171858992e-02
  7.540000000000000e+00, -1.059537269399374e-01,  3.439169453275270e-02,  1.638088086225682e-01, -6.724997844461129e-02,  4.012650520949256e-02,  3.435392570081871e-02
  7.550000000000001e+00, -1.038543877732496e-01,  3.487595293651968e-02,  1.638718870049106e-01, -6.710333737878857e-02,  3.983947917314678e-02,  3.442081423740011e-02
  7.560000000000000e+00, -1.018648089970887e-01,  3.532078774782832e-02,  1.639428286207463e-01, -6.694004930101910e-02,  3.955975529165907e-02,  3.447590245934532e-02
  7.570000000000000e+00, -9.999244187341588e-02,  3.572841841561814e-02,  1.640216588799027e-01, -6.676190754055188e-02,  3.928567806818843e-02,  3.452025112964881e-02
  7.580000000000000e+00, -9.824174723505480e-02,  3.610168074782560e-02,  1.641082063515979e-01, -6.657057708360573e-02,  3.901559566366705e-02,  3.455518554058017e-02
  7.590000000000000e+00, -9.661474639553030e-02,  3.644376352736600e-02,  1.642021476690991e-01, -6.636758249539872e-02,  3.874792723011502e-02,  3.458217605465315e-02
  7.600000000000000e+00, -9.511034761198819e-02,  3.675852490991272e-02,  1.643003180725671e-01, -6.615516399564603e-02,  3.848091619097209e-02,  3.460792515788032e-02
  7.609999999999999e+00, -9.372999585676429e-02,  3.704816274039469e-02,  1.644076883059638e-01, -6.593288545576891e-02,  3.821383628015469e-02,  3.462354379706571e-02
  7.620000000000000e+00, -9.246992018014263e-02,  3.731635684805501e-02,  1.645209796851625e-01, -6.570269713098961e-02,  3.794525760998355e-02,  3.463565286718320e-02
  7.630000000000000e+00, -9.132728429112386e-02,  3.756598917897946e-02,  1.646396652268331e-01, -6.546561053440858e-02,  3.767421121233663e-02,  3.464552093747247e-02
  7.640000000000000e+00, -9.029892234766193e-02,  3.779965221144499e-02,  1.647632217545525e-01, -6.522254475589266e-02,  3.739989608684100e-02,  3.465430118164874e-02
  7.650000000000000e+00, -8.938154667928548e-02,  3.801962591812114e-02,  1.648911565275782e-01, -6.497433528132912e-02,  3.712167179012668e-02,  3.466299861658963e-02
  7.660000000000000e+00, -8.857190265421953e-02,  3.822787334006650e-02,  1.650230184273365e-01, -6.472174603502007e-02,  3.683904644941473e-02,  3.467246652840160e-02
  7.670000000000000e+00, -8.786687716717917e-02,  3.842604766863644e-02,  1.651584055907295e-01, -6.446547980760495e-02,  3.655166382385084e-02,  3.468340972847924e-02
  7.680000000000000e+00, -8.726357139138810e-02,  3.861550638568745e-02,  1.652969697776303e-01, -6.420618707629878e-02,  3.625929098835815e-02,  3.469639262592780e-02
  7.690000000000000e+00, -8.675934695012122e-02,  3.879732937348268e-02,  1.654384179835436e-01, -6.394447353751175e-02,  3.596180739623204e-02,  3.471185008707218e-02
  7.700000000000000e+00, -8.635185288261819e-02,  3.897233858474580e-02,  1.655825123960031e-01, -6.368090626534957e-02,  3.565919503355543e-02,  3.473009939455968e-02
  7.710000000000000e+00, -8.603903861029583e-02,  3.914111733842662e-02,  1.657290698288362e-01, -6.341601813044533e-02,  3.535152903687782e-02,  3.475135149595007e-02
  7.720000000000001e+00, -8.581915574809310e-02,  3.930402782529541e-02,  1.658779618456557e-01, -6.315031043837763e-02,  3.503896894475544e-02,  3.477571996541941e-02
  7.730000000000000e+00, -8.569075039705458e-02,  3.946122602940205e-02,  1.660291158145939e-01, -6.288425426055717e-02,  3.472175149501502e-02,  3.480322838106431e-02
  7.740000000000000e+00, -8.565264845389184e-02,  3.961267425065129e-02,  1.661825149476241e-01, -6.261829113733307e-02,  3.440018565113477e-02,  3.483381878634013e-02
  7.750000000000000e+00, -8.570393712567380e-02,  3.975815195695165e-02,  1.663381956254882e-01, -6.235283322233651e-02,  3.407464930672107e-02,  3.486736153589304e-02
  7.760000000000000e+00, -8.584394374659998e-02,  3.989726521034842e-02,  1.664962426904012e-01, -6.208826231595909e-02,  3.374558646368238e-02,  3.490366397852072e-02
  7.770000000000000e+00, -8.607221033640630e-02,  4.002945445967798e-02,  1.666567842541811e-01, -6.182492779634387e-02,  3.341350496419019e-02,  3.494247708108127e-02
  7.780000000000000e+00, -8.638846164525014e-02,  4.015400070404973e-02,  1.668199869347015e-01, -6.156314390693890e-02,  3.307897568338710e-02,  3.498350151263797e-02
  7.790000000000000e+00, -8.679256534887406e-02,  4.027003074739310e-02,  1.669860518881091e-01, -6.130318646089123e-02,  3.274263295669326e-02,  3.502639367731629e-02
  7.800000000000000e+00, -8.728448350359337e-02,  4.037652303202943e-02,  1.671552116899159e-01, -6.104528880667948e-02,  3.240517548253746e-02,  3.507077051490100e-02
  7.810000000000000e+00, -8.786421305911207e-02,  4.047231544230900e-02,  1.673277276695705e-01, -6.078963677316778e-02,  3.206736760674093e-02,  3.511621253221704e-02
  7.820000000000000e+00, -8.853171275867845e-02,  4.055611610603926e-02,  1.675038867039105e-01, -6.053636258630278e-02,  3.173004112077669e-02,  3.516226642780010e-02
  7.830000000000000e+00, -8.928681497001598e-02,  4.062651879038293e-02,  1.676839966616263e-01, -6.028553850637289e-02,  3.139409738116453e-02,  3.520844938840577e-02
  7.840000000000000e+00, -9.012912114520094e-02,  4.068202505068674e-02,  1.678683803789804e-01, -6.003717078600661e-02,  3.106050897029201e-02,  3.525425605229689e-02
  7.850000000000000e+00, -9.105787933579752e-02,  4.072107485409959e-02,  1.680573678823981e-01, -5.979119394824441e-02,  3.073031971424884e-02,  3.529916861298723e-02
  7.859999999999999e+00, -9.207184340255380e-02,  4.074208683967173e-02,  1.682512862189948e-01, -5.954746563105019e-02,  3.040464225983580e-02,  3.534267168876861e-02
  7.870000000000000e+00, -9.316911566582128e-02,  4.074350940241844e-02,  1.684504467709837e-01, -5.930576263466889e-02,  3.008465280227185e-02,  3.538427402684624e-02
  7.880000000000000e+00, -9.434697736309103e-02,  4.072388393809145e-02,  1.686551311288408e-01, -5.906577861765988e-02,  2.977158194486531e-02,  3.542353687297253e-02
  7.890000000000001e+00, -9.560171463003191e-02,  4.068192111805469e-02,  1.688655770569013e-01, -5.882712398592845e-02,  2.946670032436064e-02,  3.546010697958681e-02
  7.900000000000000e+00, -9.692845111671854e-02,  4.061658942975055e-02,  1.690819654174127e-01, -5.858932893915537e-02,  2.917129840107171e-02,  3.549375345516545e-02
  7.910000000000000e+00, -9.831847182761065e-02,  4.052722101290795e-02,  1.693072974209351e-01, -5.835057845809631e-02,  2.888707894051536e-02,  3.551904716538489e-02
  7.920000000000000e+00, -9.976875587664558e-02,  4.041367882727687e-02,  1.695357745611873e-01, -5.811278606874504e-02,  2.861449220068365e-02,  3.554704820739938e-02
  7.930000000000000e+00, -1.012680376239960e-01,  4.027624974528043e-02,  1.697702760118456e-01, -5.787404950220181e-02,  2.835509332523374e-02,  3.557263469028549e-02
  7.940000000000000e+00, -1.028057226809634e-01,  4.011593426345428e-02,  1.700106654425809e-01, -5.763369035629873e-02,  2.810994285841323e-02,  3.559648536744959e-02
  7.950000000000000e+00, -1.043698173317442e-01,  3.993445789315841e-02,  1.702567217227958e-01, -5.739102851070144e-02,  2.787995078566995e-02,  3.561960094024927e-02
  7.960000000000000e+00, -1.059464631665435e-01,  3.973443453689973e-02,  1.705077184764982e-01, -5.714549917291963e-02,  2.766587186063980e-02,  3.564430494038057e-02
  7.970000000000000e+00, -1.075225320969600e-01,  3.951891877841374e-02,  1.707641993257321e-01, -5.689628076289849e-02,  2.746816495717560e-02,  3.567025651912723e-02
  7.980000000000000e+00, -1.090825904143693e-01,  3.929207303018223e-02,  1.710253246796921e-01, -5.664294342120348e-02,  2.728710977678354e-02,  3.570044408381156e-02
  7.990000000000000e+00, -1.106113456093218e-01,  3.905866371087963e-02,  1.712906922651381e-01, -5.638503587964351e-02,  2.712271332940402e-02,  3.573713911795255e-02
  8.000000000000000e+00, -1.120935173237181e-01,  3.882408437184659e-02,  1.715599058740089e-01, -5.612221570040699e-02,  2.697472632837679e-02,  3.578286182617723e-02
  8.010000000000000e+00, -1.135142080212412e-01,  3.859424049901139e-02,  1.718325973200551e-01, -5.585426179285431e-02,  2.684265351640856e-02,  3.584032730135567e-02
  8.020000000000000e+00, -1.148589468492733e-01,  3.837561028753789e-02,  1.721084107447988e-01, -5.558106517875328e-02,  2.672578137010795e-02,  3.591258346519172e-02
  8.029999999999999e+00, -1.161152547537784e-01,  3.817435529537772e-02,  1.723871246976047e-01, -5.530270302457943e-02,  2.662317256571043e-02,  3.600222072382495e-02
  8.039999999999999e+00, -1.172710482385956e-01,  3.799710043205007e-02,  1.726685637593046e-01, -5.501930443966697e-02,  2.653377802090187e-02,  3.611216176595569e-02
  8.050000000000001e+00, -1.183162605147426e-01,  3.785040570721310e-02,  1.729525530697322e-01, -5.473118443107017e-02,  2.645637162773659e-02,  3.624534443149550e-02
  8.060000000000000e+00, -1.192424844137110e-01,  3.774035947348686e-02,  1.732390542436641e-01, -5.443873537360414e-02,  2.638969416751210e-02,  3.640434941218622e-02
  8.070000000000000e+00, -1.200432894810252e-01,  3.767263176421842e-02,  1.735280697636639e-01, -5.414246314504914e-02,  2.633244520748929e-02,  3.659158386847192e-02
  8.080000000000000e+00, -1.207142866517280e-01,  3.765224697651726e-02,  1.738196548110343e-01, -5.384296219152367e-02,  2.628334419730913e-02,  3.680915527661481e-02
  8.090000000000000e+00, -1.212531797098897e-01,  3.768341784258622e-02,  1.741139061882146e-01, -5.354090042250910e-02,  2.624117920436312e-02,  3.705881018851914e-02
  8.100000000000000e+00, -1.216600283719460e-01,  3.776942385919324e-02,  1.744109575110966e-01, -5.323699140123847e-02,  2.620486992058642e-02,  3.734193154664059e-02
  8.109999999999999e+00, -1.219361834498191e-01,  3.791237674202463e-02,  1.747109500366100e-01, -5.293201044311776e-02,  2.617345628247389e-02,  3.765928867570480e-02
  8.120000000000001e+00, -1.220855130682905e-01,  3.811328822715554e-02,  1.750140339464237e-01, -5.262673488157667e-02,  2.614620405542830e-02,  3.801131301049508e-02
  8.129999999999999e+00, -1.221133447085950e-01,  3.837192140316770e-02,  1.753203593708303e-01, -5.232194542495904e-02,  2.612259085151807e-02,  3.839787463732497e-02
  8.140000000000001e+00, -1.220267418974435e-01,  3.868687478497401e-02,  1.756301268079341e-01, -5.201836348399264e-02,  2.610235856358092e-02,  3.881831240371519e-02
  8.150000000000000e+00, -1.218325801546922e-01,  3.905539896446530e-02,  1.759433599066607e-01, -5.171680105595852e-02,  2.608540423462593e-02,  3.927153532510323e-02
  8.160000000000000e+00, -1.215399610377618e-01,  3.947394099908719e-02,  1.762603096326091e-01, -5.141786442700903e-02,  2.607195442853043e-02,  3.975591341850680e-02
  8.170000000000000e+00, -1.211576284912149e-01,  3.993794435734976e-02,  1.765811443995787e-01, -5.112215813649662e-02,  2.606241239988616e-02,  4.026943958431767e-02
  8.180000000000000e+00, -1.206939216598261e-01,  4.044207613675366e-02,  1.769059548430471e-01, -5.083030332854038e-02,  2.605729761315815e-02,  4.080984524188946e-02
  8.190000000000000e+00, -1.201572791070708e-01,  4.098054824923736e-02,  1.772349063819029e-01, -5.054282375262428e-02,  2.605728775207559e-02,  4.137456788471417e-02
  8.199999999999999e+00, -1.195558945170393e-01,  4.154731345085438e-02,  1.775682470344070e-01, -5.026015021709258e-02,  2.606317058023823e-02,  4.196078728637499e-02
  8.210000000000001e+00, -1.188969645476537e-01,  4.213610277860291e-02,  1.779061396634397e-01, -4.998277984759823e-02,  2.607569114139874e-02,  4.256565305710577e-02
  8.219999999999999e+00, -1.181871768220450e-01,  4.274068131615993e-02,  1.782487871289655e-01, -4.971120124067067e-02,  2.609555901606750e-02,  4.318622497634524e-02
  8.230000000000000e+00, -1.174326139600617e-01,  4.335494293349718e-02,  1.785964015342504e-01, -4.944594841306949e-02,  2.612336924287549e-02,  4.381954141047161e-02
  8.240000000000000e+00, -1.166388307119221e-01,  4.397300134936399e-02,  1.789492027049091e-01, -4.918763017682495e-02,  2.615954244186910e-02,  4.446265005703972e-02
  8.250000000000000e+00, -1.158109631033139e-01,  4.458925695850446e-02,  1.793074153376437e-01, -4.893695313317633e-02,  2.620427499479829e-02,  4.511263269704405e-02
  8.260000000000000e+00, -1.149538609208612e-01,  4.519844477431145e-02,  1.796712667771750e-01, -4.869473190947284e-02,  2.625750702114440e-02,  4.576662879510025e-02
  8.270000000000000e+00, -1.140722673501560e-01,  4.579573229404543e-02,  1.800410298004924e-01, -4.846183766356662e-02,  2.631894366514496e-02,  4.642181948590830e-02
  8.280000000000001e+00, -1.131708236909819e-01,  4.637648486834367e-02,  1.804168508775641e-01, -4.823936431451139e-02,  2.638793935031170e-02,  4.707562723608917e-02
  8.289999999999999e+00, -1.122544454364170e-01,  4.693667114284605e-02,  1.807990193319579e-01, -4.802831424429047e-02,  2.646371844793229e-02,  4.772547844518998e-02
  8.300000000000001e+00, -1.113282293267198e-01,  4.747261937468883e-02,  1.811877848113515e-01, -4.782975924537246e-02,  2.654527600892499e-02,  4.836901372481920e-02
  8.310000000000000e+00, -1.103975495457432e-01,  4.798109748450341e-02,  1.815834010364218e-01, -4.764476040911504e-02,  2.663144629048688e-02,  4.900406952792064e-02
  8.320000000000000e+00, -1.094680525926838e-01,  4.845933169596139e-02,  1.819861203172639e-01, -4.747433751602303e-02,  2.672093934039714e-02,  4.962870743307977e-02
  8.330000000000000e+00, -1.085457169455047e-01,  4.890495339911682e-02,  1.823961814587496e-01, -4.731945843763614e-02,  2.681237145965154e-02,  5.024122462689470e-02
  8.340000000000000e+00, -1.076363566643814e-01,  4.931632758647853e-02,  1.828138324827272e-01, -4.718092166307881e-02,  2.690434774211481e-02,  5.084023827539014e-02
  8.350000000000000e+00, -1.067460826971904e-01,  4.969209671737662e-02,  1.832392485690407e-01, -4.705948409653637e-02,  2.699542536369384e-02,  5.142465347753585e-02
  8.359999999999999e+00, -1.058808094928562e-01,  5.003152006898959e-02,  1.836725805057391e-01, -4.695572319510466e-02,  2.708421747173088e-02,  5.199369744230163e-02
  8.370000000000001e+00, -1.050459252034502e-01,  5.033440037411552e-02,  1.841138481576763e-01, -4.687010450054473e-02,  2.716936564336667e-02,  5.254705273091725e-02
  8.379999999999999e+00, -1.042471808818464e-01,  5.060100699242498e-02,  1.845632031389780e-01, -4.680278146184651e-02,  2.724975649707630e-02,  5.308440036925029e-02
  8.390000000000001e+00, -1.034893905016765e-01,  5.083220978858138e-02,  1.850206260502811e-01, -4.675377545893256e-02,  2.732436878642419e-02,  5.360594066626166e-02
  8.400000000000000e+00, -1.027761542178577e-01,  5.102928231781734e-02,  1.854858491010261e-01, -4.672305811393516e-02,  2.739222935371103e-02,  5.411241384586265e-02
  8.410000000000000e+00, -1.021111543103731e-01,  5.119391403043183e-02,  1.859587277228819e-01, -4.671027321939113e-02,  2.745268965883242e-02,  5.460450865800683e-02
  8.420000000000000e+00, -1.014970739326115e-01,  5.132814799183483e-02,  1.864389708245316e-01, -4.671494465683335e-02,  2.750524196264465e-02,  5.508323671556662e-02
  8.430000000000000e+00, -1.009356376861662e-01,  5.143425243240118e-02,  1.869261644110571e-01, -4.673648603404695e-02,  2.754952074477121e-02,  5.554981905295380e-02
  8.440000000000000e+00, -1.004284159766364e-01,  5.151482455249989e-02,  1.874199485478348e-01, -4.677406711864168e-02,  2.758543496715466e-02,  5.600545794044401e-02
  8.449999999999999e+00, -9.997567760975902e-02,  5.157245153911760e-02,  1.879197555356479e-01, -4.682686995270936e-02,  2.761292828881006e-02,  5.645155757177322e-02
  8.460000000000001e+00, -9.957726036208971e-02,  5.160978784573245e-02,  1.884249944464298e-01, -4.689395891776495e-02,  2.763210047838488e-02,  5.688947597527697e-02
  8.470000000000001e+00, -9.923245716042890e-02,  5.162944248678714e-02,  1.889350149005139e-01, -4.697434188099470e-02,  2.764314352251197e-02,  5.732052120241391e-02
  8.480000000000000e+00, -9.894011324131251e-02,  5.163391019033003e-02,  1.894491183216991e-01, -4.706699163443585e-02,  2.764631399679313e-02,  5.774590278117329e-02
  8.490000000000000e+00, -9.869872633270806e-02,  5.162551341664745e-02,  1.899665693200049e-01, -4.717086540981319e-02,  2.764190779675372e-02,  5.816669214321149e-02
  8.500000000000000e+00, -9.850654396988294e-02,  5.160635569500305e-02,  1.904866053396196e-01, -4.728492199534561e-02,  2.763023885686430e-02,  5.858379391093613e-02
  8.510000000000000e+00, -9.836165293487088e-02,  5.157828673421916e-02,  1.910084448155579e-01, -4.740813602196139e-02,  2.761162300288012e-02,  5.899792897640139e-02
  8.520000000000000e+00, -9.826205668792488e-02,  5.154288042547472e-02,  1.915312945541790e-01, -4.753950914565246e-02,  2.758636699862695e-02,  5.940962702276122e-02
  8.530000000000001e+00, -9.820573877105702e-02,  5.150142558645210e-02,  1.920543565195870e-01, -4.767807817220738e-02,  2.755476162713469e-02,  5.981922365754957e-02
  8.539999999999999e+00, -9.819071154305690e-02,  5.145492766074167e-02,  1.925768336894058e-01, -4.782292035397095e-02,  2.751707730127455e-02,  6.022686101683207e-02
  8.550000000000001e+00, -9.821505029586665e-02,  5.140411933854838e-02,  1.930979343077338e-01, -4.797315621106486e-02,  2.747356146976420e-02,  6.063249444562820e-02
  8.560000000000000e+00, -9.827691467544282e-02,  5.134947822540359e-02,  1.936168739431677e-01, -4.812795084827959e-02,  2.742443824441834e-02,  6.103590622778374e-02
  8.570000000000000e+00, -9.837456068377912e-02,  5.129124987783373e-02,  1.941328761137710e-01, -4.828651517611677e-02,  2.736991071165452e-02,  6.143672439852875e-02
  8.580000000000000e+00, -9.850634595926211e-02,  5.122947470992556e-02,  1.946451736884172e-01, -4.844810795523587e-02,  2.731016519975886e-02,  6.183444333895668e-02
  8.590000000000000e+00, -9.867072975910120e-02,  5.116401725056585e-02,  1.951530122509077e-01, -4.861203816215415e-02,  2.724537553341759e-02,  6.222844273702156e-02
  8.600000000000000e+00, -9.886626820973382e-02,  5.109459644299452e-02,  1.956556540110805e-01, -4.877766625692821e-02,  2.717570581147920e-02,  6.261800410839030e-02
  8.609999999999999e+00, -9.909160494282106e-02,  5.102081611318421e-02,  1.961523800084819e-01, -4.894440397289104e-02,  2.710131302673303e-02,  6.300232853022751e-02
  8.620000000000001e+00, -9.934545666796535e-02,  5.094219557061019e-02,  1.966424904628743e-01, -4.911171315027318e-02,  2.702235194924564e-02,  6.338055838565672e-02
  8.629999999999999e+00, -9.962659203646816e-02,  5.085820157807053e-02,  1.971253047906998e-01, -4.927910300384919e-02,  2.693898266676692e-02,  6.375180074245973e-02
  8.640000000000001e+00, -9.993379937017742e-02,  5.076828394280564e-02,  1.976001622023246e-01, -4.944612380640144e-02,  2.685138062428633e-02,  6.411515044537465e-02
  8.650000000000000e+00, -1.002658719633190e-01,  5.067184418374482e-02,  1.980664033203250e-01, -4.961237852016621e-02,  2.675973595447759e-02,  6.446972898534177e-02
  8.660000000000000e+00, -1.006213607879186e-01,  5.056861762395570e-02,  1.985234505450800e-01, -4.977739638778526e-02,  2.666434698350727e-02,  6.481467866068270e-02
  8.670000000000000e+00, -1.009986759447709e-01,  5.045823811980665e-02,  1.989706804697194e-01, -4.994076498823967e-02,  2.656554629771470e-02,  6.514927312627930e-02
  8.680000000000000e+00, -1.013956623622016e-01,  5.034075390461501e-02,  1.994075090978830e-01, -5.010194874045722e-02,  2.646384716993949e-02,  6.547296033359855e-02
  8.690000000000000e+00, -1.011657936085097e-01,  5.053689663267447e-02,  1.998166329253548e-01, -5.011862946851888e-02,  2.651867452776634e-02,  6.597047339455878e-02
  8.699999999999999e+00, -1.015266788868033e-01,  5.044129005910403e-02,  2.002289990843357e-01, -5.025935121650432e-02,  2.642782097918759e-02,  6.629075014749847e-02
  8.710000000000001e+00, -1.018973733351561e-01,  5.034089889769189e-02,  2.006291489207628e-01, -5.039642383155848e-02,  2.633535584357444e-02,  6.659944846773855e-02
  8.719999999999999e+00, -1.022762346064945e-01,  5.023590293955982e-02,  2.010166108363646e-01, -5.052960289318666e-02,  2.624161986951851e-02,  6.689610227892026e-02
  8.730000000000000e+00, -1.026617847309018e-01,  5.012645508354896e-02,  2.013908966088890e-01, -5.065873430683238e-02,  2.614691837793479e-02,  6.718034441520464e-02
  8.740000000000000e+00, -1.030518097710261e-01,  5.001304663992157e-02,  2.017516645723495e-01, -5.078352108693245e-02,  2.605170527428396e-02,  6.745172972249443e-02
  8.750000000000000e+00, -1.034445648385936e-01,  4.989608125432365e-02,  2.020984965648555e-01, -5.090381125163555e-02,  2.595636344311974e-02,  6.771005870061760e-02
  8.760000000000000e+00, -1.038381662311923e-01,  4.977607203190781e-02,  2.024310219137412e-01, -5.101945208186526e-02,  2.586130776457674e-02,  6.795519275208360e-02
  8.770000000000000e+00, -1.042305631045093e-01,  4.965366600367371e-02,  2.027489344032481e-01, -5.113027734478314e-02,  2.576698890177513e-02,  6.818703644763997e-02
  8.779999999999999e+00, -1.046197302387294e-01,  4.952956233994343e-02,  2.030519625839813e-01, -5.123615182224661e-02,  2.567385564380515e-02,  6.840558217764871e-02
  8.789999999999999e+00, -1.050037306384230e-01,  4.940447557122507e-02,  2.033398532067148e-01, -5.133698481300063e-02,  2.558234448020861e-02,  6.861094618506003e-02
  8.800000000000001e+00, -1.053803931629865e-01,  4.927929648098428e-02,  2.036124954753505e-01, -5.143263831790904e-02,  2.549292404903464e-02,  6.880314584045473e-02
  8.810000000000000e+00, -1.057478719298312e-01,  4.915480491696989e-02,  2.038697378610122e-01, -5.152307214850746e-02,  2.540600962185249e-02,  6.898241892536923e-02
  8.820000000000000e+00, -1.061043007615272e-01,  4.903184558619866e-02,  2.041115151973426e-01, -5.160824377396530e-02,  2.532201292109314e-02,  6.914899867113329e-02
  8.830000000000000e+00, -1.064479137672625e-01,  4.891126298428783e-02,  2.043378185944085e-01, -5.168813397454690e-02,  2.524132176065907e-02,  6.930316233038340e-02
  8.840000000000000e+00, -1.067770701736944e-01,  4.879388545202978e-02,  2.045486966715958e-01, -5.176274649769277e-02,  2.516429418345907e-02,  6.944522573399714e-02
  8.850000000000000e+00, -1.070902785390566e-01,  4.868050858301909e-02,  2.047442560066560e-01, -5.183210775493130e-02,  2.509125237105305e-02,  6.957553934214314e-02
  8.859999999999999e+00, -1.073862202627974e-01,  4.857187842005706e-02,  2.049246614150665e-01, -5.189626664281491e-02,  2.502247670710272e-02,  6.969448584347511e-02
  8.870000000000001e+00, -1.076635648801366e-01,  4.846875571911569e-02,  2.050901904911015e-01, -5.195524455290421e-02,  2.495823536819287e-02,  6.980238893148187e-02
  8.879999999999999e+00, -1.079218454802886e-01,  4.837156819564092e-02,  2.052410125143695e-01, -5.200924272554563e-02,  2.489863749799263e-02,  6.989987781562874e-02
  8.890000000000001e+00, -1.081601402218408e-01,  4.828091971979953e-02,  2.053775359303791e-01, -5.205831845358292e-02,  2.484385298718736e-02,  6.998731311803966e-02
  8.900000000000000e+00, -1.083780060020490e-01,  4.819721741177618e-02,  2.055001723394615e-01, -5.210260827619773e-02,  2.479395503044425e-02,  7.006517411978808e-02
  8.910000000000000e+00, -1.085752441216096e-01,  4.812075856918674e-02,  2.056093986703466e-01, -5.214226883668777e-02,  2.474895930925540e-02,  7.013395698312018e-02
  8.920000000000000e+00, -1.087521861676089e-01,  4.805160518527529e-02,  2.057057048506570e-01, -5.217754359389824e-02,  2.470877247365936e-02,  7.019423720061882e-02
  8.930000000000000e+00, -1.089085041451044e-01,  4.799008312619990e-02,  2.057898080390199e-01, -5.220848152782755e-02,  2.467340888170412e-02,  7.024640685973643e-02
  8.940000000000000e+00, -1.090450498419603e-01,  4.793600268106735e-02,  2.058623127680379e-01, -5.223537399619736e-02,  2.464265737591510e-02,  7.029108475744981e-02
  8.949999999999999e+00, -1.091625597449809e-01,  4.788920408132991e-02,  2.059239429361673e-01, -5.225844979210587e-02,  2.461631822114068e-02,  7.032882857436001e-02
  8.960000000000001e+00, -1.092619753691688e-01,  4.784942213299259e-02,  2.059754777487466e-01, -5.227795362271379e-02,  2.459414639586367e-02,  7.036020734876254e-02
  8.969999999999999e+00, -1.093444251745624e-01,  4.781629497824258e-02,  2.060177474609062e-01, -5.229414484081538e-02,  2.457585647207310e-02,  7.038579868875786e-02
  8.980000000000000e+00, -1.094105288359629e-01,  4.778962256617758e-02,  2.060514063295460e-01, -5.230716164173547e-02,  2.456126603469377e-02,  7.040592172723914e-02
  8.990000000000000e+00, -1.094629258373039e-01,  4.776844810697312e-02,  2.060776969977267e-01, -5.231753010123179e-02,  2.454978405934800e-02,  7.042167376304088e-02
  9.000000000000000e+00, -1.095054055090269e-01,  4.775124987874224e-02,  2.060988218090884e-01, -5.232597445724253e-02,  2.454053102390354e-02,  7.043424901910562e-02
