Main.Studies.MarkerTracking.t,Main.Studies.MarkerTracking.JointAngleOutputs.OutputFile_RightLeg.HipFlexion,Main.Studies.MarkerTracking.JointAngleOutputs.OutputFile_RightLeg.HipAbduction,Main.Studies.MarkerTracking.JointAngleOutputs.OutputFile_RightLeg.HipExternalRotation,Main.Studies.MarkerTracking.JointAngleOutputs.OutputFile_RightLeg.KneeFlexion,Main.Studies.MarkerTracking.JointAngleOutputs.OutputFile_RightLeg.AnklePlantarFlexion,Main.Studies.MarkerTracking.JointAngleOutputs.OutputFile_RightLeg.SubTalarEversion
  2.900000000000000e+01, -1.422164756063024e-01,  1.799768780105881e-02,  2.105811791305217e-01, -7.744466566819490e-02,  3.562726114915384e-02,  7.544229027672837e-02
  2.901000000000000e+01, -1.419437765966806e-01,  1.824237176275467e-02,  2.105448393381774e-01, -7.739803637958068e-02,  3.551820091376907e-02,  7.566950205209982e-02
  2.902000000000000e+01, -1.416680968935991e-01,  1.849261091738352e-02,  2.105066407378324e-01, -7.735069561173805e-02,  3.540659150511768e-02,  7.589876154471732e-02
  2.903000000000000e+01, -1.413888552388513e-01,  1.874942141205960e-02,  2.104648305605457e-01, -7.730310559927456e-02,  3.529212689009003e-02,  7.613297662430236e-02
  2.904000000000000e+01, -1.411061543105801e-01,  1.901309880164992e-02,  2.104190347835227e-01, -7.725532869359930e-02,  3.517467377156390e-02,  7.637229791829590e-02
  2.905000000000000e+01, -1.408203643220637e-01,  1.928326692242921e-02,  2.103691947363838e-01, -7.720742316970720e-02,  3.505439501897718e-02,  7.661638392728956e-02
  2.906000000000000e+01, -1.405317577732206e-01,  1.955978888014664e-02,  2.103151166502914e-01, -7.715945399366013e-02,  3.493134610217980e-02,  7.686507124090024e-02
  2.907000000000000e+01, -1.402406214519477e-01,  1.984250785312724e-02,  2.102565994253757e-01, -7.711149050598325e-02,  3.480558983758453e-02,  7.711817843671796e-02
  2.908000000000000e+01, -1.399472546207968e-01,  2.013124597262017e-02,  2.101934343820265e-01, -7.706360656769644e-02,  3.467719671443545e-02,  7.737550591154556e-02
  2.909000000000000e+01, -1.396519691187806e-01,  2.042580376778247e-02,  2.101254060705949e-01, -7.701588086659067e-02,  3.454624548241302e-02,  7.763683340572901e-02
  2.910000000000000e+01, -1.393550895277204e-01,  2.072595954644574e-02,  2.100522929153296e-01, -7.696839696015126e-02,  3.441282381856108e-02,  7.790191724534853e-02
  2.911000000000000e+01, -1.390569532223795e-01,  2.103146846683690e-02,  2.099738674258305e-01, -7.692124275829727e-02,  3.427702866534556e-02,  7.817048815242043e-02
  2.912000000000000e+01, -1.387579099643289e-01,  2.134206133186134e-02,  2.098898958704220e-01, -7.687450986079110e-02,  3.413896642428803e-02,  7.844225066091121e-02
  2.913000000000000e+01, -1.384583206151551e-01,  2.165744341647713e-02,  2.098001375630179e-01, -7.682829303599746e-02,  3.399875322495054e-02,  7.871688399598044e-02
  2.914000000000000e+01, -1.381585555705201e-01,  2.197729353472888e-02,  2.097043438368137e-01, -7.678268979773896e-02,  3.385651515062599e-02,  7.899404357522878e-02
  2.915000000000000e+01, -1.378589939423621e-01,  2.230126326175563e-02,  2.096022569157691e-01, -7.673780008914986e-02,  3.371238841738611e-02,  7.927336257783774e-02
  2.916000000000000e+01, -1.375600232785257e-01,  2.262897623228133e-02,  2.094936096040062e-01, -7.669372586539293e-02,  3.356651957303413e-02,  7.955445227926143e-02
  2.917000000000000e+01, -1.372620386785926e-01,  2.296002754266468e-02,  2.093781265021551e-01, -7.665057037466845e-02,  3.341906597901035e-02,  7.983690026127563e-02
  2.918000000000000e+01, -1.369654406754514e-01,  2.329398321208309e-02,  2.092555260719184e-01, -7.660843722059239e-02,  3.327019662284011e-02,  8.012026807801445e-02
  2.919000000000000e+01, -1.366706324438525e-01,  2.363037971988957e-02,  2.091255222185743e-01, -7.656742925423204e-02,  3.312009254781421e-02,  8.040409052610213e-02
  2.920000000000000e+01, -1.363780172895616e-01,  2.396872386236892e-02,  2.089878252817048e-01, -7.652764739474255e-02,  3.296894656264020e-02,  8.068787635085527e-02
  2.921000000000000e+01, -1.360879963717099e-01,  2.430849324318207e-02,  2.088421437539662e-01, -7.648918947920509e-02,  3.281696281467059e-02,  8.097110855451732e-02
  2.922000000000000e+01, -1.358009659642210e-01,  2.464913750032927e-02,  2.086881879834175e-01, -7.645214890861554e-02,  3.266435646574715e-02,  8.125324270632077e-02
  2.923000000000000e+01, -1.355173142924418e-01,  2.499007995503399e-02,  2.085256751923475e-01, -7.641661289460547e-02,  3.251135289251345e-02,  8.153370388519267e-02
  2.924000000000000e+01, -1.352374185230392e-01,  2.533071943221343e-02,  2.083543334973224e-01, -7.638266060185356e-02,  3.235818626393089e-02,  8.181188523957293e-02
  2.925000000000000e+01, -1.349616422395827e-01,  2.567043270874714e-02,  2.081739043689329e-01, -7.635036162944576e-02,  3.220509805617805e-02,  8.208714932706832e-02
  2.926000000000000e+01, -1.346903334373045e-01,  2.600857791281941e-02,  2.079841446510332e-01, -7.631977484613256e-02,  3.205233545134644e-02,  8.235883152079154e-02
  2.927000000000000e+01, -1.344238224347589e-01,  2.634449834287711e-02,  2.077848278716515e-01, -7.629094714185955e-02,  3.190014921832876e-02,  8.262624686402927e-02
  2.928000000000000e+01, -1.341624189919451e-01,  2.667752644699317e-02,  2.075757442723805e-01, -7.626391170212748e-02,  3.174879123585252e-02,  8.288870126933366e-02
  2.929000000000000e+01, -1.339064091166533e-01,  2.700698840940041e-02,  2.073567005941865e-01, -7.623868584738898e-02,  3.159851173229474e-02,  8.314550410921220e-02
  2.930000000000000e+01, -1.336560524358348e-01,  2.733220939673764e-02,  2.071275213011579e-01, -7.621526887453051e-02,  3.144955620655317e-02,  8.339597896141192e-02
  2.931000000000000e+01, -1.334115802038278e-01,  2.765251896646359e-02,  2.068880522977198e-01, -7.619364049487584e-02,  3.130216238513447e-02,  8.363947199474395e-02
  2.932000000000000e+01, -1.331731937341217e-01,  2.796725631248287e-02,  2.066381669039139e-01, -7.617376023382588e-02,  3.115655756348238e-02,  8.387535886048082e-02
  2.933000000000000e+01, -1.329410630704426e-01,  2.827577511650059e-02,  2.063777720713013e-01, -7.615556751176417e-02,  3.101295649521515e-02,  8.410305144338376e-02
  2.934000000000000e+01, -1.327153257845261e-01,  2.857744777133298e-02,  2.061068125019944e-01, -7.613898184715277e-02,  3.087155968560179e-02,  8.432200534010192e-02
  2.935000000000000e+01, -1.324960862876812e-01,  2.887166906820027e-02,  2.058252726047920e-01, -7.612390314810449e-02,  3.073255166851265e-02,  8.453172716218628e-02
  2.936000000000000e+01, -1.322834163197405e-01,  2.915785968044227e-02,  2.055331776292383e-01, -7.611021256118233e-02,  3.059609931910569e-02,  8.473178073808280e-02
  2.937000000000000e+01, -1.320773567877779e-01,  2.943546975412903e-02,  2.052305942532562e-01, -7.609777425148256e-02,  3.046235080248130e-02,  8.492179247134365e-02
  2.938000000000000e+01, -1.318779206338723e-01,  2.970398263568108e-02,  2.049176301732592e-01, -7.608643815580406e-02,  3.033143556673672e-02,  8.510145597862601e-02
  2.939000000000000e+01, -1.316850962275480e-01,  2.996291836821929e-02,  2.045944334862231e-01, -7.607604341733629e-02,  3.020346526830904e-02,  8.527053454176801e-02
  2.940000000000000e+01, -1.314988506480542e-01,  3.021183655620940e-02,  2.042611937210467e-01, -7.606642183364887e-02,  3.007853490896836e-02,  8.542885909652238e-02
  2.941000000000000e+01, -1.313191325125499e-01,  3.045033851895584e-02,  2.039181446135273e-01, -7.605740069495974e-02,  2.995672339733107e-02,  8.557632247080718e-02
  2.942000000000000e+01, -1.311458743787508e-01,  3.067806893749569e-02,  2.035655665517746e-01, -7.604880515735342e-02,  2.983809387764962e-02,  8.571287330754868e-02
  2.943000000000000e+01, -1.309789947448061e-01,  3.089471714352321e-02,  2.032037868483763e-01, -7.604046068473126e-02,  2.972269470458939e-02,  8.583851201326329e-02
  2.944000000000000e+01, -1.308183999557227e-01,  3.110001800046702e-02,  2.028331771124675e-01, -7.603219557221012e-02,  2.961056092134896e-02,  8.595328957421070e-02
  2.945000000000000e+01, -1.306639867366932e-01,  3.129375241774035e-02,  2.024541483686647e-01, -7.602384336503842e-02,  2.950171556055299e-02,  8.605730804360580e-02
  2.946000000000000e+01, -1.305156456205566e-01,  3.147574761930794e-02,  2.020671457552710e-01, -7.601524522100586e-02,  2.939617056418217e-02,  8.615071946865098e-02
  2.947000000000000e+01, -1.303732644399865e-01,  3.164587707563626e-02,  2.016726438824661e-01, -7.600625194487161e-02,  2.929392744267439e-02,  8.623372185996886e-02
  2.948000000000000e+01, -1.302367305480619e-01,  3.180405987894863e-02,  2.012711426151116e-01, -7.599672510034260e-02,  2.919497785710745e-02,  8.630655378392461e-02
  2.949000000000000e+01, -1.301059312001280e-01,  3.195025953169006e-02,  2.008631632882793e-01, -7.598653705753478e-02,  2.909930420508982e-02,  8.636948887960308e-02
  2.950000000000000e+01, -1.299861607114613e-01,  3.208397449645273e-02,  2.004485527287913e-01, -7.597629038656530e-02,  2.900757562261692e-02,  8.642522677712250e-02
  2.951000000000000e+01, -1.298665881434267e-01,  3.220623408464185e-02,  2.000292219946156e-01, -7.596446372680621e-02,  2.891839476268526e-02,  8.646938663768616e-02
  2.952000000000000e+01, -1.297523897501986e-01,  3.231665260918359e-02,  1.996050818199739e-01, -7.595164966372879e-02,  2.883238287586019e-02,  8.650460847851793e-02
  2.953000000000000e+01, -1.296434493794436e-01,  3.241535248790739e-02,  1.991767075828354e-01, -7.593776335110572e-02,  2.874949169030473e-02,  8.653125467523164e-02
  2.954000000000000e+01, -1.295396420518282e-01,  3.250249178022613e-02,  1.987446807558266e-01, -7.592272894601973e-02,  2.866966477312564e-02,  8.654969645113746e-02
  2.955000000000000e+01, -1.294408382143517e-01,  3.257826030318722e-02,  1.983095844849973e-01, -7.590648124024810e-02,  2.859283974931860e-02,  8.656031360006444e-02
  2.956000000000000e+01, -1.293469026464524e-01,  3.264287687488010e-02,  1.978720008593028e-01, -7.588896556710281e-02,  2.851894932293396e-02,  8.656348899135279e-02
  2.957000000000000e+01, -1.292576939311427e-01,  3.269658701959921e-02,  1.974325090821003e-01, -7.587013840026822e-02,  2.844792250803327e-02,  8.655960422173019e-02
  2.958000000000000e+01, -1.291730642362254e-01,  3.273966102440373e-02,  1.969916829434964e-01, -7.584996843270228e-02,  2.837968585118137e-02,  8.654903813671924e-02
  2.959000000000000e+01, -1.290928589774540e-01,  3.277239215221472e-02,  1.965500861130096e-01, -7.582843743315323e-02,  2.831416441804624e-02,  8.653216739725816e-02
  2.960000000000000e+01, -1.290169165164029e-01,  3.279509495801225e-02,  1.961082666110016e-01, -7.580554038651791e-02,  2.825128223746689e-02,  8.650936721780753e-02
  2.961000000000000e+01, -1.289450682521876e-01,  3.280810351380947e-02,  1.956667525812423e-01, -7.578128519963118e-02,  2.819096235624967e-02,  8.648101149873533e-02
  2.962000000000000e+01, -1.288771395951885e-01,  3.281176926877283e-02,  1.952260497507091e-01, -7.575569260352286e-02,  2.813312691467836e-02,  8.644747282663144e-02
  2.963000000000000e+01, -1.288129521236813e-01,  3.280645842128194e-02,  1.947866400704421e-01, -7.572879640115823e-02,  2.807769735898156e-02,  8.640912249087401e-02
  2.964000000000000e+01, -1.287523264395819e-01,  3.279254906237972e-02,  1.943489815021093e-01, -7.570064366320781e-02,  2.802459472038608e-02,  8.636632933203016e-02
  2.965000000000000e+01, -1.286950849402462e-01,  3.277042851968104e-02,  1.939135088200871e-01, -7.567129441587461e-02,  2.797373978102828e-02,  8.631945692828921e-02
  2.966000000000000e+01, -1.286410538931439e-01,  3.274049097781950e-02,  1.934806346233064e-01, -7.564082074473275e-02,  2.792505324322348e-02,  8.626886066353188e-02
  2.967000000000000e+01, -1.285900643948894e-01,  3.270313518455947e-02,  1.930507501988674e-01, -7.560930552761708e-02,  2.787845637076743e-02,  8.621488557954288e-02
  2.968000000000000e+01, -1.285419528921206e-01,  3.265876215539998e-02,  1.926242271452293e-01, -7.557684085742752e-02,  2.783387180629792e-02,  8.615786345336676e-02
  2.969000000000000e+01, -1.284965622523157e-01,  3.260777294885209e-02,  1.922014204787406e-01, -7.554352598014089e-02,  2.779122363886951e-02,  8.609810761347263e-02
  2.970000000000000e+01, -1.284537428990424e-01,  3.255056655496102e-02,  1.917826719726996e-01, -7.550946487247386e-02,  2.775043670774064e-02,  8.603590752065020e-02
  2.971000000000000e+01, -1.284133535257016e-01,  3.248753782526803e-02,  1.913683119144882e-01, -7.547476411320311e-02,  2.771143595086131e-02,  8.597152675428404e-02
  2.972000000000000e+01, -1.283752619821158e-01,  3.241907543036060e-02,  1.909586591356468e-01, -7.543953159066978e-02,  2.767414618017730e-02,  8.590520525605487e-02
  2.973000000000000e+01, -1.283338523771010e-01,  3.234648005035901e-02,  1.905546551307087e-01, -7.540310865463784e-02,  2.763758623555573e-02,  8.583478052407754e-02
  2.974000000000000e+01, -1.283000377411605e-01,  3.226829520509078e-02,  1.901552977205110e-01, -7.536714518998502e-02,  2.760348909215344e-02,  8.576527272784641e-02
  2.975000000000000e+01, -1.282682390148909e-01,  3.218577743268214e-02,  1.897615362128335e-01, -7.533098799638445e-02,  2.757088986677767e-02,  8.569444130067495e-02
  2.976000000000000e+01, -1.282383364537690e-01,  3.209928632502290e-02,  1.893736393263908e-01, -7.529473543076896e-02,  2.753970100566676e-02,  8.562244702228235e-02
  2.977000000000000e+01, -1.282102682095327e-01,  3.200915856701214e-02,  1.889918738735283e-01, -7.525849351140025e-02,  2.750984498052951e-02,  8.554943414276076e-02
  2.978000000000000e+01, -1.281839909481687e-01,  3.191571741581800e-02,  1.886164991985399e-01, -7.522236571364457e-02,  2.748124338684448e-02,  8.547552809328439e-02
  2.979000000000000e+01, -1.281594791336041e-01,  3.181927191031164e-02,  1.882477647792789e-01, -7.518645215416292e-02,  2.745381717359845e-02,  8.540083954085916e-02
  2.980000000000000e+01, -1.281367242369793e-01,  3.172011605363267e-02,  1.878859076611104e-01, -7.515084876336212e-02,  2.742748657054625e-02,  8.532546790951706e-02
  2.981000000000000e+01, -1.281157347134715e-01,  3.161852814816757e-02,  1.875311525245301e-01, -7.511564669142963e-02,  2.740217070343438e-02,  8.524950198627101e-02
  2.982000000000000e+01, -1.280965365014455e-01,  3.151477012702508e-02,  1.871837136802506e-01, -7.508093207345000e-02,  2.737778744977453e-02,  8.517301897379650e-02
  2.983000000000000e+01, -1.280791728604755e-01,  3.140908673892251e-02,  1.868437960587790e-01, -7.504678610418310e-02,  2.735425407221566e-02,  8.509608487384492e-02
  2.984000000000000e+01, -1.280637032398033e-01,  3.130170490943773e-02,  1.865115944369044e-01, -7.501328513724190e-02,  2.733148814465561e-02,  8.501875621150182e-02
  2.985000000000000e+01, -1.280502017769434e-01,  3.119283372957904e-02,  1.861872927176229e-01, -7.498050042893409e-02,  2.730940788949664e-02,  8.494108075329367e-02
  2.986000000000000e+01, -1.280387559814871e-01,  3.108266506238544e-02,  1.858710645320417e-01, -7.494849766262837e-02,  2.728793209482653e-02,  8.486309650794946e-02
  2.987000000000000e+01, -1.280294655722164e-01,  3.097137431736563e-02,  1.855630746183079e-01, -7.491733665991994e-02,  2.726698029954434e-02,  8.478483062502706e-02
  2.988000000000000e+01, -1.280224411148533e-01,  3.085912088938891e-02,  1.852634796169710e-01, -7.488707146481756e-02,  2.724647342486080e-02,  8.470629992642197e-02
  2.989000000000000e+01, -1.280178026448748e-01,  3.074604819329174e-02,  1.849724274425254e-01, -7.485775098084431e-02,  2.722633484647271e-02,  8.462751326715201e-02
  2.990000000000000e+01, -1.280156786993365e-01,  3.063228379905847e-02,  1.846900559213091e-01, -7.482942012481146e-02,  2.720649176556144e-02,  8.454847410136013e-02
  2.991000000000000e+01, -1.280162054028465e-01,  3.051793998880337e-02,  1.844164920955024e-01, -7.480212086754913e-02,  2.718687620831418e-02,  8.446918149914298e-02
  2.992000000000000e+01, -1.280195252550355e-01,  3.040311461436929e-02,  1.841518523619654e-01, -7.477589287931476e-02,  2.716742529585024e-02,  8.438963000929671e-02
  2.993000000000000e+01, -1.280257861015694e-01,  3.028789218667316e-02,  1.838962420958359e-01, -7.475077444375471e-02,  2.714808141146047e-02,  8.430981075759482e-02
  2.994000000000000e+01, -1.280351404482165e-01,  3.017234494148058e-02,  1.836497542891160e-01, -7.472680381403701e-02,  2.712879267362658e-02,  8.422971416434272e-02
  2.995000000000000e+01, -1.280477445601217e-01,  3.005653340782644e-02,  1.834124687046988e-01, -7.470402018735052e-02,  2.710951335324929e-02,  8.414933159201884e-02
  2.996000000000000e+01, -1.280637571228053e-01,  2.994050646630364e-02,  1.831844519444668e-01, -7.468246395065627e-02,  2.709020417684128e-02,  8.406865549820514e-02
  2.997000000000000e+01, -1.280833378603444e-01,  2.982430129727631e-02,  1.829657567057277e-01, -7.466217658089151e-02,  2.707083279924709e-02,  8.398768032991188e-02
  2.998000000000000e+01, -1.281066467658502e-01,  2.970794361276674e-02,  1.827564194373415e-01, -7.464320049884099e-02,  2.705137423432020e-02,  8.390640477749635e-02
  2.999000000000000e+01, -1.281338440902693e-01,  2.959144807097625e-02,  1.825564573418161e-01, -7.462557892303839e-02,  2.703181087332474e-02,  8.382483518816990e-02
  3.000000000000000e+01, -1.281650901047139e-01,  2.947481820834663e-02,  1.823658664580322e-01, -7.460935549829344e-02,  2.701213231299103e-02,  8.374298896864020e-02
  3.001000000000000e+01, -1.282005441390014e-01,  2.935804606568593e-02,  1.821846226146969e-01, -7.459457382788985e-02,  2.699233535770571e-02,  8.366089418039409e-02
  3.002000000000000e+01, -1.282403641811789e-01,  2.924111252071127e-02,  1.820126849743282e-01, -7.458127761903563e-02,  2.697242406707890e-02,  8.357858344609141e-02
  3.003000000000000e+01, -1.282847077528149e-01,  2.912398822508977e-02,  1.818499999738948e-01, -7.456951139365303e-02,  2.695240956557888e-02,  8.349608569933439e-02
  3.004000000000000e+01, -1.283337327665252e-01,  2.900663420244998e-02,  1.816965044445758e-01, -7.455932092217513e-02,  2.693230956759040e-02,  8.341342032815792e-02
  3.005000000000000e+01, -1.283875972858953e-01,  2.888900186509402e-02,  1.815521281599946e-01, -7.455075307366443e-02,  2.691214781223434e-02,  8.333059482862219e-02
  3.006000000000000e+01, -1.284464585886058e-01,  2.877103275568227e-02,  1.814167957561654e-01, -7.454385541135233e-02,  2.689195368512523e-02,  8.324760532560543e-02
  3.007000000000000e+01, -1.285104722733144e-01,  2.865265829048536e-02,  1.812904273817806e-01, -7.453867581286207e-02,  2.687176201474460e-02,  8.316443917392717e-02
  3.008000000000000e+01, -1.285797917560268e-01,  2.853379984313098e-02,  1.811729383662547e-01, -7.453526206426014e-02,  2.685161261641869e-02,  8.308107769780550e-02
  3.009000000000000e+01, -1.286545682818719e-01,  2.841436949165255e-02,  1.810642387327659e-01, -7.453366126535026e-02,  2.683154924035118e-02,  8.299749796769998e-02
  3.010000000000000e+01, -1.287349513730173e-01,  2.829427125462058e-02,  1.809642325147469e-01, -7.453391901966351e-02,  2.681161817851905e-02,  8.291367471572735e-02
  3.011000000000000e+01, -1.288210892942378e-01,  2.817340221772291e-02,  1.808728167997689e-01, -7.453607844130719e-02,  2.679186699168412e-02,  8.282958297050463e-02
  3.012000000000000e+01, -1.289131290011388e-01,  2.805165329305570e-02,  1.807898807563273e-01, -7.454017898234906e-02,  2.677234341563028e-02,  8.274520085888230e-02
  3.013000000000000e+01, -1.290112156659247e-01,  2.792890988959740e-02,  1.807153047300625e-01, -7.454625527692746e-02,  2.675309448622814e-02,  8.266051207824750e-02
  3.014000000000000e+01, -1.291154924098516e-01,  2.780505269062772e-02,  1.806489600000280e-01, -7.455433631729488e-02,  2.673416609326377e-02,  8.257550701865414e-02
  3.015000000000000e+01, -1.292261001305651e-01,  2.767995838253379e-02,  1.805907101656158e-01, -7.456444476287104e-02,  2.671560274240295e-02,  8.249018119167054e-02
  3.016000000000000e+01, -1.293431767351924e-01,  2.755350028117221e-02,  1.805404139907139e-01, -7.457659588356248e-02,  2.669744713536058e-02,  8.240453144408925e-02
  3.017000000000000e+01, -1.294668558143459e-01,  2.742554906084926e-02,  1.804979279707509e-01, -7.459079638799219e-02,  2.667973970646157e-02,  8.231855279790731e-02
  3.018000000000000e+01, -1.295972652841730e-01,  2.729597353328339e-02,  1.804631072450928e-01, -7.460704378573338e-02,  2.666251833023111e-02,  8.223223807253550e-02
  3.019000000000000e+01, -1.297345262447837e-01,  2.716464106563854e-02,  1.804358050403491e-01, -7.462532620886692e-02,  2.664581797950510e-02,  8.214557999281145e-02
  3.020000000000000e+01, -1.298787521545340e-01,  2.703141761767536e-02,  1.804158713836972e-01, -7.464562229464733e-02,  2.662967033765305e-02,  8.205857455295093e-02
  3.021000000000000e+01, -1.300300481522715e-01,  2.689616801268291e-02,  1.804031522863229e-01, -7.466790103026484e-02,  2.661410389314990e-02,  8.197122363123874e-02
  3.022000000000000e+01, -1.301885101055792e-01,  2.675875667662009e-02,  1.803974904192565e-01, -7.469212160147772e-02,  2.659914465831218e-02,  8.188353519935772e-02
  3.023000000000000e+01, -1.303542234909408e-01,  2.661904827410888e-02,  1.803987260294926e-01, -7.471823354689067e-02,  2.658481695951901e-02,  8.179552295022015e-02
  3.024000000000000e+01, -1.305272624741508e-01,  2.647690784191736e-02,  1.804066967855527e-01, -7.474617732709292e-02,  2.657114384994242e-02,  8.170720764834082e-02
  3.025000000000000e+01, -1.307076889217617e-01,  2.633220065415243e-02,  1.804212378812156e-01, -7.477588477188737e-02,  2.655814716791706e-02,  8.161861849763644e-02
  3.026000000000000e+01, -1.308955510328710e-01,  2.618479222236236e-02,  1.804421831476736e-01, -7.480727917620497e-02,  2.654584743378773e-02,  8.152979263722988e-02
  3.027000000000000e+01, -1.310908818994040e-01,  2.603454860868881e-02,  1.804693660392912e-01, -7.484027535144587e-02,  2.653426367953446e-02,  8.144077411580436e-02
  3.028000000000000e+01, -1.312936983182441e-01,  2.588133695625072e-02,  1.805026204733163e-01, -7.487477973777248e-02,  2.652341325277966e-02,  8.135161347594304e-02
  3.029000000000000e+01, -1.315039997581461e-01,  2.572502617889394e-02,  1.805417827678835e-01, -7.491069056340738e-02,  2.651331181990814e-02,  8.126236652898315e-02
  3.030000000000000e+01, -1.317217669511359e-01,  2.556548765641353e-02,  1.805866943020238e-01, -7.494789806123560e-02,  2.650397367296631e-02,  8.117309168636237e-02
  3.031000000000000e+01, -1.319469597827251e-01,  2.540259549103396e-02,  1.806372025380496e-01, -7.498628468141512e-02,  2.649541202627756e-02,  8.108384839099404e-02
  3.032000000000000e+01, -1.321795150418765e-01,  2.523622643725520e-02,  1.806931600931241e-01, -7.502572526799146e-02,  2.648763908351167e-02,  8.099469805426578e-02
  3.033000000000000e+01, -1.324193444085207e-01,  2.506626012530089e-02,  1.807544245662305e-01, -7.506608716915715e-02,  2.648066601777206e-02,  8.090570525060446e-02
  3.034000000000000e+01, -1.326663321497790e-01,  2.489257950507895e-02,  1.808208606001789e-01, -7.510723024681974e-02,  2.647450305871787e-02,  8.081693725336379e-02
  3.035000000000000e+01, -1.329203320449546e-01,  2.471507093204983e-02,  1.808923426981373e-01, -7.514900680524920e-02,  2.646915970346958e-02,  8.072846292081891e-02
  3.036000000000000e+01, -1.331811635484987e-01,  2.453362364064882e-02,  1.809687565686585e-01, -7.519126153798766e-02,  2.646464490355795e-02,  8.064035319830745e-02
  3.037000000000000e+01, -1.334486076738552e-01,  2.434812889853410e-02,  1.810499986843905e-01, -7.523383167125333e-02,  2.646096710689746e-02,  8.055268358005956e-02
  3.038000000000000e+01, -1.337224034254214e-01,  2.415847966474538e-02,  1.811359755977719e-01, -7.527654738534964e-02,  2.645813413162847e-02,  8.046553689241166e-02
  3.039000000000000e+01, -1.340022452237421e-01,  2.396457126465368e-02,  1.812266038059020e-01, -7.531923245180375e-02,  2.645615293635068e-02,  8.037900539518654e-02
  3.040000000000000e+01, -1.342877809594922e-01,  2.376630249810674e-02,  1.813218096893351e-01, -7.536170495394559e-02,  2.645502941670963e-02,  8.029319190225714e-02
  3.041000000000000e+01, -1.345786094462162e-01,  2.356357645198592e-02,  1.814215290392769e-01, -7.540377777382005e-02,  2.645476815120642e-02,  8.020821024930677e-02
  3.042000000000000e+01, -1.348742763704169e-01,  2.335630140473222e-02,  1.815257058424989e-01, -7.544525859764575e-02,  2.645537175002578e-02,  8.012418633219275e-02
  3.043000000000000e+01, -1.351769112452251e-01,  2.314363982978507e-02,  1.816350788671621e-01, -7.548605460730537e-02,  2.645741015469817e-02,  8.004030756292622e-02
  3.044000000000000e+01, -1.354806354114539e-01,  2.292700527123204e-02,  1.817480752564591e-01, -7.552574797952855e-02,  2.645973534583982e-02,  7.995851000905541e-02
  3.045000000000000e+01, -1.357874807426923e-01,  2.270559775425829e-02,  1.818654004937819e-01, -7.556424084581061e-02,  2.646291103433708e-02,  7.987811268936106e-02
  3.046000000000000e+01, -1.360967626356959e-01,  2.247936933606254e-02,  1.819870219808134e-01, -7.560132757995129e-02,  2.646692545763933e-02,  7.979928894575081e-02
  3.047000000000000e+01, -1.364077347458595e-01,  2.224829049105859e-02,  1.821129121923812e-01, -7.563680214383083e-02,  2.647176073088921e-02,  7.972222048443590e-02
  3.048000000000000e+01, -1.367195940804849e-01,  2.201235059719830e-02,  1.822430471831154e-01, -7.567046131847388e-02,  2.647739372420373e-02,  7.964709930687131e-02
  3.049000000000000e+01, -1.370314827467329e-01,  2.177155969359368e-02,  1.823774056206768e-01, -7.570210631502608e-02,  2.648379502403000e-02,  7.957412617038281e-02
  3.050000000000000e+01, -1.373424911504871e-01,  2.152595056820927e-02,  1.825159686481558e-01, -7.573154439219358e-02,  2.649092770363057e-02,  7.950350769000826e-02
  3.051000000000000e+01, -1.376520484842603e-01,  2.127558451449896e-02,  1.826584678939558e-01, -7.575873047120225e-02,  2.649888050568363e-02,  7.943611321621394e-02
  3.052000000000000e+01, -1.379583619622957e-01,  2.102056201131774e-02,  1.828053700888106e-01, -7.578321594860200e-02,  2.650732518358081e-02,  7.937088723730922e-02
  3.053000000000000e+01, -1.382608171248977e-01,  2.076098119238234e-02,  1.829564202509157e-01, -7.580497735565296e-02,  2.651633588761210e-02,  7.930866291774660e-02
  3.054000000000000e+01, -1.385583731831491e-01,  2.049698787756449e-02,  1.831115875549875e-01, -7.582387254520599e-02,  2.652583928599389e-02,  7.924966222028010e-02
  3.055000000000000e+01, -1.388499842060815e-01,  2.022876120551231e-02,  1.832708285039121e-01, -7.583977963617722e-02,  2.653575242141662e-02,  7.919411112189141e-02
  3.056000000000000e+01, -1.391346106453886e-01,  1.995651476768390e-02,  1.834340861888225e-01, -7.585259876130063e-02,  2.654598204939406e-02,  7.914223926490935e-02
  3.057000000000000e+01, -1.394113486326151e-01,  1.968041821538025e-02,  1.836013514206354e-01, -7.586225075870216e-02,  2.655644415982263e-02,  7.909413835262942e-02
  3.058000000000000e+01, -1.396789811057648e-01,  1.940090370406278e-02,  1.837724288676940e-01, -7.586868028642965e-02,  2.656698403778751e-02,  7.905030174624979e-02
  3.059000000000000e+01, -1.399366837694011e-01,  1.911822013637576e-02,  1.839472789049378e-01, -7.587185919374610e-02,  2.657749500441187e-02,  7.901084440635618e-02
  3.060000000000000e+01, -1.401835856481540e-01,  1.883272090008581e-02,  1.841257968724663e-01, -7.587177981463782e-02,  2.658784071682593e-02,  7.897599895423354e-02
  3.061000000000000e+01, -1.404189000071146e-01,  1.854479234738049e-02,  1.843078660336574e-01, -7.586845715173313e-02,  2.659787582188667e-02,  7.894599360234883e-02
  3.062000000000000e+01, -1.406419411199290e-01,  1.825485095592438e-02,  1.844933564085200e-01, -7.586192791288059e-02,  2.660744714642681e-02,  7.892104981488886e-02
  3.063000000000000e+01, -1.408521395935746e-01,  1.796333902080582e-02,  1.846821247648744e-01, -7.585224926695683e-02,  2.661639546008236e-02,  7.890138001684201e-02
  3.064000000000000e+01, -1.410490565293600e-01,  1.767071909878948e-02,  1.848740162183353e-01, -7.583949760122256e-02,  2.662455822715634e-02,  7.888718510600283e-02
  3.065000000000000e+01, -1.412323959388800e-01,  1.737746761430992e-02,  1.850688665170783e-01, -7.582376721680566e-02,  2.663177300291966e-02,  7.887865175673064e-02
  3.066000000000000e+01, -1.414020135978776e-01,  1.708406823153652e-02,  1.852665041871959e-01, -7.580516864904023e-02,  2.663788089167903e-02,  7.887594949234150e-02
  3.067000000000000e+01, -1.415579214781684e-01,  1.679100528096700e-02,  1.854667522884953e-01, -7.578382650916163e-02,  2.664272978768404e-02,  7.887922730429305e-02
  3.068000000000000e+01, -1.417002880605975e-01,  1.649875703236936e-02,  1.856694296849647e-01, -7.575987694363388e-02,  2.664617729860097e-02,  7.888861031724913e-02
  3.069000000000000e+01, -1.418294347060356e-01,  1.620778886468210e-02,  1.858743520149051e-01, -7.573346492421335e-02,  2.664809343406915e-02,  7.890419731160890e-02
  3.070000000000000e+01, -1.419458281979332e-01,  1.591854691659211e-02,  1.860813331032614e-01, -7.570474153519506e-02,  2.664836307500909e-02,  7.892605835962668e-02
  3.071000000000000e+01, -1.420500699489754e-01,  1.563145249965059e-02,  1.862901866249108e-01, -7.567386127902639e-02,  2.664688790227466e-02,  7.895423155261033e-02
  3.072000000000000e+01, -1.421428825838087e-01,  1.534689709203874e-02,  1.865007268954843e-01, -7.564097962013490e-02,  2.664358780783590e-02,  7.898871992731624e-02
  3.073000000000000e+01, -1.422250942032207e-01,  1.506523807169757e-02,  1.867127691389377e-01, -7.560625100822450e-02,  2.663840225285637e-02,  7.902949044355241e-02
  3.074000000000000e+01, -1.422976198780151e-01,  1.478679582577302e-02,  1.869261300180917e-01, -7.556982717753530e-02,  2.663129139549734e-02,  7.907647513521998e-02
  3.075000000000000e+01, -1.423614402743489e-01,  1.451185270799304e-02,  1.871406275331656e-01, -7.553185531197829e-02,  2.662223612996275e-02,  7.912957276706323e-02
  3.076000000000000e+01, -1.424175791834928e-01,  1.424065351686066e-02,  1.873560799543410e-01, -7.549247595555078e-02,  2.661123669299034e-02,  7.918864918288389e-02
  3.077000000000000e+01, -1.424670823434944e-01,  1.397340680552839e-02,  1.875723053252258e-01, -7.545182110321813e-02,  2.659831052811491e-02,  7.925353619392346e-02
  3.078000000000000e+01, -1.425109982879113e-01,  1.371028684026410e-02,  1.877891217011666e-01, -7.541001322958792e-02,  2.658349050924759e-02,  7.932403106218727e-02
  3.079000000000000e+01, -1.425503387553385e-01,  1.345148462961276e-02,  1.880063357861663e-01, -7.536718927052884e-02,  2.656683673094069e-02,  7.939995400243675e-02
  3.080000000000000e+01, -1.425861661077189e-01,  1.319700794814715e-02,  1.882237918867055e-01, -7.532340302881363e-02,  2.654838619960227e-02,  7.948091382207394e-02
  3.081000000000000e+01, -1.426194070561448e-01,  1.294700490836243e-02,  1.884412906847115e-01, -7.527877905753289e-02,  2.652822262963025e-02,  7.956669554320230e-02
  3.082000000000000e+01, -1.426509724261579e-01,  1.270154373078047e-02,  1.886586520332718e-01, -7.523340752356793e-02,  2.650642949892467e-02,  7.965698956087464e-02
  3.083000000000000e+01, -1.426817122979459e-01,  1.246067579826526e-02,  1.888756990850242e-01, -7.518737271908009e-02,  2.648309884388450e-02,  7.975146801726012e-02
  3.084000000000000e+01, -1.427124103810369e-01,  1.222443928897965e-02,  1.890922595182128e-01, -7.514075391779067e-02,  2.645832937460262e-02,  7.984978623871578e-02
  3.085000000000000e+01, -1.427437809358999e-01,  1.199286256843934e-02,  1.893081658307237e-01, -7.509362587821931e-02,  2.643222459918248e-02,  7.995158543588746e-02
  3.086000000000000e+01, -1.427768216369139e-01,  1.176589744712664e-02,  1.895232699947683e-01, -7.504605819457220e-02,  2.640489777444052e-02,  8.005650693241964e-02
  3.087000000000000e+01, -1.428113844779342e-01,  1.154371263547427e-02,  1.897373801341123e-01, -7.499812345155739e-02,  2.637644490023865e-02,  8.016416911398434e-02
  3.088000000000000e+01, -1.428483369672071e-01,  1.132624240819058e-02,  1.899503656335381e-01, -7.494987792154924e-02,  2.634698024334146e-02,  8.027417553200912e-02
  3.089000000000000e+01, -1.428881119104022e-01,  1.111350557553892e-02,  1.901620777269107e-01, -7.490138171351053e-02,  2.631661150220909e-02,  8.038614141203930e-02
  3.090000000000000e+01, -1.429310756250276e-01,  1.090552453362337e-02,  1.903723693002920e-01, -7.485269197375582e-02,  2.628544458047681e-02,  8.049968372534419e-02
  3.091000000000000e+01, -1.429775307220096e-01,  1.070232636604396e-02,  1.905810937595941e-01, -7.480386271341515e-02,  2.625358260380893e-02,  8.061442400010900e-02
  3.092000000000000e+01, -1.430277190370650e-01,  1.050394366604612e-02,  1.907881044118416e-01, -7.475494437012163e-02,  2.622112481550719e-02,  8.072999015010644e-02
  3.093000000000000e+01, -1.430818251251654e-01,  1.031041500782881e-02,  1.909932535978239e-01, -7.470598369652934e-02,  2.618816544680890e-02,  8.084601868013187e-02
  3.094000000000000e+01, -1.431409553435673e-01,  1.012193176228782e-02,  1.911962987308505e-01, -7.465693097193951e-02,  2.615511649800998e-02,  8.096228365130577e-02
  3.095000000000000e+01, -1.432032617050222e-01,  9.938237371281300e-03,  1.913972689099320e-01, -7.460800349958367e-02,  2.612140202058871e-02,  8.107818978601505e-02
  3.096000000000000e+01, -1.432697158258258e-01,  9.759549339832807e-03,  1.915959261826925e-01, -7.455915285354392e-02,  2.608743174271640e-02,  8.119353889690417e-02
  3.097000000000000e+01, -1.433403211412431e-01,  9.585921973325195e-03,  1.917921179479784e-01, -7.451041437398487e-02,  2.605327968564545e-02,  8.130802246978827e-02
  3.098000000000000e+01, -1.434150297816870e-01,  9.417412091620392e-03,  1.919856944384649e-01, -7.446181707466730e-02,  2.601901248476826e-02,  8.142133657174222e-02
  3.099000000000000e+01, -1.434937577637443e-01,  9.254075473159595e-03,  1.921765066262660e-01, -7.441338588155662e-02,  2.598469147092156e-02,  8.153318860435357e-02
  3.100000000000000e+01, -1.435763886150531e-01,  9.095965132337680e-03,  1.923644053470658e-01, -7.436514164445017e-02,  2.595037330422024e-02,  8.164329893426432e-02
  3.101000000000000e+01, -1.436627772023147e-01,  8.943129820473628e-03,  1.925492401682088e-01, -7.431710133885064e-02,  2.591611083435898e-02,  8.175140255736395e-02
  3.102000000000000e+01, -1.437527539850430e-01,  8.795612820496235e-03,  1.927308589011563e-01, -7.426927818206903e-02,  2.588195357797692e-02,  8.185724922501800e-02
  3.103000000000000e+01, -1.438461289809125e-01,  8.653450906440874e-03,  1.929091085786884e-01, -7.422168129027115e-02,  2.584794752075331e-02,  8.196060103502198e-02
  3.104000000000000e+01, -1.439426952384130e-01,  8.516673249987505e-03,  1.930838369186089e-01, -7.417431511944293e-02,  2.581413463513898e-02,  8.206122941674500e-02
  3.105000000000000e+01, -1.440422322801416e-01,  8.385300198400447e-03,  1.932548931386339e-01, -7.412717919913166e-02,  2.578055270596404e-02,  8.215891365042424e-02
  3.106000000000000e+01, -1.441445095991146e-01,  8.259342287200599e-03,  1.934221288440391e-01, -7.408026842135139e-02,  2.574723570278204e-02,  8.225344028605970e-02
  3.107000000000000e+01, -1.442492898033723e-01,  8.138799991815437e-03,  1.935853992106299e-01, -7.403357392399736e-02,  2.571421455565979e-02,  8.234460276649649e-02
  3.108000000000000e+01, -1.443563310318909e-01,  8.023664020186727e-03,  1.937445635683336e-01, -7.398708420553955e-02,  2.568151802090255e-02,  8.243220134653810e-02
  3.109000000000000e+01, -1.444653886673800e-01,  7.913915572864916e-03,  1.938994855098175e-01, -7.394078599725448e-02,  2.564917337026048e-02,  8.251604285884238e-02
  3.110000000000000e+01, -1.445762164836589e-01,  7.809526497237318e-03,  1.940500335802595e-01, -7.389466482741350e-02,  2.561720686172762e-02,  8.259593964089962e-02
  3.111000000000000e+01, -1.446885672654450e-01,  7.710459567351835e-03,  1.941960829741166e-01, -7.384870545075584e-02,  2.558564403081497e-02,  8.267170760441407e-02
  3.112000000000000e+01, -1.448021932795022e-01,  7.616668873607235e-03,  1.943375169199010e-01, -7.380289242765992e-02,  2.555450990238800e-02,  8.274316557180855e-02
  3.113000000000000e+01, -1.449168470142096e-01,  7.528100210375088e-03,  1.944742264487771e-01, -7.375721100201844e-02,  2.552382934967825e-02,  8.281013738333939e-02
  3.114000000000000e+01, -1.450322819631219e-01,  7.444691481781618e-03,  1.946061094309995e-01, -7.371164796158711e-02,  2.549362759344283e-02,  8.287245451502742e-02
  3.115000000000000e+01, -1.451482531272289e-01,  7.366373088665501e-03,  1.947330700552560e-01, -7.366619231526758e-02,  2.546393061255777e-02,  8.292995765979551e-02
  3.116000000000000e+01, -1.452645174728346e-01,  7.293068225147081e-03,  1.948550183466056e-01, -7.362083607351390e-02,  2.543476549099991e-02,  8.298249879053046e-02
  3.117000000000000e+01, -1.453808343933686e-01,  7.224693218994771e-03,  1.949718693009979e-01, -7.357557496731801e-02,  2.540616078253722e-02,  8.302994388906841e-02
  3.118000000000000e+01, -1.454969657243641e-01,  7.161158208622176e-03,  1.950835429542763e-01, -7.353040841609160e-02,  2.537814657568250e-02,  8.307217375184364e-02
  3.119000000000000e+01, -1.456126756131077e-01,  7.102368219115585e-03,  1.951899663485294e-01, -7.348533870845592e-02,  2.535075399113892e-02,  8.310908211070085e-02
  3.120000000000000e+01, -1.457277310737448e-01,  7.048224226211097e-03,  1.952910750692169e-01, -7.344037029355197e-02,  2.532401452812689e-02,  8.314057488465158e-02
  3.121000000000000e+01, -1.458419031063943e-01,  6.998623892644495e-03,  1.953868121528620e-01, -7.339550980671140e-02,  2.529795983970179e-02,  8.316657300076775e-02
  3.122000000000000e+01, -1.459549677277235e-01,  6.953462221230389e-03,  1.954771262009491e-01, -7.335076627165940e-02,  2.527262163718929e-02,  8.318701544450315e-02
  3.123000000000000e+01, -1.460667067441770e-01,  6.912632378983208e-03,  1.955619712322538e-01, -7.330615068489388e-02,  2.524803106775527e-02,  8.320185941576508e-02
  3.124000000000000e+01, -1.461769084514405e-01,  6.876026502027344e-03,  1.956413082028472e-01, -7.326167521809522e-02,  2.522421789431770e-02,  8.321107849071219e-02
  3.125000000000000e+01, -1.462853682804268e-01,  6.843536082309143e-03,  1.957151068036111e-01, -7.321735257915556e-02,  2.520121011771335e-02,  8.321466012000002e-02
  3.126000000000000e+01, -1.463918891427940e-01,  6.815051880729728e-03,  1.957833467816289e-01, -7.317319535988447e-02,  2.517903378137860e-02,  8.321260255301886e-02
  3.127000000000000e+01, -1.464962815228762e-01,  6.790463836330529e-03,  1.958460188558345e-01, -7.312921512214998e-02,  2.515771249682332e-02,  8.320491180157252e-02
  3.128000000000000e+01, -1.465983637207784e-01,  6.769661357200363e-03,  1.959031248325619e-01, -7.308542142325941e-02,  2.513726672420646e-02,  8.319160026019522e-02
  3.129000000000000e+01, -1.466979623036426e-01,  6.752533823809470e-03,  1.959546765833869e-01, -7.304182096661489e-02,  2.511771293235170e-02,  8.317268747068597e-02
  3.130000000000000e+01, -1.467949124178336e-01,  6.738970887049112e-03,  1.960006951641668e-01, -7.299841690452670e-02,  2.509906284774216e-02,  8.314820162180728e-02
  3.131000000000000e+01, -1.468890578745109e-01,  6.728862487233700e-03,  1.960412114189421e-01, -7.295520836915839e-02,  2.508132311822007e-02,  8.311818021603937e-02
  3.132000000000000e+01, -1.469802513329914e-01,  6.722098842941948e-03,  1.960762671409125e-01, -7.291219040216471e-02,  2.506449544169481e-02,  8.308266956831883e-02
  3.133000000000000e+01, -1.470683548798994e-01,  6.718570517906919e-03,  1.961059149070881e-01, -7.286935444286764e-02,  2.504857699235839e-02,  8.304172418677577e-02
  3.134000000000000e+01, -1.471532410166881e-01,  6.718168519929568e-03,  1.961302167088620e-01, -7.282668927671189e-02,  2.503356097099401e-02,  8.299540694041115e-02
  3.135000000000000e+01, -1.472347934014028e-01,  6.720784329553808e-03,  1.961492431792485e-01, -7.278418199257364e-02,  2.501943719140814e-02,  8.294378980216341e-02
  3.136000000000000e+01, -1.473129066067905e-01,  6.726309815033860e-03,  1.961630739435030e-01, -7.274181851935423e-02,  2.500619273142380e-02,  8.288695460763351e-02
  3.137000000000000e+01, -1.473874855760764e-01,  6.734637283053457e-03,  1.961717976918005e-01, -7.269958384644408e-02,  2.499381258496734e-02,  8.282499352520234e-02
  3.138000000000000e+01, -1.474584460560402e-01,  6.745659918854674e-03,  1.961755110554109e-01, -7.265746242707431e-02,  2.498228019857322e-02,  8.275800900237669e-02
  3.139000000000000e+01, -1.475257158950833e-01,  6.759272449667675e-03,  1.961743170320726e-01, -7.261543892215895e-02,  2.497157789077055e-02,  8.268611277026798e-02
  3.140000000000000e+01, -1.475890173545567e-01,  6.776200183721492e-03,  1.961680727347458e-01, -7.257320987762310e-02,  2.496133079115326e-02,  8.260947185689649e-02
  3.141000000000000e+01, -1.476488118656180e-01,  6.794702877158221e-03,  1.961573324687249e-01, -7.253138517714366e-02,  2.495224845254239e-02,  8.252814647706612e-02
  3.142000000000000e+01, -1.477047058520900e-01,  6.815475047887043e-03,  1.961420196802105e-01, -7.248962872199706e-02,  2.494393946771081e-02,  8.244231579057038e-02
  3.143000000000000e+01, -1.477567412330554e-01,  6.838439175667288e-03,  1.961222687114533e-01, -7.244792092774098e-02,  2.493638068559543e-02,  8.235208796959574e-02
  3.144000000000000e+01, -1.478049131340542e-01,  6.863504351610761e-03,  1.960982098440532e-01, -7.240625397232779e-02,  2.492955181891478e-02,  8.225760397373599e-02
  3.145000000000000e+01, -1.478494136877354e-01,  6.889750169122300e-03,  1.960705621049050e-01, -7.236464521224002e-02,  2.492370127955723e-02,  8.215869703580907e-02
  3.146000000000000e+01, -1.478899035712101e-01,  6.918764051958792e-03,  1.960383396403606e-01, -7.232299158746634e-02,  2.491825642588948e-02,  8.205610099345899e-02
  3.147000000000000e+01, -1.479265750376431e-01,  6.949632470885536e-03,  1.960022039350394e-01, -7.228136446073666e-02,  2.491347853185024e-02,  8.194970312479981e-02
  3.148000000000000e+01, -1.479594686544009e-01,  6.982279004231318e-03,  1.959622795731991e-01, -7.223976540296610e-02,  2.490934928185795e-02,  8.183967214328337e-02
  3.149000000000000e+01, -1.479886321430565e-01,  7.016632716161819e-03,  1.959186947017595e-01, -7.219819512529960e-02,  2.490584799652467e-02,  8.172617463625186e-02
  3.150000000000000e+01, -1.480141224772362e-01,  7.052626440438692e-03,  1.958715762829144e-01, -7.215665579654278e-02,  2.490295376891962e-02,  8.160938198747947e-02
  3.151000000000000e+01, -1.480360050466771e-01,  7.090196690412442e-03,  1.958210500284160e-01, -7.211515136133793e-02,  2.490064596165054e-02,  8.148947039336407e-02
  3.152000000000000e+01, -1.480543534761982e-01,  7.129283644755846e-03,  1.957672406249784e-01, -7.207368792298532e-02,  2.489890466998084e-02,  8.136662002851711e-02
  3.153000000000000e+01, -1.480692498869762e-01,  7.169831156075501e-03,  1.957102723993634e-01, -7.203227415315221e-02,  2.489771107808003e-02,  8.124101363441337e-02
  3.154000000000000e+01, -1.480807848293408e-01,  7.211786793302144e-03,  1.956502703900684e-01, -7.199092154113539e-02,  2.489704772712478e-02,  8.111283495251739e-02
  3.155000000000000e+01, -1.480890566303771e-01,  7.255101914551920e-03,  1.955873612296631e-01, -7.194964438128526e-02,  2.489689868150145e-02,  8.098226760229804e-02
  3.156000000000000e+01, -1.480941705740561e-01,  7.299731768663165e-03,  1.955216732706808e-01, -7.190845973626105e-02,  2.489724970664025e-02,  8.084949470279490e-02
  3.157000000000000e+01, -1.480962382345945e-01,  7.345635549168339e-03,  1.954533358315929e-01, -7.186738757778345e-02,  2.489808841616459e-02,  8.071469918027076e-02
  3.158000000000000e+01, -1.480953771026029e-01,  7.392776276329505e-03,  1.953824779477095e-01, -7.182645103923010e-02,  2.489940429762403e-02,  8.057806412888711e-02
  3.159000000000000e+01, -1.480917104258263e-01,  7.441120566903159e-03,  1.953092271674089e-01, -7.178567655216155e-02,  2.490118877893659e-02,  8.043977269260702e-02
  3.160000000000000e+01, -1.480853666364952e-01,  7.490638392323890e-03,  1.952337083604861e-01, -7.174509349544408e-02,  2.490343539382314e-02,  8.030000819385985e-02
  3.161000000000000e+01, -1.480764780453007e-01,  7.541302791972848e-03,  1.951560424778448e-01, -7.170473331987247e-02,  2.490613996760449e-02,  8.015895500097030e-02
  3.162000000000000e+01, -1.480651796763126e-01,  7.593089598133318e-03,  1.950763459054115e-01, -7.166462880673506e-02,  2.490930086851467e-02,  8.001679891287816e-02
  3.163000000000000e+01, -1.480516090346078e-01,  7.645977277226601e-03,  1.949947304956721e-01, -7.162481389152413e-02,  2.491291925735597e-02,  7.987372616968136e-02
  3.164000000000000e+01, -1.480359062783260e-01,  7.699946885625808e-03,  1.949113037387212e-01, -7.158532365511404e-02,  2.491699915046743e-02,  7.972992160655855e-02
  3.165000000000000e+01, -1.480182141939644e-01,  7.754982183722614e-03,  1.948261693316750e-01, -7.154619417010087e-02,  2.492154723659331e-02,  7.958556673149447e-02
  3.166000000000000e+01, -1.479986781501114e-01,  7.811069819482430e-03,  1.947394278859634e-01, -7.150746237431842e-02,  2.492657254403148e-02,  7.944083872762231e-02
  3.167000000000000e+01, -1.479774460778731e-01,  7.868199326415803e-03,  1.946511766509471e-01, -7.146916588685065e-02,  2.493208606392366e-02,  7.929591060378109e-02
  3.168000000000000e+01, -1.479546683560300e-01,  7.926363110845047e-03,  1.945615087834163e-01, -7.143134250954283e-02,  2.493810030859396e-02,  7.915095086664645e-02
  3.169000000000000e+01, -1.479304976879871e-01,  7.985556837466490e-03,  1.944705132539243e-01, -7.139402971700466e-02,  2.494462888610405e-02,  7.900612214886553e-02
  3.170000000000000e+01, -1.479050889071279e-01,  8.045780062885699e-03,  1.943782745016250e-01, -7.135726466794169e-02,  2.495168637299680e-02,  7.886158073074657e-02
  3.171000000000000e+01, -1.478785986581234e-01,  8.107036607531093e-03,  1.942848707290547e-01, -7.132108475681351e-02,  2.495928854911133e-02,  7.871747780218620e-02
  3.172000000000000e+01, -1.478511850084379e-01,  8.169334565932163e-03,  1.941903716813354e-01, -7.128552814177060e-02,  2.496745246059941e-02,  7.857396075401130e-02
  3.173000000000000e+01, -1.478230066864327e-01,  8.232686309679993e-03,  1.940948374975058e-01, -7.125063365314303e-02,  2.497619571469755e-02,  7.843117300197029e-02
  3.174000000000000e+01, -1.477942218933871e-01,  8.297108723634317e-03,  1.939983189041238e-01, -7.121644032413359e-02,  2.498553548081618e-02,  7.828925277331306e-02
  3.175000000000000e+01, -1.477649871278957e-01,  8.362623583008988e-03,  1.939008575888480e-01, -7.118298728201246e-02,  2.499548817405262e-02,  7.814833205243503e-02
  3.176000000000000e+01, -1.477354560979520e-01,  8.429258018571417e-03,  1.938024858926099e-01, -7.115031398726915e-02,  2.500606975748494e-02,  7.800853581275306e-02
  3.177000000000000e+01, -1.477057787157774e-01,  8.497045191470098e-03,  1.937032264639173e-01, -7.111846037063216e-02,  2.501729607625225e-02,  7.786998063007856e-02
  3.178000000000000e+01, -1.476761001243538e-01,  8.566024893043478e-03,  1.936030927462414e-01, -7.108746676209295e-02,  2.502918307179424e-02,  7.773277284894881e-02
  3.179000000000000e+01, -1.476465592503500e-01,  8.636243607039074e-03,  1.935020897030742e-01, -7.105737373136858e-02,  2.504174690063832e-02,  7.759700783709955e-02
  3.180000000000000e+01, -1.476172866916937e-01,  8.707754371150678e-03,  1.934002136849506e-01, -7.102822210614050e-02,  2.505500402842002e-02,  7.746277080907588e-02
  3.181000000000000e+01, -1.475884021987193e-01,  8.780616948263820e-03,  1.932974515090606e-01, -7.100005322555433e-02,  2.506897127797115e-02,  7.733013820295587e-02
  3.182000000000000e+01, -1.475600122194383e-01,  8.854898105279174e-03,  1.931937795519861e-01, -7.097290926198239e-02,  2.508366582741483e-02,  7.719917837477655e-02
  3.183000000000000e+01, -1.475322081891600e-01,  8.930671728581752e-03,  1.930891633621134e-01, -7.094683373522442e-02,  2.509910550276864e-02,  7.706995094815661e-02
  3.184000000000000e+01, -1.475050652926307e-01,  9.008018745653379e-03,  1.929835576934543e-01, -7.092187218397004e-02,  2.511530944750548e-02,  7.694250581872394e-02
  3.185000000000000e+01, -1.474786404615465e-01,  9.087026766510409e-03,  1.928769064992201e-01, -7.089807252013336e-02,  2.513229865360445e-02,  7.681688339690391e-02
  3.186000000000000e+01, -1.474529692258479e-01,  9.167789567186890e-03,  1.927691427259757e-01, -7.087548498034274e-02,  2.515009610666406e-02,  7.669311596245608e-02
  3.187000000000000e+01, -1.474280619995160e-01,  9.250406803549494e-03,  1.926601883774567e-01, -7.085416210367598e-02,  2.516872696966267e-02,  7.657122886708088e-02
  3.188000000000000e+01, -1.474039002011676e-01,  9.334983930386676e-03,  1.925499554519470e-01, -7.083415875534550e-02,  2.518821902546473e-02,  7.645124055152047e-02
  3.189000000000000e+01, -1.473804325066202e-01,  9.421631774241934e-03,  1.924383473645163e-01, -7.081553178768160e-02,  2.520860307105792e-02,  7.633316133269916e-02
  3.190000000000000e+01, -1.473575717514458e-01,  9.510465590523820e-03,  1.923252597647039e-01, -7.079833946023775e-02,  2.522991324591222e-02,  7.621699210092873e-02
  3.191000000000000e+01, -1.473351924825343e-01,  9.601604075634151e-03,  1.922105808475376e-01, -7.078264107094365e-02,  2.525218739281170e-02,  7.610272356497051e-02
  3.192000000000000e+01, -1.473131283883196e-01,  9.695168596270953e-03,  1.920941919213700e-01, -7.076849666057344e-02,  2.527546703722736e-02,  7.599033565144782e-02
  3.193000000000000e+01, -1.472937129776944e-01,  9.791368250802845e-03,  1.919755731482681e-01, -7.075616030182885e-02,  2.530026818103394e-02,  7.588067174357234e-02
  3.194000000000000e+01, -1.472716283546116e-01,  9.890171983846452e-03,  1.918553603407044e-01, -7.074532512100809e-02,  2.532571332225544e-02,  7.577200927224947e-02
  3.195000000000000e+01, -1.472490713692181e-01,  9.991774878080451e-03,  1.917330412655284e-01, -7.073622338271889e-02,  2.535230634879197e-02,  7.566511271087685e-02
  3.196000000000000e+01, -1.472256861159227e-01,  1.009629631830067e-02,  1.916084741797855e-01, -7.072891470560226e-02,  2.538010369100184e-02,  7.555992266855019e-02
  3.197000000000000e+01, -1.472010569327078e-01,  1.020385129412182e-02,  1.914815156479502e-01, -7.072345598829799e-02,  2.540916428190236e-02,  7.545636666760293e-02
  3.198000000000000e+01, -1.471747119154262e-01,  1.031454718830216e-02,  1.913520226634067e-01, -7.071990134679121e-02,  2.543955064973564e-02,  7.535435927621739e-02
  3.199000000000000e+01, -1.471461218579755e-01,  1.042848116752482e-02,  1.912198552782323e-01, -7.071830068587286e-02,  2.547132869342652e-02,  7.525380234950892e-02
  3.200000000000000e+01, -1.471147007431086e-01,  1.054573775522694e-02,  1.910848784405161e-01, -7.071869880144839e-02,  2.550456772603414e-02,  7.515458609533117e-02
  3.201000000000000e+01, -1.470798083639442e-01,  1.066638635530492e-02,  1.909469621206603e-01, -7.072113503498485e-02,  2.553934068566708e-02,  7.505659166837508e-02
  3.202000000000000e+01, -1.470407549758848e-01,  1.079047849953274e-02,  1.908059800366649e-01, -7.072564290875964e-02,  2.557572421802704e-02,  7.495969518095766e-02
  3.203000000000000e+01, -1.469975866258595e-01,  1.091790929569636e-02,  1.906619156863796e-01, -7.073227588702728e-02,  2.561388789210536e-02,  7.486361732965210e-02
  3.204000000000000e+01, -1.469479984046214e-01,  1.104894465456963e-02,  1.905144442400268e-01, -7.074099720745727e-02,  2.565373415143293e-02,  7.476851621247914e-02
  3.205000000000000e+01, -1.468919504141231e-01,  1.118344248007341e-02,  1.903635486794382e-01, -7.075184738320679e-02,  2.569544001730542e-02,  7.467413550737963e-02
  3.206000000000000e+01, -1.468286279002593e-01,  1.132135558902259e-02,  1.902091181742275e-01, -7.076482840614680e-02,  2.573909383188772e-02,  7.458035530156321e-02
  3.207000000000000e+01, -1.467572079632579e-01,  1.146260642102548e-02,  1.900510472464904e-01, -7.077993250888952e-02,  2.578478573347969e-02,  7.448706261002561e-02
  3.208000000000000e+01, -1.466768715505393e-01,  1.160708607449479e-02,  1.898892377679767e-01, -7.079714217127152e-02,  2.583260797729307e-02,  7.439415201332196e-02
  3.209000000000000e+01, -1.465868168487633e-01,  1.175465391351471e-02,  1.897236015603850e-01, -7.081643053630270e-02,  2.588265538796326e-02,  7.430152445122991e-02
  3.210000000000000e+01, -1.464862731105572e-01,  1.190513725764597e-02,  1.895540627829080e-01, -7.083776181954278e-02,  2.593502535449855e-02,  7.420908527101268e-02
  3.211000000000000e+01, -1.463745131859593e-01,  1.205833113039723e-02,  1.893805601585176e-01, -7.086109133992897e-02,  2.598981743394665e-02,  7.411674203206056e-02
  3.212000000000000e+01, -1.462508645656083e-01,  1.221399854386740e-02,  1.892030476630300e-01, -7.088636548160024e-02,  2.604713289794754e-02,  7.402440423005285e-02
  3.213000000000000e+01, -1.461147197370345e-01,  1.237187184480293e-02,  1.890214927067198e-01, -7.091352182991133e-02,  2.610707414987902e-02,  7.393198605201819e-02
  3.214000000000000e+01, -1.459655461080962e-01,  1.253165526144451e-02,  1.888358744285364e-01, -7.094248926634272e-02,  2.616974400474539e-02,  7.383940848073754e-02
  3.215000000000000e+01, -1.458028948530642e-01,  1.269302840501729e-02,  1.886461845839895e-01, -7.097318812697119e-02,  2.623524490394167e-02,  7.374659804047790e-02
  3.216000000000000e+01, -1.456264074744991e-01,  1.285565032247327e-02,  1.884524295810359e-01, -7.100553076795377e-02,  2.630367797277598e-02,  7.365348468204382e-02
  3.217000000000000e+01, -1.454358194350898e-01,  1.301916379898915e-02,  1.882546312130478e-01, -7.103942260644959e-02,  2.637514210898715e-02,  7.356000132977702e-02
  3.218000000000000e+01, -1.452309617650211e-01,  1.318319973448379e-02,  1.880528256386266e-01, -7.107476367316236e-02,  2.644973335126605e-02,  7.346608491019954e-02
  3.219000000000000e+01, -1.450117616927832e-01,  1.334738156715432e-02,  1.878470617965096e-01, -7.111145034552944e-02,  2.652754410891179e-02,  7.337167756898218e-02
  3.220000000000000e+01, -1.447782420214985e-01,  1.351132993041682e-02,  1.876374004998778e-01, -7.114937651803563e-02,  2.660866178583836e-02,  7.327672689284974e-02
  3.221000000000000e+01, -1.445305186714868e-01,  1.367466756205848e-02,  1.874239139888400e-01, -7.118843415725927e-02,  2.669316707370572e-02,  7.318118584331672e-02
  3.222000000000000e+01, -1.442687963620211e-01,  1.383702415368093e-02,  1.872066851784719e-01, -7.122851386179455e-02,  2.678113235628502e-02,  7.308501352150230e-02
  3.223000000000000e+01, -1.439933628984562e-01,  1.399804082748357e-02,  1.869858067769732e-01, -7.126950582499382e-02,  2.687262036553506e-02,  7.298817618652685e-02
  3.224000000000000e+01, -1.437045827030762e-01,  1.415737400148753e-02,  1.867613804193516e-01, -7.131130114611214e-02,  2.696768307571547e-02,  7.289064830572324e-02
  3.225000000000000e+01, -1.434028891440012e-01,  1.431469842123811e-02,  1.865335152113356e-01, -7.135379284476120e-02,  2.706636080972147e-02,  7.279241428120481e-02
  3.226000000000000e+01, -1.430887747795555e-01,  1.446970929863234e-02,  1.863023253840200e-01, -7.139687589829237e-02,  2.716868157395297e-02,  7.269347041184136e-02
  3.227000000000000e+01, -1.427627806831962e-01,  1.462212381936845e-02,  1.860679280756411e-01, -7.144044676496257e-02,  2.727466052436249e-02,  7.259382571618618e-02
  3.228000000000000e+01, -1.424254866529727e-01,  1.477168240577420e-02,  1.858304424080980e-01, -7.148440323432927e-02,  2.738429934069294e-02,  7.249350126536748e-02
  3.229000000000000e+01, -1.420775019904735e-01,  1.491814986647055e-02,  1.855899892458874e-01, -7.152864445046143e-02,  2.749758539605348e-02,  7.239252913934405e-02
  3.230000000000000e+01, -1.417190591960457e-01,  1.506144745416393e-02,  1.853462414619797e-01, -7.157312910201996e-02,  2.761443509017665e-02,  7.229176322457284e-02
  3.231000000000000e+01, -1.413516184614146e-01,  1.520111998630225e-02,  1.851002141936456e-01, -7.161764348768193e-02,  2.773491399408016e-02,  7.218963563439541e-02
  3.232000000000000e+01, -1.409754033584376e-01,  1.533714906583561e-02,  1.848515883277229e-01, -7.166214772378156e-02,  2.785891050235469e-02,  7.208701586255359e-02
  3.233000000000000e+01, -1.405910604756241e-01,  1.546940084544346e-02,  1.846004881552494e-01, -7.170654635258869e-02,  2.798635146033739e-02,  7.198397449511526e-02
  3.234000000000000e+01, -1.401992337055833e-01,  1.559776516385170e-02,  1.843470387884344e-01, -7.175074551640530e-02,  2.811714970602575e-02,  7.188058970232195e-02
  3.235000000000000e+01, -1.398005591927612e-01,  1.572215446059699e-02,  1.840913659830227e-01, -7.179465229302612e-02,  2.825120393493564e-02,  7.177694557328587e-02
  3.236000000000000e+01, -1.393956618590665e-01,  1.584250233294071e-02,  1.838335961929471e-01, -7.183817462223316e-02,  2.838839889977886e-02,  7.167313156087279e-02
  3.237000000000000e+01, -1.389851526719672e-01,  1.595876226051551e-02,  1.835738563717966e-01, -7.188122168843727e-02,  2.852860621803125e-02,  7.156924276612764e-02
  3.238000000000000e+01, -1.385696263243907e-01,  1.607090640891395e-02,  1.833122739913892e-01, -7.192370421646944e-02,  2.867168553590210e-02,  7.146537949623667e-02
  3.239000000000000e+01, -1.381496594535694e-01,  1.617892446053415e-02,  1.830489777967564e-01, -7.196553446966422e-02,  2.881748561690235e-02,  7.136164564622896e-02
  3.240000000000000e+01, -1.377242781555795e-01,  1.628249500906431e-02,  1.827870657223211e-01, -7.200558413774846e-02,  2.896552800767646e-02,  7.125220282965580e-02
  3.241000000000000e+01, -1.372970641997818e-01,  1.638231933599976e-02,  1.825207247661303e-01, -7.204584514417833e-02,  2.911627439449872e-02,  7.114907919858530e-02
  3.242000000000000e+01, -1.368670398448691e-01,  1.647807527156009e-02,  1.822530773240932e-01, -7.208520524049397e-02,  2.926923740419247e-02,  7.104639028516092e-02
  3.243000000000000e+01, -1.364346968506043e-01,  1.656981483050668e-02,  1.819842487169686e-01, -7.212358810239590e-02,  2.942423073755297e-02,  7.094426468695336e-02
  3.244000000000000e+01, -1.360005193510348e-01,  1.665759819123824e-02,  1.817143833317722e-01, -7.216092059359124e-02,  2.958106482906683e-02,  7.084280663939867e-02
  3.245000000000000e+01, -1.355649724079246e-01,  1.674149621998167e-02,  1.814436326362414e-01, -7.219713278127175e-02,  2.973954408320621e-02,  7.074211560636204e-02
  3.246000000000000e+01, -1.351285008325031e-01,  1.682158927945143e-02,  1.811721536788810e-01, -7.223215705545492e-02,  2.989946766587409e-02,  7.064228818977263e-02
  3.247000000000000e+01, -1.346915284067630e-01,  1.689796587046621e-02,  1.809001060894444e-01, -7.226592704970296e-02,  3.006063050654674e-02,  7.054342188813985e-02
  3.248000000000000e+01, -1.342544588776253e-01,  1.697072124529853e-02,  1.806276494904177e-01, -7.229837716984888e-02,  3.022282414783308e-02,  7.044561798270178e-02
  3.249000000000000e+01, -1.338176784221602e-01,  1.703995614030318e-02,  1.803549422330760e-01, -7.232944301571857e-02,  3.038583738275818e-02,  7.034898288047153e-02
  3.250000000000000e+01, -1.333815580877844e-01,  1.710577557160531e-02,  1.800821414653301e-01, -7.235906203822434e-02,  3.054945674125924e-02,  7.025362829126408e-02
  3.251000000000000e+01, -1.329464556955119e-01,  1.716828770412371e-02,  1.798094039529244e-01, -7.238717390545157e-02,  3.071346667668851e-02,  7.015967039843958e-02
  3.252000000000000e+01, -1.325127169877839e-01,  1.722760288542236e-02,  1.795368872991407e-01, -7.241372059151767e-02,  3.087764950869238e-02,  7.006722779120521e-02
  3.253000000000000e+01, -1.320806757720782e-01,  1.728383264469757e-02,  1.792647519190790e-01, -7.243864635010278e-02,  3.104178584219725e-02,  6.997641760991768e-02
  3.254000000000000e+01, -1.316506538636785e-01,  1.733708856538985e-02,  1.789931626858078e-01, -7.246189788280510e-02,  3.120565582810754e-02,  6.988735176348955e-02
  3.255000000000000e+01, -1.312229615724280e-01,  1.738748137527524e-02,  1.787222882993393e-01, -7.248342499815999e-02,  3.136904054957219e-02,  6.980013626054075e-02
  3.256000000000000e+01, -1.307978983735643e-01,  1.743512045306117e-02,  1.784522996186165e-01, -7.250318159068853e-02,  3.153172296509717e-02,  6.971487241837648e-02
  3.257000000000000e+01, -1.303757535894042e-01,  1.748011348259104e-02,  1.781833693700609e-01, -7.252112653295804e-02,  3.169348880899917e-02,  6.963165695944686e-02
  3.258000000000000e+01, -1.299568075624539e-01,  1.752256605734615e-02,  1.779156728881136e-01, -7.253722427949752e-02,  3.185412779497641e-02,  6.955058089091777e-02
  3.259000000000000e+01, -1.295413332457822e-01,  1.756258139482703e-02,  1.776493885048679e-01, -7.255144518053395e-02,  3.201343476800222e-02,  6.947172835317250e-02
  3.260000000000000e+01, -1.291295973277886e-01,  1.760026020851946e-02,  1.773846970360500e-01, -7.256376569345155e-02,  3.217121044234240e-02,  6.939517657044983e-02
  3.261000000000000e+01, -1.287218606283858e-01,  1.763570073024678e-02,  1.771217806061725e-01, -7.257416870868395e-02,  3.232726182091723e-02,  6.932099717239024e-02
  3.262000000000000e+01, -1.283183784854872e-01,  1.766899911711217e-02,  1.768608215141338e-01, -7.258264384834465e-02,  3.248140251916169e-02,  6.924925730274946e-02
  3.263000000000000e+01, -1.279194014628029e-01,  1.770025018276922e-02,  1.766020014038173e-01, -7.258918743917375e-02,  3.263345302668540e-02,  6.918001916981201e-02
  3.264000000000000e+01, -1.275251761009625e-01,  1.772954793937465e-02,  1.763455007146150e-01, -7.259380219098890e-02,  3.278324078639250e-02,  6.911333863951147e-02
  3.265000000000000e+01, -1.271359455224483e-01,  1.775698549937732e-02,  1.760914978947516e-01, -7.259649681935719e-02,  3.293060020525065e-02,  6.904926482477768e-02
  3.266000000000000e+01, -1.267519495867137e-01,  1.778265424120762e-02,  1.758401671912499e-01, -7.259728569811630e-02,  3.307537299015373e-02,  6.898784216107090e-02
  3.267000000000000e+01, -1.263734243089491e-01,  1.780664270971566e-02,  1.755916752934366e-01, -7.259618841758048e-02,  3.321740879121652e-02,  6.892911412945414e-02
  3.268000000000000e+01, -1.260006009830627e-01,  1.782903593629070e-02,  1.753461788447462e-01, -7.259322915027970e-02,  3.335656577440133e-02,  6.887312659424596e-02
  3.269000000000000e+01, -1.256337056048211e-01,  1.784991533082292e-02,  1.751038244592153e-01, -7.258843593191555e-02,  3.349271089364429e-02,  6.881992873863260e-02
  3.270000000000000e+01, -1.252729585019406e-01,  1.786935893473518e-02,  1.748647513614352e-01, -7.258184004128729e-02,  3.362571973417515e-02,  6.876956997610432e-02
  3.271000000000000e+01, -1.249185739496276e-01,  1.788744181536295e-02,  1.746290943716949e-01, -7.257347561642513e-02,  3.375547614372942e-02,  6.872209462617908e-02
  3.272000000000000e+01, -1.245707599174516e-01,  1.790423631080551e-02,  1.743969843004678e-01, -7.256337952252477e-02,  3.388187209700812e-02,  6.867753879865028e-02
  3.273000000000000e+01, -1.242297182429123e-01,  1.791981209226523e-02,  1.741685463030097e-01, -7.255159131753505e-02,  3.400480791127298e-02,  6.863593032596146e-02
  3.274000000000000e+01, -1.238956453061402e-01,  1.793423617744927e-02,  1.739438988158838e-01, -7.253815329570883e-02,  3.412419276895183e-02,  6.859728897346781e-02
  3.275000000000000e+01, -1.235687327968759e-01,  1.794757276450309e-02,  1.737231530372741e-01, -7.252311079473515e-02,  3.423994532444788e-02,  6.856162668913851e-02
  3.276000000000000e+01, -1.232491682045512e-01,  1.795988298178108e-02,  1.735064119498307e-01, -7.250651257087584e-02,  3.435199395332813e-02,  6.852894902265566e-02
  3.277000000000000e+01, -1.229371351370513e-01,  1.797122484926184e-02,  1.732937700575361e-01, -7.248841076774724e-02,  3.446027673706035e-02,  6.849925558667583e-02
  3.278000000000000e+01, -1.226328138717168e-01,  1.798165329455537e-02,  1.730853146825453e-01, -7.246886063900716e-02,  3.456474164225445e-02,  6.847253784322389e-02
  3.279000000000000e+01, -1.223363822221233e-01,  1.799122010125820e-02,  1.728811279940598e-01, -7.244792045523725e-02,  3.466534663314894e-02,  6.844877574466722e-02
  3.280000000000000e+01, -1.220480155685555e-01,  1.799997409314069e-02,  1.726812886973486e-01, -7.242565122627406e-02,  3.476205914913219e-02,  6.842793481760921e-02
  3.281000000000000e+01, -1.217678847570776e-01,  1.800796163550689e-02,  1.724858719808229e-01, -7.240211579286897e-02,  3.485485529069374e-02,  6.840996503041667e-02
  3.282000000000000e+01, -1.214961528053121e-01,  1.801522714443826e-02,  1.722949475315286e-01, -7.237737788334621e-02,  3.494371955258334e-02,  6.839480219395713e-02
  3.283000000000000e+01, -1.212329727783692e-01,  1.802181351068244e-02,  1.721085778657538e-01, -7.235150183170899e-02,  3.502864507212332e-02,  6.838237006501775e-02
  3.284000000000000e+01, -1.209784875372016e-01,  1.802776256411542e-02,  1.719268181898871e-01, -7.232455261667775e-02,  3.510963353297177e-02,  6.837258130263012e-02
  3.285000000000000e+01, -1.207328300392408e-01,  1.803311539676478e-02,  1.717497166690867e-01, -7.229659556520134e-02,  3.518669445761372e-02,  6.836533759041351e-02
  3.286000000000000e+01, -1.204961229924114e-01,  1.803791227595131e-02,  1.715773146642858e-01, -7.226769577817320e-02,  3.525984459867382e-02,  6.836052947466088e-02
  3.287000000000000e+01, -1.202684779136946e-01,  1.804219227223935e-02,  1.714096474142093e-01, -7.223791782272694e-02,  3.532910789536334e-02,  6.835803637756621e-02
  3.288000000000000e+01, -1.200499944289088e-01,  1.804599294326614e-02,  1.712467447133319e-01, -7.220732582851194e-02,  3.539451563380173e-02,  6.835772788234164e-02
  3.289000000000000e+01, -1.198407603389702e-01,  1.804935026896004e-02,  1.710886307500867e-01, -7.217598358714977e-02,  3.545610643961890e-02,  6.835946649450228e-02
  3.290000000000000e+01, -1.196408520419214e-01,  1.805229871175396e-02,  1.709353230809136e-01, -7.214395437231162e-02,  3.551392620470652e-02,  6.836311099487694e-02
  3.291000000000000e+01, -1.194503344122797e-01,  1.805487108128245e-02,  1.707868314195378e-01, -7.211130051768079e-02,  3.556802792816773e-02,  6.836851982381509e-02
  3.292000000000000e+01, -1.192692598641278e-01,  1.805709821631507e-02,  1.706431568686813e-01, -7.207808299302160e-02,  3.561847127417971e-02,  6.837555393036665e-02
  3.293000000000000e+01, -1.190976677470669e-01,  1.805900889470680e-02,  1.705042914213167e-01, -7.204436139472453e-02,  3.566532213953680e-02,  6.838407848442200e-02
  3.294000000000000e+01, -1.189355848762681e-01,  1.806063013601444e-02,  1.703702173208811e-01, -7.201019448770477e-02,  3.570865262032007e-02,  6.839396337792704e-02
  3.295000000000000e+01, -1.187830259874607e-01,  1.806198747593091e-02,  1.702409068053349e-01, -7.197564086019195e-02,  3.574854129881886e-02,  6.840508307880583e-02
  3.296000000000000e+01, -1.186399934250458e-01,  1.806310479520845e-02,  1.701163229482591e-01, -7.194075934566166e-02,  3.578507366567674e-02,  6.841731688750992e-02
  3.297000000000000e+01, -1.185064769157080e-01,  1.806400393132268e-02,  1.699964215164175e-01, -7.190560930893965e-02,  3.581834249995418e-02,  6.843054941701628e-02
  3.298000000000000e+01, -1.183824534520502e-01,  1.806470432435781e-02,  1.698811532827062e-01, -7.187025085285229e-02,  3.584844802513501e-02,  6.844466998468988e-02
  3.299000000000000e+01, -1.182678866883025e-01,  1.806522263357024e-02,  1.697704658523762e-01, -7.183474501236502e-02,  3.587549776903123e-02,  6.845957095021962e-02
  3.300000000000000e+01, -1.181627262273716e-01,  1.806557255725005e-02,  1.696643045358580e-01, -7.179915404550058e-02,  3.589960605823798e-02,  6.847514604914183e-02
  3.301000000000000e+01, -1.180669077077618e-01,  1.806576501781465e-02,  1.695626131746192e-01, -7.176354159664729e-02,  3.592089316047221e-02,  6.849128908632912e-02
  3.302000000000000e+01, -1.179770405875756e-01,  1.806658540216977e-02,  1.694640131180981e-01, -7.172829251025016e-02,  3.593884239912602e-02,  6.850983648819409e-02
  3.303000000000000e+01, -1.178994977080750e-01,  1.806649544255157e-02,  1.693711754759398e-01, -7.169276511528609e-02,  3.595484865566721e-02,  6.852662771219832e-02
  3.304000000000000e+01, -1.178312331727361e-01,  1.806622791211709e-02,  1.692826860160436e-01, -7.165743843451161e-02,  3.596846984047426e-02,  6.854362243856578e-02
  3.305000000000000e+01, -1.177719468964155e-01,  1.806582490889364e-02,  1.691984341463430e-01, -7.162236256469452e-02,  3.597979795366061e-02,  6.856077716327824e-02
  3.306000000000000e+01, -1.177215122642255e-01,  1.806528931359197e-02,  1.691183577650116e-01, -7.158760891789419e-02,  3.598897279008310e-02,  6.857799964311775e-02
  3.307000000000000e+01, -1.176798045815908e-01,  1.806461914846014e-02,  1.690423922427879e-01, -7.155325321333700e-02,  3.599614121634887e-02,  6.859520849326763e-02
  3.308000000000000e+01, -1.176466933394116e-01,  1.806380952197784e-02,  1.689704695538400e-01, -7.151937390620093e-02,  3.600145449679593e-02,  6.861233497988409e-02
  3.309000000000000e+01, -1.176220423562790e-01,  1.806285320987433e-02,  1.689025208719624e-01, -7.148605221103674e-02,  3.600506714761529e-02,  6.862932060950107e-02
  3.310000000000000e+01, -1.176057100294746e-01,  1.806174093865187e-02,  1.688384796833637e-01, -7.145337198814269e-02,  3.600713583901114e-02,  6.864611329740056e-02
  3.311000000000000e+01, -1.175975500288645e-01,  1.806046111543003e-02,  1.687782829802948e-01, -7.142141933719179e-02,  3.600781884787679e-02,  6.866266608137225e-02
  3.312000000000000e+01, -1.175974128472835e-01,  1.805899929586263e-02,  1.687218703248575e-01, -7.139028205110803e-02,  3.600727591864605e-02,  6.867893904124218e-02
  3.313000000000000e+01, -1.176051474852770e-01,  1.805733793802489e-02,  1.686691828262059e-01, -7.136004925937738e-02,  3.600566792479349e-02,  6.869490136943314e-02
  3.314000000000000e+01, -1.176206019875216e-01,  1.805545667061570e-02,  1.686201634787414e-01, -7.133081130763962e-02,  3.600315591235082e-02,  6.871053123095346e-02
  3.315000000000000e+01, -1.176436227527117e-01,  1.805333280934107e-02,  1.685747583777697e-01, -7.130265952953987e-02,  3.599989974770316e-02,  6.872581399800227e-02
  3.316000000000000e+01, -1.176740537647172e-01,  1.805094169535115e-02,  1.685329176888191e-01, -7.127568569897616e-02,  3.599605703472553e-02,  6.874074055247290e-02
  3.317000000000000e+01, -1.177117362735983e-01,  1.804825670130050e-02,  1.684945960483261e-01, -7.124998109049811e-02,  3.599178240891481e-02,  6.875530624385207e-02
  3.318000000000000e+01, -1.177565087236431e-01,  1.804524911774119e-02,  1.684597527911255e-01, -7.122563519450924e-02,  3.598722670605359e-02,  6.876951020825872e-02
  3.319000000000000e+01, -1.178082071510537e-01,  1.804188814436714e-02,  1.684283520924631e-01, -7.120273459719434e-02,  3.598253599099421e-02,  6.878335490936838e-02
  3.320000000000000e+01, -1.178666662000649e-01,  1.803814101471679e-02,  1.684003629421978e-01, -7.118136232383923e-02,  3.597785068829331e-02,  6.879684560732517e-02
  3.321000000000000e+01, -1.179317201219260e-01,  1.803397330382972e-02,  1.683757592146424e-01, -7.116159745128446e-02,  3.597330491245790e-02,  6.880998967569305e-02
  3.322000000000000e+01, -1.180032031267561e-01,  1.802934937449652e-02,  1.683545198138392e-01, -7.114351498698743e-02,  3.596902638893162e-02,  6.882279645383890e-02
  3.323000000000000e+01, -1.180809495621358e-01,  1.802423261356623e-02,  1.683366283855740e-01, -7.112718584047029e-02,  3.596513689784949e-02,  6.883527801507661e-02
  3.324000000000000e+01, -1.181647948429772e-01,  1.801858529660838e-02,  1.683220724263250e-01, -7.111267659415843e-02,  3.596175245972771e-02,  6.884745042917696e-02
  3.325000000000000e+01, -1.182568180251648e-01,  1.801197861311610e-02,  1.683101931745567e-01, -7.110104202382750e-02,  3.595944950318959e-02,  6.886097975569011e-02
  3.326000000000000e+01, -1.183523045542252e-01,  1.800515092450738e-02,  1.683022292653936e-01, -7.109042754511491e-02,  3.595741129380147e-02,  6.887272179324688e-02
  3.327000000000000e+01, -1.184533957017551e-01,  1.799767725420010e-02,  1.682975839991046e-01, -7.108180147026036e-02,  3.595618244483806e-02,  6.888422093016022e-02
  3.328000000000000e+01, -1.185599520373589e-01,  1.798951615764843e-02,  1.682962603146184e-01, -7.107521904075530e-02,  3.595585730591086e-02,  6.889550624931080e-02
  3.329000000000000e+01, -1.186718246622671e-01,  1.798063144452455e-02,  1.682982687538452e-01, -7.107072702415018e-02,  3.595651848063224e-02,  6.890660079755007e-02
  3.330000000000000e+01, -1.187888683790531e-01,  1.797098943366660e-02,  1.683036284640896e-01, -7.106836964959615e-02,  3.595824215180597e-02,  6.891752466121662e-02
  3.331000000000000e+01, -1.189109424305206e-01,  1.796055928395357e-02,  1.683123665123978e-01, -7.106818934899875e-02,  3.596109845832510e-02,  6.892829576161795e-02
  3.332000000000000e+01, -1.190379110506429e-01,  1.794931319026127e-02,  1.683245171298298e-01, -7.107022714809717e-02,  3.596515178994121e-02,  6.893893045230320e-02
  3.333000000000000e+01, -1.191696439728033e-01,  1.793722632991068e-02,  1.683401216737049e-01, -7.107452248202566e-02,  3.597046091012201e-02,  6.894944410548916e-02
  3.334000000000000e+01, -1.193060167364278e-01,  1.792427651940010e-02,  1.683592280602405e-01, -7.108111292357774e-02,  3.597707906112543e-02,  6.895985273322970e-02
  3.335000000000000e+01, -1.194469108105976e-01,  1.791044409644127e-02,  1.683818896698044e-01, -7.109003430583291e-02,  3.598505411721630e-02,  6.897017435429699e-02
  3.336000000000000e+01, -1.195922140058714e-01,  1.789571243313537e-02,  1.684081651709610e-01, -7.110132101783150e-02,  3.599442869549636e-02,  6.898042846137903e-02
  3.337000000000000e+01, -1.197418211642438e-01,  1.788006892482263e-02,  1.684381198676442e-01, -7.111500626746296e-02,  3.600524013028142e-02,  6.899063394550732e-02
  3.338000000000000e+01, -1.198956345459346e-01,  1.786350601629705e-02,  1.684718275039531e-01, -7.113112248806736e-02,  3.601752039266251e-02,  6.900080695986317e-02
  3.339000000000000e+01, -1.200535636302884e-01,  1.784602172278871e-02,  1.685093708685373e-01, -7.114970186044321e-02,  3.603129618290404e-02,  6.901096035371335e-02
  3.340000000000000e+01, -1.202155243741178e-01,  1.782761955631540e-02,  1.685508412681524e-01, -7.117077653287140e-02,  3.604658906815851e-02,  6.902110443506172e-02
  3.341000000000000e+01, -1.203814380827630e-01,  1.780830822418400e-02,  1.685963380908717e-01, -7.119437824775031e-02,  3.606341540081686e-02,  6.903124753561074e-02
  3.342000000000000e+01, -1.205512304025546e-01,  1.778810106419382e-02,  1.686459685852682e-01, -7.122053757410195e-02,  3.608178631743788e-02,  6.904139654221023e-02
  3.343000000000000e+01, -1.207248310235960e-01,  1.776701509935696e-02,  1.686998475924337e-01, -7.124928318965662e-02,  3.610170800023940e-02,  6.905155777890160e-02
  3.344000000000000e+01, -1.209021737648170e-01,  1.774507030139305e-02,  1.687580974008651e-01, -7.128064150674598e-02,  3.612318164086276e-02,  6.906173716181176e-02
  3.345000000000000e+01, -1.210831961433175e-01,  1.772228940549025e-02,  1.688208475286495e-01, -7.131463655340860e-02,  3.614620294038902e-02,  6.907193940103588e-02
  3.346000000000000e+01, -1.212678384233422e-01,  1.769869768847099e-02,  1.688882340870491e-01, -7.135128982919069e-02,  3.617076181780973e-02,  6.908216766964660e-02
  3.347000000000000e+01, -1.214560427345758e-01,  1.767432236915312e-02,  1.689603988580214e-01, -7.139061999113716e-02,  3.619684264138076e-02,  6.909242450623011e-02
  3.348000000000000e+01, -1.216477527271362e-01,  1.764919205635018e-02,  1.690374884580725e-01, -7.143264253534622e-02,  3.622442466010022e-02,  6.910271286771677e-02
  3.349000000000000e+01, -1.218429139746257e-01,  1.762333666314131e-02,  1.691196540441494e-01, -7.147736998495813e-02,  3.625348238148770e-02,  6.911303571178185e-02
  3.350000000000000e+01, -1.220414743919369e-01,  1.759678761790084e-02,  1.692070516488042e-01, -7.152481267357783e-02,  3.628398589449688e-02,  6.912339412782492e-02
  3.351000000000000e+01, -1.222433838054375e-01,  1.756957787078228e-02,  1.692998422858542e-01, -7.157497945202762e-02,  3.631590125540263e-02,  6.913378598161969e-02
  3.352000000000000e+01, -1.224485931168684e-01,  1.754174155377286e-02,  1.693981908511174e-01, -7.162787782952854e-02,  3.634919093078776e-02,  6.914420633062288e-02
  3.353000000000000e+01, -1.226570537258414e-01,  1.751331344625062e-02,  1.695022637270795e-01, -7.168351358496208e-02,  3.638381427174939e-02,  6.915464906715107e-02
  3.354000000000000e+01, -1.228687170025337e-01,  1.748432835896718e-02,  1.696122259367288e-01, -7.174188990763893e-02,  3.641972814076130e-02,  6.916510888800337e-02
  3.355000000000000e+01, -1.230835336234739e-01,  1.745482069817728e-02,  1.697282395892619e-01, -7.180300620774405e-02,  3.645688744240534e-02,  6.917558181165021e-02
  3.356000000000000e+01, -1.233014529812491e-01,  1.742482432233783e-02,  1.698504644128357e-01, -7.186685712050729e-02,  3.649524522164597e-02,  6.918606305493601e-02
  3.357000000000000e+01, -1.235224226671376e-01,  1.739437238300079e-02,  1.699790584334998e-01, -7.193343195278562e-02,  3.653475252144475e-02,  6.919654475875833e-02
  3.358000000000000e+01, -1.237463878919634e-01,  1.736349712683682e-02,  1.701141770696691e-01, -7.200271415703732e-02,  3.657535823349643e-02,  6.920701591048192e-02
  3.359000000000000e+01, -1.239732911246635e-01,  1.733223002274964e-02,  1.702559711896982e-01, -7.207468081200330e-02,  3.661700911893226e-02,  6.921746356531280e-02
  3.360000000000000e+01, -1.242030724636003e-01,  1.730060221024377e-02,  1.704045848960126e-01, -7.214930260894598e-02,  3.665965005614782e-02,  6.922787407547804e-02
  3.361000000000000e+01, -1.244356707976719e-01,  1.726864495364611e-02,  1.705601538163587e-01, -7.222654421682539e-02,  3.670322422791314e-02,  6.923823343448039e-02
  3.362000000000000e+01, -1.246710251224420e-01,  1.723638988498943e-02,  1.707228049461573e-01, -7.230636449546964e-02,  3.674767332747029e-02,  6.924852656466615e-02
  3.363000000000000e+01, -1.249090751529405e-01,  1.720386892411119e-02,  1.708926574331711e-01, -7.238871646167003e-02,  3.679293800683988e-02,  6.925873659637630e-02
  3.364000000000000e+01, -1.251497610170860e-01,  1.717111400236049e-02,  1.710698223148074e-01, -7.247354710140425e-02,  3.683895822950384e-02,  6.926884487726954e-02
  3.365000000000000e+01, -1.253930228231160e-01,  1.713815673328156e-02,  1.712544001707321e-01, -7.256079697137172e-02,  3.688567336222131e-02,  6.927883230115175e-02
  3.366000000000000e+01, -1.256388009351908e-01,  1.710502798193181e-02,  1.714464775025232e-01, -7.265039965711498e-02,  3.693302219233537e-02,  6.928868233772828e-02
  3.367000000000000e+01, -1.258870363569346e-01,  1.707175755262935e-02,  1.716461239973914e-01, -7.274228141237603e-02,  3.698094279572180e-02,  6.929838444717495e-02
  3.368000000000000e+01, -1.261376701968924e-01,  1.703837412255371e-02,  1.718533920650160e-01, -7.283636113750611e-02,  3.702937228865731e-02,  6.930793628340387e-02
  3.369000000000000e+01, -1.263906428297803e-01,  1.700490509113428e-02,  1.720683178266838e-01, -7.293255042702051e-02,  3.707824673439725e-02,  6.931734458854308e-02
  3.370000000000000e+01, -1.266458935383908e-01,  1.697137638033674e-02,  1.722909224923519e-01, -7.303075338578104e-02,  3.712750099662433e-02,  6.932662462015921e-02
  3.371000000000000e+01, -1.269033601998537e-01,  1.693781244888459e-02,  1.725212136935591e-01, -7.313086631120576e-02,  3.717706817997282e-02,  6.933579800091516e-02
  3.372000000000000e+01, -1.271629789094914e-01,  1.690423633865890e-02,  1.727591861422441e-01, -7.323277754443093e-02,  3.722687889305643e-02,  6.934489063251355e-02
  3.373000000000000e+01, -1.274246839111724e-01,  1.687066955445959e-02,  1.730048217981596e-01, -7.333636759910418e-02,  3.727686071901390e-02,  6.935393161213722e-02
  3.374000000000000e+01, -1.276884078018252e-01,  1.683713191427905e-02,  1.732580904259249e-01, -7.344150954298305e-02,  3.732693798721604e-02,  6.936295207441169e-02
  3.375000000000000e+01, -1.279540821227693e-01,  1.680364172102289e-02,  1.735189507474864e-01, -7.354806960010643e-02,  3.737703178598512e-02,  6.937198377345545e-02
  3.376000000000000e+01, -1.282216387079351e-01,  1.677021649166144e-02,  1.737873518066404e-01, -7.365590776346986e-02,  3.742705997617178e-02,  6.938105830009189e-02
  3.377000000000000e+01, -1.284910117788146e-01,  1.673687382737477e-02,  1.740632337604855e-01, -7.376487817616222e-02,  3.747693711748652e-02,  6.939020692885529e-02
  3.378000000000000e+01, -1.287621403645179e-01,  1.670363182655099e-02,  1.743465279150104e-01, -7.387482944634492e-02,  3.752657477137903e-02,  6.939946018187196e-02
  3.379000000000000e+01, -1.290349703704642e-01,  1.667050923565472e-02,  1.746371569547801e-01, -7.398560520353911e-02,  3.757588231678424e-02,  6.940884662513690e-02
  3.380000000000000e+01, -1.293094557940821e-01,  1.663752566038479e-02,  1.749350351170309e-01, -7.409704477792836e-02,  3.762476749025057e-02,  6.941839199052456e-02
  3.381000000000000e+01, -1.295855593433657e-01,  1.660470150213067e-02,  1.752400670647184e-01, -7.420898378183489e-02,  3.767313616705208e-02,  6.942811986285018e-02
  3.382000000000000e+01, -1.298632530067484e-01,  1.657205747782919e-02,  1.755521458993537e-01, -7.432125470339730e-02,  3.772089192104141e-02,  6.943805332917607e-02
  3.383000000000000e+01, -1.301425187811514e-01,  1.653961419173244e-02,  1.758711514605000e-01, -7.443368770123154e-02,  3.776793600237936e-02,  6.944821658534830e-02
  3.384000000000000e+01, -1.304233494578693e-01,  1.650739210483976e-02,  1.761969491123445e-01, -7.454611158181468e-02,  3.781416764002780e-02,  6.945863612399404e-02
  3.385000000000000e+01, -1.307057491114802e-01,  1.647541174102085e-02,  1.765293888971899e-01, -7.465835483546189e-02,  3.785948431094378e-02,  6.946934094698087e-02
  3.386000000000000e+01, -1.309897330850353e-01,  1.644369388535383e-02,  1.768683047165208e-01, -7.477024688036357e-02,  3.790378223126627e-02,  6.948036230308791e-02
  3.387000000000000e+01, -1.312694506643021e-01,  1.641258226795017e-02,  1.772146743178256e-01, -7.488106057178953e-02,  3.794632016314786e-02,  6.948881248288195e-02
  3.388000000000000e+01, -1.315565780610689e-01,  1.638146425296427e-02,  1.775660177228262e-01, -7.499172002751035e-02,  3.798824777149903e-02,  6.950047422424432e-02
  3.389000000000000e+01, -1.318454215276131e-01,  1.635067159456205e-02,  1.779232206433831e-01, -7.510154354080031e-02,  3.802885227823637e-02,  6.951258714855238e-02
  3.390000000000000e+01, -1.321360252251444e-01,  1.632023068877309e-02,  1.782860387138995e-01, -7.521037760635188e-02,  3.806803081778895e-02,  6.952520029128036e-02
  3.391000000000000e+01, -1.324284532584634e-01,  1.629016817585516e-02,  1.786542069404894e-01, -7.531808091211444e-02,  3.810568630014854e-02,  6.953837144326773e-02
  3.392000000000000e+01, -1.327227756999455e-01,  1.626051399452644e-02,  1.790274439023351e-01, -7.542452169861687e-02,  3.814172468622948e-02,  6.955215889858407e-02
  3.393000000000000e+01, -1.330190664298712e-01,  1.623130168286768e-02,  1.794054533194381e-01, -7.552957832364192e-02,  3.817605574046200e-02,  6.956661938823515e-02
  3.394000000000000e+01, -1.333173998171278e-01,  1.620256801902475e-02,  1.797879247831084e-01, -7.563313962165154e-02,  3.820859409320419e-02,  6.958180543331804e-02
  3.395000000000000e+01, -1.336178465363097e-01,  1.617435244884402e-02,  1.801745344706412e-01, -7.573510507947269e-02,  3.823926074903349e-02,  6.959776166436150e-02
  3.396000000000000e+01, -1.339204696897112e-01,  1.614669673784386e-02,  1.805649451843584e-01, -7.583538479887070e-02,  3.826798453823009e-02,  6.961452319324592e-02
  3.397000000000000e+01, -1.342253215981653e-01,  1.611964484579675e-02,  1.809588045693734e-01, -7.593389913680344e-02,  3.829470267406036e-02,  6.963211868826923e-02
  3.398000000000000e+01, -1.345324403954701e-01,  1.609324269725976e-02,  1.813557423726174e-01, -7.603057796657348e-02,  3.831936034038242e-02,  6.965057520690116e-02
  3.399000000000000e+01, -1.348418464399452e-01,  1.606753759026902e-02,  1.817553677486381e-01, -7.612535978440303e-02,  3.834190996417072e-02,  6.966992201891860e-02
  3.400000000000000e+01, -1.351535393606376e-01,  1.604257745887527e-02,  1.821572677673914e-01, -7.621819081763026e-02,  3.836231059647255e-02,  6.969019279308605e-02
  3.401000000000000e+01, -1.354674961359420e-01,  1.601841029695850e-02,  1.825610080708894e-01, -7.630902406811871e-02,  3.838052755144001e-02,  6.971142545263410e-02
  3.402000000000000e+01, -1.357836704148102e-01,  1.599508354715629e-02,  1.829661344401183e-01, -7.639781841901905e-02,  3.839653241030093e-02,  6.973366052808108e-02
  3.403000000000000e+01, -1.361019928061422e-01,  1.597264330059156e-02,  1.833721738790794e-01, -7.648453796184980e-02,  3.841030308997358e-02,  6.975693947134984e-02
  3.404000000000000e+01, -1.364223711610038e-01,  1.595113359574385e-02,  1.837786356465520e-01, -7.656915130648219e-02,  3.842182340465420e-02,  6.978130334290002e-02
  3.405000000000000e+01, -1.367446901836886e-01,  1.593059584311662e-02,  1.841850131464129e-01, -7.665163069488860e-02,  3.843108223619994e-02,  6.980679232447783e-02
  3.406000000000000e+01, -1.370688107977334e-01,  1.591106830837763e-02,  1.845907871051278e-01, -7.673195126520294e-02,  3.843807303746025e-02,  6.983344612770995e-02
  3.407000000000000e+01, -1.373945701528358e-01,  1.589258611638611e-02,  1.849954302611384e-01, -7.681009074299644e-02,  3.844279374778936e-02,  6.986130348600433e-02
  3.408000000000000e+01, -1.377217826018735e-01,  1.587518195688231e-02,  1.853984126640731e-01, -7.688602931804589e-02,  3.844524657900242e-02,  6.989039986448392e-02
  3.409000000000000e+01, -1.380502412255865e-01,  1.585888692704263e-02,  1.857992054036004e-01, -7.695974935333454e-02,  3.844543757536371e-02,  6.992076603879482e-02
  3.410000000000000e+01, -1.383797188032937e-01,  1.584373093468616e-02,  1.861972820335049e-01, -7.703123463811734e-02,  3.844337615646304e-02,  6.995242978387858e-02
  3.411000000000000e+01, -1.387099674102185e-01,  1.582974253565284e-02,  1.865921193405709e-01, -7.710046921103098e-02,  3.843907467873009e-02,  6.998541908761384e-02
  3.412000000000000e+01, -1.390407172793783e-01,  1.581694843830950e-02,  1.869831989019944e-01, -7.716743634634166e-02,  3.843254816660086e-02,  7.001976413370002e-02
  3.413000000000000e+01, -1.393716759395270e-01,  1.580537284948202e-02,  1.873700091100165e-01, -7.723211803432996e-02,  3.842381427652285e-02,  7.005549752496605e-02
  3.414000000000000e+01, -1.397076970744696e-01,  1.579479305557197e-02,  1.877503295949597e-01, -7.729527875800830e-02,  3.841354705819490e-02,  7.009636219997956e-02
  3.415000000000000e+01, -1.400379980665994e-01,  1.578571580344179e-02,  1.881271182614760e-01, -7.735532513445358e-02,  3.840045654159552e-02,  7.013492768561735e-02
  3.416000000000000e+01, -1.403674472313141e-01,  1.577791503986847e-02,  1.884981497450790e-01, -7.741301428394998e-02,  3.838521842853301e-02,  7.017499507191620e-02
  3.417000000000000e+01, -1.406956985230451e-01,  1.577138889078356e-02,  1.888629568855816e-01, -7.746832981664874e-02,  3.836787485018727e-02,  7.021659789134743e-02
  3.418000000000000e+01, -1.410223438549163e-01,  1.576613793551784e-02,  1.892210803059832e-01, -7.752124617939761e-02,  3.834846230313239e-02,  7.025976870919763e-02
  3.419000000000000e+01, -1.413469520306166e-01,  1.576215638111012e-02,  1.895720763377012e-01, -7.757173651971135e-02,  3.832702297855044e-02,  7.030452851511869e-02
  3.420000000000000e+01, -1.416690689607003e-01,  1.575943123973911e-02,  1.899155170739713e-01, -7.761977411777705e-02,  3.830360659946148e-02,  7.035088316950022e-02
  3.421000000000000e+01, -1.419882177764719e-01,  1.575794136057307e-02,  1.902509897217977e-01, -7.766533446727140e-02,  3.827827246441829e-02,  7.039882150936176e-02
  3.422000000000000e+01, -1.423038996955082e-01,  1.575765642123517e-02,  1.905780958771813e-01, -7.770839762910152e-02,  3.825109140472585e-02,  7.044831388205373e-02
  3.423000000000000e+01, -1.426155954828408e-01,  1.575853639223657e-02,  1.908964512154473e-01, -7.774895054954371e-02,  3.822214758930130e-02,  7.049930968448670e-02
  3.424000000000000e+01, -1.429227673172278e-01,  1.576053182883230e-02,  1.912056860254863e-01, -7.778698932010919e-02,  3.819154015971993e-02,  7.055173369536208e-02
  3.425000000000000e+01, -1.432248612322947e-01,  1.576358470433448e-02,  1.915054465516388e-01, -7.782252132387839e-02,  3.815938457089233e-02,  7.060548187736571e-02
  3.426000000000000e+01, -1.435213099923954e-01,  1.576762914960250e-02,  1.917953964731549e-01, -7.785556686637102e-02,  3.812581342370017e-02,  7.066041754089980e-02
  3.427000000000000e+01, -1.438115359801859e-01,  1.577259192090175e-02,  1.920752180844238e-01, -7.788615997839603e-02,  3.809097668346701e-02,  7.071636905465373e-02
  3.428000000000000e+01, -1.440949542832677e-01,  1.577839295187933e-02,  1.923446125656854e-01, -7.791434878528349e-02,  3.805504150920851e-02,  7.077313140331448e-02
  3.429000000000000e+01, -1.443709764060146e-01,  1.578494624693039e-02,  1.926032990549487e-01, -7.794019592603271e-02,  3.801819195298755e-02,  7.083047249268792e-02
  3.430000000000000e+01, -1.446390144291683e-01,  1.579216107076076e-02,  1.928510138885587e-01, -7.796377872884956e-02,  3.798062830697054e-02,  7.088814133813401e-02
  3.431000000000000e+01, -1.448984854873205e-01,  1.579994324190714e-02,  1.930875118282812e-01, -7.798518848729502e-02,  3.794256570937184e-02,  7.094587402791670e-02
  3.432000000000000e+01, -1.451488166833375e-01,  1.580819617272988e-02,  1.933125697423285e-01, -7.800452864561074e-02,  3.790423214909874e-02,  7.100339534686333e-02
  3.433000000000000e+01, -1.453894502342928e-01,  1.581682139584561e-02,  1.935259911450556e-01, -7.802191233037960e-02,  3.786586616843324e-02,  7.106041785685173e-02
  3.434000000000000e+01, -1.456198489539210e-01,  1.582571888924678e-02,  1.937276091476160e-01, -7.803745993874489e-02,  3.782771413694681e-02,  7.111664291354770e-02
  3.435000000000000e+01, -1.458395025287902e-01,  1.583478778862091e-02,  1.939172875038952e-01, -7.805129708503544e-02,  3.779002696841700e-02,  7.117176546171575e-02
  3.436000000000000e+01, -1.460479342432602e-01,  1.584392766285414e-02,  1.940949223316381e-01, -7.806355249202124e-02,  3.775305659866930e-02,  7.122547910292494e-02
  3.437000000000000e+01, -1.462447071992551e-01,  1.585303991826637e-02,  1.942604467621835e-01, -7.807435546166061e-02,  3.771705264113082e-02,  7.127747797334978e-02
  3.438000000000000e+01, -1.464294300856404e-01,  1.586202872037679e-02,  1.944138370342944e-01, -7.808383333018545e-02,  3.768225919935726e-02,  7.132745816622689e-02
  3.439000000000000e+01, -1.466017637936362e-01,  1.587080154932830e-02,  1.945551171272163e-01, -7.809210953335731e-02,  3.764891143696088e-02,  7.137512294418601e-02
  3.440000000000000e+01, -1.467614292568001e-01,  1.587927007139744e-02,  1.946843620722693e-01, -7.809930217928347e-02,  3.761723152264149e-02,  7.142019050386515e-02
  3.441000000000000e+01, -1.469082153366263e-01,  1.588735141725084e-02,  1.948017011133207e-01, -7.810552260968351e-02,  3.758742402723412e-02,  7.146240160499505e-02
  3.442000000000000e+01, -1.470419862167720e-01,  1.589496957257031e-02,  1.949073203855443e-01, -7.811087405175428e-02,  3.755967143418894e-02,  7.150152723528497e-02
  3.443000000000000e+01, -1.471626892282797e-01,  1.590205697113634e-02,  1.950014656623147e-01, -7.811545088738518e-02,  3.753413017106527e-02,  7.153737589525498e-02
  3.444000000000000e+01, -1.472703639429496e-01,  1.590855632975519e-02,  1.950844463866883e-01, -7.811933855092155e-02,  3.751092691947849e-02,  7.156979883094360e-02
  3.445000000000000e+01, -1.473671575771058e-01,  1.591408402168160e-02,  1.951582451172400e-01, -7.812175953615966e-02,  3.749073967027855e-02,  7.159580963685896e-02
  3.446000000000000e+01, -1.474490960737430e-01,  1.591930408935549e-02,  1.952199489612362e-01, -7.812460775486124e-02,  3.747239340128507e-02,  7.162141611954327e-02
  3.447000000000000e+01, -1.475186863331804e-01,  1.592386633793264e-02,  1.952717791639060e-01, -7.812696715578475e-02,  3.745653017534739e-02,  7.164353672116985e-02
  3.448000000000000e+01, -1.475761365118530e-01,  1.592771901121415e-02,  1.953140891158020e-01, -7.812887967878160e-02,  3.744323443606904e-02,  7.166201315758280e-02
  3.449000000000000e+01, -1.476227684972904e-01,  1.593090454393598e-02,  1.953480723077631e-01, -7.813040777846039e-02,  3.743230889578078e-02,  7.167713776358053e-02
  3.450000000000000e+01, -1.476614559797849e-01,  1.593357504195358e-02,  1.953760134569260e-01, -7.813164792047320e-02,  3.742318124774582e-02,  7.168971274199992e-02
