Main.Studies.MarkerTracking.t,Main.Studies.MarkerTracking.JointAngleOutputs.OutputFile_RightLeg.HipFlexion,Main.Studies.MarkerTracking.JointAngleOutputs.OutputFile_RightLeg.HipAbduction,Main.Studies.MarkerTracking.JointAngleOutputs.OutputFile_RightLeg.HipExternalRotation,Main.Studies.MarkerTracking.JointAngleOutputs.OutputFile_RightLeg.KneeFlexion,Main.Studies.MarkerTracking.JointAngleOutputs.OutputFile_RightLeg.AnklePlantarFlexion,Main.Studies.MarkerTracking.JointAngleOutputs.OutputFile_RightLeg.SubTalarEversion
  1.350000000000000e+01, -5.310630317073001e-02,  2.383474164364530e-02,  2.136792283045886e-01, -4.644187862128640e-02,  6.378999461955837e-02,  8.441477489781693e-02
  1.351000000000000e+01, -5.132481270953566e-02,  2.413870875362112e-02,  2.138916954224147e-01, -4.631356369254483e-02,  6.410529747966151e-02,  8.458267778997505e-02
  1.352000000000000e+01, -4.949750095270815e-02,  2.444011712721195e-02,  2.141120667567235e-01, -4.619853028848296e-02,  6.442104873161432e-02,  8.474844589969756e-02
  1.353000000000000e+01, -4.762139151803162e-02,  2.473828478535633e-02,  2.143407118504832e-01, -4.610551366151781e-02,  6.473802102189988e-02,  8.491600645310579e-02
  1.354000000000000e+01, -4.568858446964404e-02,  2.503249309558009e-02,  2.145787682354821e-01, -4.603534669782692e-02,  6.505503679585949e-02,  8.508396647943862e-02
  1.355000000000000e+01, -4.370013552954758e-02,  2.532236171003888e-02,  2.148261003538865e-01, -4.598835897987948e-02,  6.537164568666159e-02,  8.525207833233013e-02
  1.356000000000000e+01, -4.165489957105856e-02,  2.560740432222142e-02,  2.150828384873097e-01, -4.596557720555990e-02,  6.568729354193156e-02,  8.542022740445537e-02
  1.357000000000000e+01, -3.955166529947441e-02,  2.588713504764439e-02,  2.153490968984769e-01, -4.596801032008284e-02,  6.600141059256409e-02,  8.558834368666657e-02
  1.358000000000000e+01, -3.738915093218451e-02,  2.616106982934308e-02,  2.156249660461081e-01, -4.599664654544940e-02,  6.631341659075624e-02,  8.575641227962374e-02
  1.359000000000000e+01, -3.516600070270100e-02,  2.642872788679029e-02,  2.159105049010706e-01, -4.605245042953433e-02,  6.662272550197011e-02,  8.592448545175041e-02
  1.360000000000000e+01, -3.288078057097700e-02,  2.668963339284014e-02,  2.162057358016217e-01, -4.613635880742097e-02,  6.692874815834902e-02,  8.609269401967828e-02
  1.361000000000000e+01, -3.053197365918562e-02,  2.694331778488701e-02,  2.165106406433224e-01, -4.624927579208996e-02,  6.723089347027464e-02,  8.626125621733807e-02
  1.362000000000000e+01, -2.811797604005255e-02,  2.718932244393257e-02,  2.168251570677480e-01, -4.639206749007355e-02,  6.752856950891105e-02,  8.643048514569932e-02
  1.363000000000000e+01, -2.563709256590805e-02,  2.742720097989060e-02,  2.171491738025078e-01, -4.656555685915836e-02,  6.782118555421088e-02,  8.660079830519055e-02
  1.364000000000000e+01, -2.308753237069378e-02,  2.765652089049220e-02,  2.174825239717355e-01, -4.677051871705479e-02,  6.810815565441329e-02,  8.677273058391689e-02
  1.365000000000000e+01, -2.046740438888184e-02,  2.787686487339780e-02,  2.178249761279639e-01, -4.700767483598041e-02,  6.838890331411168e-02,  8.694694957768531e-02
  1.366000000000000e+01, -1.777471329250883e-02,  2.808783193558839e-02,  2.181762240497595e-01, -4.727768904289325e-02,  6.866286654651528e-02,  8.712427239932119e-02
  1.367000000000000e+01, -1.500735557513059e-02,  2.828903834122132e-02,  2.185358764418586e-01, -4.758116208524566e-02,  6.892950284152470e-02,  8.730568325034496e-02
  1.368000000000000e+01, -1.216311535716237e-02,  2.848011864056432e-02,  2.189034470435712e-01, -4.791862609559308e-02,  6.918829399710180e-02,  8.749235032041808e-02
  1.369000000000000e+01, -9.239659863022257e-03,  2.866072695731448e-02,  2.192783462360457e-01, -4.829053859513871e-02,  6.943875060745880e-02,  8.768564087741261e-02
  1.370000000000000e+01, -6.234534908815002e-03,  2.883053836035776e-02,  2.196598753673333e-01, -4.869727601356280e-02,  6.968041606658186e-02,  8.788713458586728e-02
  1.371000000000000e+01, -3.145161088553555e-03,  2.898925013476350e-02,  2.200472223451685e-01, -4.913912712936300e-02,  6.991287113510621e-02,  8.809863572023981e-02
  1.372000000000000e+01,  3.116917601039321e-05,  2.913658302800815e-02,  2.204394570857614e-01, -4.961628675307683e-02,  7.013573959380802e-02,  8.832218454481329e-02
  1.373000000000000e+01,  3.297294414497877e-03,  2.927228261190096e-02,  2.208355286999946e-01, -5.012884918546742e-02,  7.034869357857630e-02,  8.856006757047437e-02
  1.374000000000000e+01,  6.656186918442474e-03,  2.939612077124543e-02,  2.212342646564029e-01, -5.067680134795651e-02,  7.055145870690298e-02,  8.881482705657723e-02
  1.375000000000000e+01,  1.011095515319448e-02,  2.950789713325364e-02,  2.216343688815933e-01, -5.126001630297479e-02,  7.074382120049698e-02,  8.908927093197133e-02
  1.376000000000000e+01,  1.366484597671399e-02,  2.960744024208317e-02,  2.220344191582383e-01, -5.187824705350654e-02,  7.092563678173100e-02,  8.938648269008928e-02
  1.377000000000000e+01,  1.732124708250875e-02,  2.969460860743056e-02,  2.224328674902680e-01, -5.253111977650879e-02,  7.109683892785165e-02,  8.970982916379938e-02
  1.378000000000000e+01,  2.108368915429299e-02,  2.976929204465995e-02,  2.228280436034142e-01, -5.321812648011485e-02,  7.125744612081136e-02,  9.006296492710131e-02
  1.379000000000000e+01,  2.495584740489231e-02,  2.983141359221486e-02,  2.232181594050895e-01, -5.393861742414129e-02,  7.140756930540822e-02,  9.044983333844683e-02
  1.380000000000000e+01,  2.894154295036640e-02,  2.988093168501571e-02,  2.236013146824945e-01, -5.469179311897765e-02,  7.154741986069263e-02,  9.087466444116070e-02
  1.381000000000000e+01,  3.304474391700431e-02,  2.991784184490132e-02,  2.239755055187601e-01, -5.547669579581492e-02,  7.167731826873203e-02,  9.134196847922017e-02
  1.382000000000000e+01,  3.726956537023760e-02,  2.994217769834040e-02,  2.243386362663662e-01, -5.629220059024534e-02,  7.179770368566804e-02,  9.185652280145631e-02
  1.383000000000000e+01,  4.162026708282374e-02,  2.995401198199876e-02,  2.246885343992384e-01, -5.713700681816897e-02,  7.190914350875031e-02,  9.242335338478889e-02
  1.384000000000000e+01,  4.610124826556661e-02,  2.995345812721539e-02,  2.250229657052453e-01, -5.800962989690769e-02,  7.201234235054262e-02,  9.304771544815001e-02
  1.385000000000000e+01,  5.071703885257815e-02,  2.994067228833530e-02,  2.253396498543607e-01, -5.890839418754762e-02,  7.210815078297203e-02,  9.373507328929732e-02
  1.386000000000000e+01,  5.547228725396230e-02,  2.991585544871467e-02,  2.256362804956269e-01, -5.983142642777962e-02,  7.219757325978249e-02,  9.449107336983933e-02
  1.387000000000000e+01,  6.037174400915220e-02,  2.987925558630811e-02,  2.259105518534139e-01, -6.077664951607699e-02,  7.228177443353528e-02,  9.532150576391996e-02
  1.388000000000000e+01,  6.542024092119690e-02,  2.983117000911717e-02,  2.261601886966680e-01, -6.174177710581367e-02,  7.236208491946734e-02,  9.623225485840720e-02
  1.389000000000000e+01,  7.062266592204980e-02,  2.977194786199178e-02,  2.263829776103650e-01, -6.272430954045562e-02,  7.244000735378102e-02,  9.722924101852130e-02
  1.390000000000000e+01,  7.598393278824171e-02,  2.970199290786080e-02,  2.265768029458907e-01, -6.372153106299390e-02,  7.251722128464491e-02,  9.831834893059636e-02
  1.391000000000000e+01,  8.150494043064037e-02,  2.962196341998680e-02,  2.267391656361745e-01, -6.473209398560717e-02,  7.259594218128360e-02,  9.950614030356218e-02
  1.392000000000000e+01,  8.719908941849829e-02,  2.953198395976298e-02,  2.268693102436194e-01, -6.574949007227303e-02,  7.267742998900495e-02,  1.007965399571756e-01
  1.393000000000000e+01,  9.306650229631452e-02,  2.943284180624528e-02,  2.269651595811644e-01, -6.677215049995101e-02,  7.276434069122627e-02,  1.021955930021622e-01
  1.394000000000000e+01,  9.911170210067219e-02,  2.932519093873709e-02,  2.270254114483930e-01, -6.779653217396935e-02,  7.285908248602284e-02,  1.037081260369405e-01
  1.395000000000000e+01,  1.053389575440791e-01,  2.920975156231220e-02,  2.270490936345566e-01, -6.881890931343317e-02,  7.296424127572750e-02,  1.053384391122994e-01
  1.396000000000000e+01,  1.117521858258894e-01,  2.908731064077719e-02,  2.270356225012620e-01, -6.983539796266443e-02,  7.308257452964236e-02,  1.070901863152417e-01
  1.397000000000000e+01,  1.183548513694282e-01,  2.895872117927123e-02,  2.269848618465199e-01, -7.084198324635431e-02,  7.321700266844473e-02,  1.089662484250599e-01
  1.398000000000000e+01,  1.251498505407685e-01,  2.882490089804857e-02,  2.268971776559393e-01, -7.183455415348372e-02,  7.337059809042279e-02,  1.109686048085698e-01
  1.399000000000000e+01,  1.321393831093411e-01,  2.868682996527472e-02,  2.267734857500235e-01, -7.280894665136051e-02,  7.354657115746460e-02,  1.130982129522136e-01
  1.400000000000000e+01,  1.393248116446488e-01,  2.854554758294103e-02,  2.266152921144811e-01, -7.376099509943369e-02,  7.374825228572436e-02,  1.153548969468177e-01
  1.401000000000000e+01,  1.467065101583152e-01,  2.840214724019474e-02,  2.264247276310609e-01, -7.468659156712820e-02,  7.397907006609111e-02,  1.177372425690538e-01
  1.402000000000000e+01,  1.542837041063362e-01,  2.825777006700703e-02,  2.262045751997546e-01, -7.558175296716592e-02,  7.424252683479825e-02,  1.202425029338134e-01
  1.403000000000000e+01,  1.620543050262820e-01,  2.811359572672156e-02,  2.259582858240154e-01, -7.644269567798431e-02,  7.454217209518568e-02,  1.228665219722523e-01
  1.404000000000000e+01,  1.700125835518482e-01,  2.797052480885909e-02,  2.256898375582670e-01, -7.726594186858615e-02,  7.488188729286464e-02,  1.256039382139868e-01
  1.405000000000000e+01,  1.781564671388299e-01,  2.783033221045050e-02,  2.254042531020698e-01, -7.804846084527214e-02,  7.526468808491425e-02,  1.284471784878476e-01
  1.406000000000000e+01,  1.864776678545618e-01,  2.769397765334358e-02,  2.251068742315559e-01, -7.878747465530921e-02,  7.569430201661316e-02,  1.313878498284990e-01
  1.407000000000000e+01,  1.949672247921231e-01,  2.756266679919528e-02,  2.248037125310813e-01, -7.948084259148953e-02,  7.617411998594453e-02,  1.344159471010106e-01
  1.408000000000000e+01,  2.036141716790942e-01,  2.743757471919905e-02,  2.245013095977448e-01, -8.012703966604837e-02,  7.670738650691787e-02,  1.375201287932049e-01
  1.409000000000000e+01,  2.124054809692624e-01,  2.731983050989917e-02,  2.242066561067524e-01, -8.072522872490104e-02,  7.729715495701307e-02,  1.406878440576110e-01
  1.410000000000000e+01,  2.213260561550612e-01,  2.721050213491250e-02,  2.239270930311245e-01, -8.127532061916701e-02,  7.794624567501432e-02,  1.439054956157081e-01
  1.411000000000000e+01,  2.303587796708822e-01,  2.711058212758277e-02,  2.236701989519732e-01, -8.177801857668127e-02,  7.865720649163861e-02,  1.471586364701658e-01
  1.412000000000000e+01,  2.394846224463575e-01,  2.702097512734980e-02,  2.234436678836421e-01, -8.223484305929904e-02,  7.943227569209725e-02,  1.504321943557696e-01
  1.413000000000000e+01,  2.486828193438907e-01,  2.694248826794188e-02,  2.232551826571355e-01, -8.264813350325065e-02,  8.027334799090934e-02,  1.537107120266329e-01
  1.414000000000000e+01,  2.579225140456352e-01,  2.687545576653050e-02,  2.231128288331917e-01, -8.302213456182896e-02,  8.118257350185826e-02,  1.569774056426783e-01
  1.415000000000000e+01,  2.671954887853388e-01,  2.682113464331604e-02,  2.230229861542362e-01, -8.335878797420958e-02,  8.215996528588852e-02,  1.602188516212576e-01
  1.416000000000000e+01,  2.764705836920073e-01,  2.677971810868862e-02,  2.229929627235767e-01, -8.366350977286473e-02,  8.320672679999271e-02,  1.634189805122003e-01
  1.417000000000000e+01,  2.857231157902791e-01,  2.675159742986177e-02,  2.230291983266377e-01, -8.394141591719965e-02,  8.432313087179773e-02,  1.665632103541762e-01
  1.418000000000000e+01,  2.949284335073495e-01,  2.673707089625843e-02,  2.231375722390029e-01, -8.419806981812639e-02,  8.550901096335836e-02,  1.696377190656093e-01
  1.419000000000000e+01,  3.040565739409468e-01,  2.673609108654817e-02,  2.233236210978899e-01, -8.444028240383943e-02,  8.676420412533783e-02,  1.726290299128788e-01
  1.420000000000000e+01,  3.130948637751688e-01,  2.674928729771575e-02,  2.235914093147214e-01, -8.467240062102357e-02,  8.808684488627379e-02,  1.755263443616293e-01
  1.421000000000000e+01,  3.220165636157187e-01,  2.677651727245700e-02,  2.239450213617241e-01, -8.490126410353506e-02,  8.947583059194367e-02,  1.783185036794745e-01
  1.422000000000000e+01,  3.308015085872921e-01,  2.681781684320050e-02,  2.243875774170114e-01, -8.513282034739139e-02,  9.092926695760915e-02,  1.809960452571794e-01
  1.423000000000000e+01,  3.394315780076195e-01,  2.687318638417779e-02,  2.249214496941284e-01, -8.537277110247521e-02,  9.244486626843121e-02,  1.835507684906292e-01
  1.424000000000000e+01,  3.478909520512415e-01,  2.694260190745679e-02,  2.255482690230770e-01, -8.562645904397508e-02,  9.401997245396589e-02,  1.859757413712514e-01
  1.425000000000000e+01,  3.561662999015643e-01,  2.702602501633544e-02,  2.262689470892178e-01, -8.589877252507726e-02,  9.565158894728454e-02,  1.882652788203738e-01
  1.426000000000000e+01,  3.642468969307344e-01,  2.712341143969121e-02,  2.270837090126880e-01, -8.619407050640755e-02,  9.733640946028400e-02,  1.904148998036376e-01
  1.427000000000000e+01,  3.721246703277095e-01,  2.723471745290462e-02,  2.279921302938203e-01, -8.651612899097590e-02,  9.907085202169348e-02,  1.924212722884345e-01
  1.428000000000000e+01,  3.797941757843968e-01,  2.735990380855102e-02,  2.289931746482096e-01, -8.686810892707543e-02,  1.008510959200043e-01,  1.942821528617804e-01
  1.429000000000000e+01,  3.872525129760596e-01,  2.749893771027678e-02,  2.300852341839397e-01, -8.725254351016686e-02,  1.026731196241152e-01,  1.959963200017442e-01
  1.430000000000000e+01,  3.944991888931062e-01,  2.765179373303739e-02,  2.312661732996468e-01, -8.767134228228542e-02,  1.045327379824423e-01,  1.975634984181685e-01
  1.431000000000000e+01,  4.015359365261073e-01,  2.781845383623383e-02,  2.325333744178686e-01, -8.812581026531190e-02,  1.064256389266042e-01,  1.989842783706318e-01
  1.432000000000000e+01,  4.083664981188536e-01,  2.799890601596866e-02,  2.338837838945957e-01, -8.861668009391704e-02,  1.083474199857364e-01,  2.002600358327071e-01
  1.433000000000000e+01,  4.149963851507158e-01,  2.819314142034335e-02,  2.353139577001733e-01, -8.914415399349598e-02,  1.102936234058899e-01,  2.013928559403982e-01
  1.434000000000000e+01,  4.214326255742752e-01,  2.840115053484760e-02,  2.368201066348677e-01, -8.970795256375975e-02,  1.122597685030842e-01,  2.023854592553125e-01
  1.435000000000000e+01,  4.276835054794109e-01,  2.862291926688343e-02,  2.383981406721582e-01, -9.030736848386943e-02,  1.142413813254995e-01,  2.032411295966739e-01
  1.436000000000000e+01,  4.337517892600433e-01,  2.885820798638217e-02,  2.400445820658649e-01, -9.094222221421880e-02,  1.162345434969155e-01,  2.039622134689285e-01
  1.437000000000000e+01,  4.396606470018543e-01,  2.910741228038960e-02,  2.417531424895617e-01, -9.160929949613481e-02,  1.182338331550422e-01,  2.045557592755964e-01
  1.438000000000000e+01,  4.454140727427056e-01,  2.937026222149619e-02,  2.435199026956424e-01, -9.230787180884689e-02,  1.202354767603674e-01,  2.050249565709329e-01
  1.439000000000000e+01,  4.510229173030525e-01,  2.964668295217265e-02,  2.453399458246348e-01, -9.303608809348926e-02,  1.222352880415076e-01,  2.053747159751394e-01
  1.440000000000000e+01,  4.564981354172766e-01,  2.993657887861656e-02,  2.472082302162372e-01, -9.379193976380111e-02,  1.242292051512389e-01,  2.056102239261736e-01
  1.441000000000000e+01,  4.618506108505626e-01,  3.023983329276514e-02,  2.491196243499029e-01, -9.457330158577032e-02,  1.262133052568978e-01,  2.057368899229531e-01
  1.442000000000000e+01,  4.670910051297955e-01,  3.055630792196595e-02,  2.510689411393146e-01, -9.537796602357423e-02,  1.281838164104991e-01,  2.057602938128219e-01
  1.443000000000000e+01,  4.722296294398738e-01,  3.088584316330212e-02,  2.530509675455727e-01, -9.620367267024216e-02,  1.301371276969119e-01,  2.056861400885200e-01
  1.444000000000000e+01,  4.772763399640221e-01,  3.122825904964732e-02,  2.550604886828030e-01, -9.704813347215314e-02,  1.320697975448630e-01,  2.055202216770152e-01
  1.445000000000000e+01,  4.822404557960256e-01,  3.158335546541524e-02,  2.570923083340274e-01, -9.790905333797659e-02,  1.339785600124886e-01,  2.052683885383572e-01
  1.446000000000000e+01,  4.871306973476259e-01,  3.195091049105292e-02,  2.591412690093550e-01, -9.878414611098615e-02,  1.358603293672300e-01,  2.049365145155400e-01
  1.447000000000000e+01,  4.919551424008218e-01,  3.233067739639450e-02,  2.612022739895963e-01, -9.967114713539572e-02,  1.377122033285550e-01,  2.045304614211205e-01
  1.448000000000000e+01,  4.967211965756199e-01,  3.272238155087570e-02,  2.632703093280164e-01, -1.005678239295695e-01,  1.395314651313290e-01,  2.040560464638269e-01
  1.449000000000000e+01,  5.014355757844425e-01,  3.312571814683563e-02,  2.653404627510230e-01, -1.014719853683831e-01,  1.413155846443521e-01,  2.035190165718845e-01
  1.450000000000000e+01,  5.061042989059067e-01,  3.354035067104655e-02,  2.674079420840787e-01, -1.023814890558307e-01,  1.430622190825233e-01,  2.029250240243193e-01
  1.451000000000000e+01,  5.107355994178514e-01,  3.396619363730613e-02,  2.694672868270946e-01, -1.032939367685532e-01,  1.447689255996333e-01,  2.022804947344575e-01
  1.452000000000000e+01,  5.153280401276779e-01,  3.440228269712042e-02,  2.715156487880444e-01, -1.042079498311455e-01,  1.464343314474857e-01,  2.015889540432063e-01
  1.453000000000000e+01,  5.198887509826339e-01,  3.484846143556952e-02,  2.735478801742118e-01, -1.051212175156747e-01,  1.480563471844346e-01,  2.008565876217429e-01
  1.454000000000000e+01,  5.244210332996417e-01,  3.530426704571532e-02,  2.755598499642736e-01, -1.060318367792662e-01,  1.496333721681260e-01,  2.000884508782531e-01
  1.455000000000000e+01,  5.289275541787620e-01,  3.576921074649730e-02,  2.775476221088176e-01, -1.069379726697892e-01,  1.511639837525029e-01,  1.992894298114171e-01
  1.456000000000000e+01,  5.334103748617263e-01,  3.624277991174929e-02,  2.795074667005789e-01, -1.078378620975972e-01,  1.526469344975930e-01,  1.984642383078793e-01
  1.457000000000000e+01,  5.378709820037307e-01,  3.672443881034071e-02,  2.814358706841277e-01, -1.087298178617521e-01,  1.540811499953435e-01,  1.976174145666440e-01
  1.458000000000000e+01,  5.423103211176743e-01,  3.721362837896036e-02,  2.833295466428590e-01, -1.096122321607139e-01,  1.554657266573921e-01,  1.967533171320432e-01
  1.459000000000000e+01,  5.467288313615088e-01,  3.770976517737568e-02,  2.851854406156070e-01, -1.104835789429325e-01,  1.567999289017615e-01,  1.958761196337859e-01
  1.460000000000000e+01,  5.511264816345200e-01,  3.821223989918399e-02,  2.870007395865702e-01, -1.113424146838282e-01,  1.580831849875150e-01,  1.949898034663940e-01
  1.461000000000000e+01,  5.555028084063419e-01,  3.872041633182932e-02,  2.887728779693579e-01, -1.121873773398427e-01,  1.593150809226367e-01,  1.940981490907667e-01
  1.462000000000000e+01,  5.598569549040706e-01,  3.923363142632108e-02,  2.904995421421674e-01, -1.130171840452337e-01,  1.604953526651416e-01,  1.932047282985935e-01
  1.463000000000000e+01,  5.641877102140880e-01,  3.975119653947212e-02,  2.921786724964263e-01, -1.138306292234995e-01,  1.616238778107256e-01,  1.923128999550613e-01
  1.464000000000000e+01,  5.684935474153593e-01,  4.027239955213724e-02,  2.938084633416362e-01, -1.146265843424846e-01,  1.627006679667843e-01,  1.914258089474504e-01
  1.465000000000000e+01,  5.727726609673539e-01,  4.079650741124863e-02,  2.953873613209171e-01, -1.154039990671571e-01,  1.637258621126300e-01,  1.905463857640114e-01
  1.466000000000000e+01,  5.770230033822766e-01,  4.132276878974173e-02,  2.969140624883346e-01, -1.161619030274146e-01,  1.646997207189832e-01,  1.896773453893302e-01
  1.467000000000000e+01,  5.812423207129807e-01,  4.185041688024027e-02,  2.983875079251482e-01, -1.168994075050537e-01,  1.656226200990547e-01,  1.888211860805664e-01
  1.468000000000000e+01,  5.854281865993387e-01,  4.237867250889948e-02,  2.998068779319219e-01, -1.176157064664363e-01,  1.664950462440729e-01,  1.879801889097248e-01
  1.469000000000000e+01,  5.895780348010403e-01,  4.290674783011839e-02,  3.011715847641370e-01, -1.183100769011870e-01,  1.673175879696861e-01,  1.871564193330729e-01
  1.470000000000000e+01,  5.936891902715610e-01,  4.343385082038909e-02,  3.024812633142428e-01, -1.189818788744877e-01,  1.680909299246705e-01,  1.863517324372565e-01
  1.471000000000000e+01,  5.977588992906064e-01,  4.395919052150532e-02,  3.037357593636656e-01, -1.196305555144495e-01,  1.688158462757420e-01,  1.855677820329828e-01
  1.472000000000000e+01,  6.017843593429809e-01,  4.448198269079739e-02,  3.049351166567200e-01, -1.202556325890130e-01,  1.694931956064331e-01,  1.848060310305851e-01
  1.473000000000000e+01,  6.057627489497101e-01,  4.500145564522606e-02,  3.060795647685165e-01, -1.208567170538033e-01,  1.701239164644362e-01,  1.840677606638572e-01
  1.474000000000000e+01,  6.096912571635859e-01,  4.551685647281456e-02,  3.071695073996957e-01, -1.214334944682562e-01,  1.707090225197542e-01,  1.833540800475144e-01
  1.475000000000000e+01,  6.135671124536650e-01,  4.602745743354375e-02,  3.082055082964057e-01, -1.219857255951989e-01,  1.712495973324735e-01,  1.826659388227645e-01
  1.476000000000000e+01,  6.173876439152679e-01,  4.653294029198807e-02,  3.091875559258419e-01, -1.225133689308341e-01,  1.717467370857921e-01,  1.820044945830779e-01
  1.477000000000000e+01,  6.211501337425744e-01,  4.703182972714748e-02,  3.101180076892948e-01, -1.230160674983573e-01,  1.722017677748543e-01,  1.813696822863645e-01
  1.478000000000000e+01,  6.248521945258582e-01,  4.752393475357475e-02,  3.109969918552502e-01, -1.234939030506427e-01,  1.726158813218502e-01,  1.807624514793343e-01
  1.479000000000000e+01,  6.284914894531655e-01,  4.800868138665515e-02,  3.118255220235954e-01, -1.239468859360416e-01,  1.729903808373885e-01,  1.801832563827866e-01
  1.480000000000000e+01,  6.320658531585776e-01,  4.848554197186550e-02,  3.126046840587593e-01, -1.243750746871556e-01,  1.733266060554015e-01,  1.796324524121861e-01
  1.481000000000000e+01,  6.355755420252618e-01,  4.895402763546808e-02,  3.133360371445200e-01, -1.247781957389923e-01,  1.736257955761216e-01,  1.791096591422953e-01
  1.482000000000000e+01,  6.390144219225421e-01,  4.941357928089007e-02,  3.140201407494188e-01, -1.251571364469622e-01,  1.738896225543592e-01,  1.786163702849111e-01
  1.483000000000000e+01,  6.423831418514561e-01,  4.986398335528275e-02,  3.146583813158894e-01, -1.255117092120898e-01,  1.741193429700334e-01,  1.781520386232710e-01
  1.484000000000000e+01,  6.456775547747565e-01,  5.030543306259716e-02,  3.152509252310378e-01, -1.258425725451159e-01,  1.743164763710183e-01,  1.777171609783544e-01
  1.485000000000000e+01,  6.489017076203327e-01,  5.073686887469786e-02,  3.158008752583774e-01, -1.261491692833335e-01,  1.744822678593410e-01,  1.773106121817202e-01
  1.486000000000000e+01,  6.520510711175348e-01,  5.115881776221243e-02,  3.163082094445774e-01, -1.264322596509576e-01,  1.746182587563521e-01,  1.769325296230372e-01
  1.487000000000000e+01,  6.551265086575070e-01,  5.157050236207539e-02,  3.167748011119092e-01, -1.266921616789730e-01,  1.747259046602029e-01,  1.765831919182327e-01
  1.488000000000000e+01,  6.581256139304876e-01,  5.197241427871369e-02,  3.172012332972425e-01, -1.269293970406709e-01,  1.748066660548950e-01,  1.762619064879781e-01
  1.489000000000000e+01,  6.610491105023922e-01,  5.236408807554294e-02,  3.175893192100088e-01, -1.271442514029373e-01,  1.748619629659721e-01,  1.759683526954041e-01
  1.490000000000000e+01,  6.638948436340592e-01,  5.274594527863430e-02,  3.179398075935264e-01, -1.273373991923364e-01,  1.748932801402208e-01,  1.757017296940429e-01
  1.491000000000000e+01,  6.666629274436671e-01,  5.311775608156921e-02,  3.182543131608636e-01, -1.275093131044353e-01,  1.749020506268054e-01,  1.754614528174555e-01
  1.492000000000000e+01,  6.693516688852045e-01,  5.347977189449193e-02,  3.185339847829136e-01, -1.276606894067114e-01,  1.748897480613596e-01,  1.752464685041135e-01
  1.493000000000000e+01,  6.719597100877553e-01,  5.383210616065837e-02,  3.187802200475544e-01, -1.277922182513939e-01,  1.748578334077532e-01,  1.750556557854656e-01
  1.494000000000000e+01,  6.744855613614993e-01,  5.417486923721504e-02,  3.189945036208931e-01, -1.279046221997079e-01,  1.748077598758242e-01,  1.748877589026990e-01
  1.495000000000000e+01,  6.769276720524197e-01,  5.450816225658195e-02,  3.191784023287647e-01, -1.279986401197188e-01,  1.747409638352343e-01,  1.747414233433874e-01
  1.496000000000000e+01,  6.792845233618163e-01,  5.483207514138022e-02,  3.193335520456904e-01, -1.280750103001763e-01,  1.746588543850124e-01,  1.746152355548388e-01
  1.497000000000000e+01,  6.815547222571514e-01,  5.514668899845643e-02,  3.194616368942985e-01, -1.281344552265449e-01,  1.745628033533512e-01,  1.745077608582737e-01
  1.498000000000000e+01,  6.837370810311291e-01,  5.545208129661994e-02,  3.195643626261701e-01, -1.281776694785175e-01,  1.744541366428745e-01,  1.744175776919445e-01
  1.499000000000000e+01,  6.858306734191707e-01,  5.574833189658857e-02,  3.196434287212668e-01, -1.282053113084066e-01,  1.743341267967074e-01,  1.743433059627779e-01
  1.500000000000000e+01,  6.878351556039054e-01,  5.603544533535176e-02,  3.197006008895457e-01, -1.282179677116360e-01,  1.742039807366492e-01,  1.742836749201895e-01
  1.501000000000000e+01,  6.897495706434379e-01,  5.631369556522636e-02,  3.197372959972735e-01, -1.282162760285034e-01,  1.740648616129215e-01,  1.742373356228451e-01
  1.502000000000000e+01,  6.915742162129929e-01,  5.658310535696853e-02,  3.197551723661430e-01, -1.282007319759195e-01,  1.739178455159770e-01,  1.742031818839613e-01
  1.503000000000000e+01,  6.933093307096720e-01,  5.684380465449146e-02,  3.197557075280305e-01, -1.281718227625165e-01,  1.737639492873487e-01,  1.741801386014228e-01
  1.504000000000000e+01,  6.949556509517467e-01,  5.709584821749414e-02,  3.197404004967213e-01, -1.281299729521238e-01,  1.736041198529499e-01,  1.741672736097918e-01
  1.505000000000000e+01,  6.965133377377292e-01,  5.733959847088022e-02,  3.197103333922581e-01, -1.280756380357146e-01,  1.734392463905385e-01,  1.741635772726363e-01
  1.506000000000000e+01,  6.979835869819477e-01,  5.757513381543444e-02,  3.196668499378501e-01, -1.280091585076180e-01,  1.732701418425893e-01,  1.741682907265697e-01
  1.507000000000000e+01,  6.993674678274995e-01,  5.780264835987814e-02,  3.196111003894295e-01, -1.279308616266788e-01,  1.730975580161568e-01,  1.741806705776756e-01
  1.508000000000000e+01,  7.006665202288549e-01,  5.802222925200495e-02,  3.195443562759593e-01, -1.278409736871225e-01,  1.729221746415999e-01,  1.742000084898009e-01
  1.509000000000000e+01,  7.018813663790942e-01,  5.823434741384315e-02,  3.194672242687309e-01, -1.277398627296267e-01,  1.727446304036636e-01,  1.742257473275264e-01
  1.510000000000000e+01,  7.030137882897293e-01,  5.843909872654107e-02,  3.193808515893425e-01, -1.276276697259663e-01,  1.725654778682036e-01,  1.742573190208197e-01
  1.511000000000000e+01,  7.040652726937991e-01,  5.863671483623678e-02,  3.192861195539130e-01, -1.275045547365335e-01,  1.723852159778869e-01,  1.742942451814199e-01
  1.512000000000000e+01,  7.050373479310565e-01,  5.882743388902334e-02,  3.191838460700749e-01, -1.273706362240738e-01,  1.722042840863984e-01,  1.743361130612441e-01
  1.513000000000000e+01,  7.059316477272187e-01,  5.901138877250678e-02,  3.190747486089954e-01, -1.272261114212687e-01,  1.720230956528163e-01,  1.743829571598797e-01
  1.514000000000000e+01,  7.067495262240169e-01,  5.918904835641836e-02,  3.189596034439515e-01, -1.270707791692962e-01,  1.718419124299758e-01,  1.744337155515381e-01
  1.515000000000000e+01,  7.074926561758705e-01,  5.936053126586693e-02,  3.188390475240729e-01, -1.269047466145695e-01,  1.716610358256762e-01,  1.744885405174898e-01
  1.516000000000000e+01,  7.081625600005046e-01,  5.952606835428420e-02,  3.187137026604062e-01, -1.267279641698508e-01,  1.714806822741313e-01,  1.745472545661969e-01
  1.517000000000000e+01,  7.087607078138662e-01,  5.968588797017493e-02,  3.185841448715859e-01, -1.265403421533170e-01,  1.713010157006561e-01,  1.746097349825476e-01
  1.518000000000000e+01,  7.092900233408975e-01,  5.984001018061380e-02,  3.184519764972772e-01, -1.263411610069084e-01,  1.711219994890719e-01,  1.746744591611419e-01
  1.519000000000000e+01,  7.097487525568756e-01,  5.998907357418104e-02,  3.183155236042218e-01, -1.261314318664863e-01,  1.709439962236623e-01,  1.747443452018740e-01
  1.520000000000000e+01,  7.101397056534435e-01,  6.013306623824599e-02,  3.181763391670108e-01, -1.259103524192052e-01,  1.707668614808614e-01,  1.748179703218133e-01
  1.521000000000000e+01,  7.104640475977163e-01,  6.027218027589631e-02,  3.180348587691953e-01, -1.256776621278956e-01,  1.705905499133501e-01,  1.748954251624929e-01
  1.522000000000000e+01,  7.107228220013637e-01,  6.040660298862011e-02,  3.178914743418527e-01, -1.254330616414467e-01,  1.704149631404342e-01,  1.749768567455085e-01
  1.523000000000000e+01,  7.109169554415223e-01,  6.053651040817454e-02,  3.177465454960151e-01, -1.251762087351548e-01,  1.702399496150132e-01,  1.750624626288533e-01
  1.524000000000000e+01,  7.110472497217200e-01,  6.066206566756360e-02,  3.176004014145896e-01, -1.249067183003587e-01,  1.700653054501721e-01,  1.751524876672279e-01
  1.525000000000000e+01,  7.111143748104340e-01,  6.078341753107375e-02,  3.174533427338904e-01, -1.246241627794166e-01,  1.698907757957545e-01,  1.752472206287644e-01
  1.526000000000000e+01,  7.111188621659629e-01,  6.090069926478203e-02,  3.173056426023259e-01, -1.243280731956654e-01,  1.697160562599435e-01,  1.753469918474665e-01
  1.527000000000000e+01,  7.110610983561706e-01,  6.101402789767918e-02,  3.171575471119073e-01, -1.240179404304324e-01,  1.695407937813851e-01,  1.754521712970553e-01
  1.528000000000000e+01,  7.109413192718357e-01,  6.112350350689444e-02,  3.170092758588913e-01, -1.236932163844477e-01,  1.693645872375391e-01,  1.755631666654799e-01
  1.529000000000000e+01,  7.107588165206477e-01,  6.122918203544758e-02,  3.168604931627290e-01, -1.233537427514098e-01,  1.691870705503351e-01,  1.756814946344785e-01
  1.530000000000000e+01,  7.105151530016220e-01,  6.133116088586954e-02,  3.167124750729700e-01, -1.229980225584421e-01,  1.690075787036312e-01,  1.758054499462491e-01
  1.531000000000000e+01,  7.102092287721461e-01,  6.142947875873550e-02,  3.165647806000164e-01, -1.226258442716555e-01,  1.688256611761395e-01,  1.759366584992678e-01
  1.532000000000000e+01,  7.098406405950493e-01,  6.152415784279208e-02,  3.164175295446220e-01, -1.222365123919553e-01,  1.686407351981344e-01,  1.760756619136107e-01
  1.533000000000000e+01,  7.094088156679413e-01,  6.161519970548279e-02,  3.162708160735885e-01, -1.218292974986386e-01,  1.684521757082919e-01,  1.762230300411992e-01
  1.534000000000000e+01,  7.089130132298868e-01,  6.170258308340615e-02,  3.161247121171555e-01, -1.214034356452164e-01,  1.682593159306972e-01,  1.763793576444055e-01
  1.535000000000000e+01,  7.083523235012092e-01,  6.178626349491445e-02,  3.159792668077041e-01, -1.209581287101046e-01,  1.680614478610030e-01,  1.765452633250952e-01
  1.536000000000000e+01,  7.077256672587885e-01,  6.186617296234909e-02,  3.158345058794021e-01, -1.204925448077236e-01,  1.678578224334145e-01,  1.767213889744498e-01
  1.537000000000000e+01,  7.070317961948942e-01,  6.194222010779526e-02,  3.156904315562303e-01, -1.200058186468159e-01,  1.676476493667185e-01,  1.769083984223235e-01
  1.538000000000000e+01,  7.062692941306417e-01,  6.201429077165899e-02,  3.155470213979259e-01, -1.194970519551042e-01,  1.674300972749894e-01,  1.771069757529961e-01
  1.539000000000000e+01,  7.054369739703772e-01,  6.208209414847365e-02,  3.154045297640264e-01, -1.189651851331761e-01,  1.672042755922470e-01,  1.773176819314995e-01
  1.540000000000000e+01,  7.045323221934712e-01,  6.214576879780687e-02,  3.152622858136770e-01, -1.184095118042050e-01,  1.669693090055988e-01,  1.775415233553810e-01
  1.541000000000000e+01,  7.035538084080817e-01,  6.220498909327432e-02,  3.151204744719225e-01, -1.178289128929917e-01,  1.667242276406773e-01,  1.777790854559288e-01
  1.542000000000000e+01,  7.024993728366761e-01,  6.225954900032948e-02,  3.149789646527906e-01, -1.172223673774662e-01,  1.664680410007724e-01,  1.780311090491950e-01
  1.543000000000000e+01,  7.013668041458838e-01,  6.230922017021556e-02,  3.148375983010868e-01, -1.165888267592482e-01,  1.661997198368393e-01,  1.782983401096065e-01
  1.544000000000000e+01,  7.001537467028653e-01,  6.235375172411328e-02,  3.146961915913282e-01, -1.159272155726488e-01,  1.659181959509618e-01,  1.785815244438495e-01
  1.545000000000000e+01,  6.988577082234686e-01,  6.239287099049351e-02,  3.145545349063615e-01, -1.152364316482566e-01,  1.656223620038345e-01,  1.788814011449507e-01
  1.546000000000000e+01,  6.974760685412638e-01,  6.242628434429109e-02,  3.144123917141453e-01, -1.145153462332068e-01,  1.653110714297014e-01,  1.791986973419918e-01
  1.547000000000000e+01,  6.960060894213070e-01,  6.245367787790723e-02,  3.142694962661650e-01, -1.137628040811856e-01,  1.649831383519450e-01,  1.795341249845177e-01
  1.548000000000000e+01,  6.944449255266962e-01,  6.247471790677417e-02,  3.141255510268769e-01, -1.129776235977291e-01,  1.646373374936621e-01,  1.798883790023937e-01
  1.549000000000000e+01,  6.927896365228801e-01,  6.248905135887739e-02,  3.139802243500856e-01, -1.121585971405686e-01,  1.642724039822719e-01,  1.802621366332359e-01
  1.550000000000000e+01,  6.910374156572197e-01,  6.249616215760123e-02,  3.138332799045878e-01, -1.113044937689762e-01,  1.638870399910001e-01,  1.806561870307808e-01
  1.551000000000000e+01,  6.891847759714980e-01,  6.249593456114177e-02,  3.136840586768027e-01, -1.104140487378912e-01,  1.634798868991420e-01,  1.810709268525132e-01
  1.552000000000000e+01,  6.872287649261845e-01,  6.248782772336869e-02,  3.135322313358896e-01, -1.094859821822899e-01,  1.630495664613797e-01,  1.815071000376945e-01
  1.553000000000000e+01,  6.851662126297637e-01,  6.247141480496166e-02,  3.133773036719014e-01, -1.085189850744779e-01,  1.625946531211738e-01,  1.819653142723157e-01
  1.554000000000000e+01,  6.829939364568876e-01,  6.244625304569063e-02,  3.132187327240199e-01, -1.075117226714386e-01,  1.621136796813594e-01,  1.824461577563657e-01
  1.555000000000000e+01,  6.807087639954503e-01,  6.241188436250678e-02,  3.130559245436554e-01, -1.064628338611387e-01,  1.616051364785878e-01,  1.829501985815278e-01
  1.556000000000000e+01,  6.783075567225541e-01,  6.236783678304914e-02,  3.128882311555169e-01, -1.053709309923385e-01,  1.610674711915631e-01,  1.834779842730230e-01
  1.557000000000000e+01,  6.757872347941912e-01,  6.231362615647607e-02,  3.127149480270946e-01, -1.042346001281418e-01,  1.604990888502309e-01,  1.840300409804016e-01
  1.558000000000000e+01,  6.731452079519643e-01,  6.224861786053792e-02,  3.125354990796559e-01, -1.030523419269801e-01,  1.598983410269262e-01,  1.846069047696538e-01
  1.559000000000000e+01,  6.703778436589998e-01,  6.217257283272848e-02,  3.123487069420421e-01, -1.018228039043514e-01,  1.592635676866647e-01,  1.852089991046857e-01
  1.560000000000000e+01,  6.674827460074791e-01,  6.208485005991582e-02,  3.121538651842643e-01, -1.005444459597659e-01,  1.585930397203267e-01,  1.858368027617733e-01
  1.561000000000000e+01,  6.644573344702593e-01,  6.198492400534605e-02,  3.119500411191595e-01, -9.921575974849352e-02,  1.578849979796778e-01,  1.864907441925946e-01
  1.562000000000000e+01,  6.612992133471274e-01,  6.187225729733203e-02,  3.117362498591778e-01, -9.783521881035379e-02,  1.571376464539609e-01,  1.871712228497172e-01
  1.563000000000000e+01,  6.580061887050784e-01,  6.174629759223982e-02,  3.115114628748254e-01, -9.640128175140042e-02,  1.563491539508844e-01,  1.878786033384532e-01
  1.564000000000000e+01,  6.545762742777570e-01,  6.160647413125719e-02,  3.112746195125451e-01, -9.491239686131155e-02,  1.555176560417159e-01,  1.886132054822829e-01
  1.565000000000000e+01,  6.510076841649289e-01,  6.145219375608990e-02,  3.110246407009798e-01, -9.336700859328850e-02,  1.546412585655708e-01,  1.893752903375076e-01
  1.566000000000000e+01,  6.472988096023289e-01,  6.128283683658742e-02,  3.107604440229324e-01, -9.176356645963622e-02,  1.537180434153634e-01,  1.901650413857625e-01
  1.567000000000000e+01,  6.434481795212453e-01,  6.109775390331107e-02,  3.104809604750503e-01, -9.010053681246095e-02,  1.527460761570214e-01,  1.909825394686463e-01
  1.568000000000000e+01,  6.394544083345036e-01,  6.089626378088653e-02,  3.101851528721811e-01, -8.837641745776130e-02,  1.517234149564769e-01,  1.918277312339125e-01
  1.569000000000000e+01,  6.353161381482723e-01,  6.067765367763389e-02,  3.098720341291080e-01, -8.658975443618076e-02,  1.506481207833106e-01,  1.927003934813548e-01
  1.570000000000000e+01,  6.310319856279399e-01,  6.044118136678867e-02,  3.095406832470911e-01, -8.473916004501875e-02,  1.495182685866133e-01,  1.936000976468564e-01
  1.571000000000000e+01,  6.266005045958243e-01,  6.018607948298649e-02,  3.091902571428820e-01, -8.282333072564657e-02,  1.483319583107593e-01,  1.945261790473133e-01
  1.572000000000000e+01,  6.220201728386139e-01,  5.991156191870739e-02,  3.088199961393024e-01, -8.084106282772015e-02,  1.470873244068537e-01,  1.954777147461693e-01
  1.573000000000000e+01,  6.172885206073274e-01,  5.961709402656679e-02,  3.084288981835957e-01, -7.879139508094012e-02,  1.457825770247722e-01,  1.964534181879700e-01
  1.574000000000000e+01,  6.124058255281746e-01,  5.930133075123578e-02,  3.080170242122610e-01, -7.667308029558136e-02,  1.444158676571169e-01,  1.974520393553426e-01
  1.575000000000000e+01,  6.073695328861692e-01,  5.896375330685499e-02,  3.075835039834203e-01, -7.448541204744306e-02,  1.429855121700803e-01,  1.984717279872321e-01
  1.576000000000000e+01,  6.021781637806812e-01,  5.860358152999923e-02,  3.071278528336697e-01, -7.222766750829480e-02,  1.414898420846844e-01,  1.995104932010929e-01
  1.577000000000000e+01,  5.968304207591310e-01,  5.822005034838584e-02,  3.066496378859805e-01, -6.989924701033982e-02,  1.399272448833209e-01,  2.005661019053226e-01
  1.578000000000000e+01,  5.913246336582016e-01,  5.781266411824926e-02,  3.061483547704807e-01, -6.749962930904009e-02,  1.382961448689315e-01,  2.016356636259328e-01
  1.579000000000000e+01,  5.856613980477263e-01,  5.738015073823499e-02,  3.056239576295796e-01, -6.502853542416442e-02,  1.365950927641138e-01,  2.027173836385567e-01
  1.580000000000000e+01,  5.798363236255561e-01,  5.692254392899687e-02,  3.050747488426568e-01, -6.248648525118700e-02,  1.348229794100827e-01,  2.038091710649653e-01
  1.581000000000000e+01,  5.738558143077388e-01,  5.643826223446369e-02,  3.045030353442419e-01, -5.987182340625647e-02,  1.329778026148999e-01,  2.049054451776549e-01
  1.582000000000000e+01,  5.677169345186820e-01,  5.592724162826190e-02,  3.039071991643930e-01, -5.718536871377336e-02,  1.310585985568280e-01,  2.060041706791017e-01
  1.583000000000000e+01,  5.614205031696304e-01,  5.538894174393194e-02,  3.032870255984310e-01, -5.442727702744144e-02,  1.290641649061107e-01,  2.071019054446575e-01
  1.584000000000000e+01,  5.549712927996185e-01,  5.482302416610674e-02,  3.026426318124508e-01, -5.159705862559014e-02,  1.269928835028488e-01,  2.081939585655314e-01
  1.585000000000000e+01,  5.483644389051473e-01,  5.422888425683303e-02,  3.019730730390672e-01, -4.869665494848530e-02,  1.248446685604843e-01,  2.092788251701216e-01
  1.586000000000000e+01,  5.416055138003349e-01,  5.360616153073505e-02,  3.012788209511365e-01, -4.572586716685899e-02,  1.226181549038344e-01,  2.103514099565972e-01
  1.587000000000000e+01,  5.346973331378363e-01,  5.295455284398298e-02,  3.005598596513204e-01, -4.268539400822399e-02,  1.203125305741702e-01,  2.114076388256641e-01
  1.588000000000000e+01,  5.276438702900847e-01,  5.227416572052479e-02,  2.998155253326694e-01, -3.957608885386792e-02,  1.179269567417937e-01,  2.124437636853344e-01
  1.589000000000000e+01,  5.204478768936232e-01,  5.156422930271565e-02,  2.990472189876136e-01, -3.639888711355647e-02,  1.154611080524375e-01,  2.134545754590681e-01
  1.590000000000000e+01,  5.131142693604549e-01,  5.082497401496222e-02,  2.982544532450045e-01, -3.315495830887932e-02,  1.129144333122519e-01,  2.144360852204964e-01
  1.591000000000000e+01,  5.056479933410463e-01,  5.005644195753467e-02,  2.974374018187174e-01, -2.984558156473655e-02,  1.102866266635190e-01,  2.153837941253849e-01
  1.592000000000000e+01,  4.980545354369407e-01,  4.925878192542532e-02,  2.965962782279046e-01, -2.647217997836748e-02,  1.075775253645183e-01,  2.162931488144958e-01
  1.593000000000000e+01,  4.903399240207314e-01,  4.843225819079588e-02,  2.957313307843185e-01, -2.303631878798927e-02,  1.047871160246754e-01,  2.171595684914278e-01
  1.594000000000000e+01,  4.825107282329264e-01,  4.757725869841645e-02,  2.948428381474281e-01, -1.953970341830812e-02,  1.019155416539507e-01,  2.179784746439670e-01
  1.595000000000000e+01,  4.745740549915069e-01,  4.669430255572826e-02,  2.939311053162865e-01, -1.598417711836047e-02,  9.896310949278668e-02,  2.187453233293850e-01
  1.596000000000000e+01,  4.665375444195979e-01,  4.578404638405509e-02,  2.929964600519461e-01, -1.237171785454566e-02,  9.593029909060968e-02,  2.194556395397573e-01
  1.597000000000000e+01,  4.584093635658783e-01,  4.484728929963122e-02,  2.920392493306729e-01, -8.704434534282756e-03,  9.281777081382754e-02,  2.201050530607824e-01
  1.598000000000000e+01,  4.501981970133676e-01,  4.388497673315883e-02,  2.910598346660153e-01, -4.984563251844035e-03,  8.962637534203194e-02,  2.206893366156069e-01
  1.599000000000000e+01,  4.419154586103894e-01,  4.289843687761086e-02,  2.900578762891625e-01, -1.214066739299335e-03,  8.635675788745112e-02,  2.212050110058532e-01
  1.600000000000000e+01,  4.335671434490003e-01,  4.188853979272200e-02,  2.890349277868219e-01,  2.603946134943086e-03,  8.301080861235240e-02,  2.216472986016220e-01
  1.601000000000000e+01,  4.251645417978440e-01,  4.085672246912853e-02,  2.879910578808110e-01,  6.467042995490608e-03,  7.958988072807964e-02,  2.220129691077749e-01
  1.602000000000000e+01,  4.167185893246740e-01,  3.980463008561719e-02,  2.869264653818933e-01,  1.037259362423755e-02,  7.609558333686328e-02,  2.222988192535241e-01
  1.603000000000000e+01,  4.082402755528592e-01,  3.873396457749556e-02,  2.858415074941146e-01,  1.431777848710023e-02,  7.252987234790709e-02,  2.225018966318797e-01
  1.604000000000000e+01,  3.997409598698672e-01,  3.764658036759361e-02,  2.847365276055936e-01,  1.829967041366417e-02,  6.889495832841758e-02,  2.226195971827425e-01
  1.605000000000000e+01,  3.912323282680582e-01,  3.654448438544899e-02,  2.836118498414837e-01,  2.231523762065137e-02,  6.519331765765828e-02,  2.226496895154765e-01
  1.606000000000000e+01,  3.827271474943544e-01,  3.542983243250619e-02,  2.824675976884360e-01,  2.636149798911775e-02,  6.142755639027891e-02,  2.225905715644038e-01
  1.607000000000000e+01,  3.742361256615103e-01,  3.430492986583178e-02,  2.813043758923347e-01,  3.043494561845876e-02,  5.760097667225033e-02,  2.224403784870268e-01
  1.608000000000000e+01,  3.657722766823494e-01,  3.317224750940384e-02,  2.801222590005074e-01,  3.453238377584685e-02,  5.371678134727286e-02,  2.221982913364640e-01
  1.609000000000000e+01,  3.573480286673892e-01,  3.203439666079699e-02,  2.789214582562728e-01,  3.865042252769350e-02,  4.977857990415919e-02,  2.218636762597754e-01
  1.610000000000000e+01,  3.489757074355222e-01,  3.089412400009861e-02,  2.777020561107053e-01,  4.278550044404567e-02,  4.579033376836294e-02,  2.214364807772251e-01
  1.611000000000000e+01,  3.406676409209014e-01,  2.975433186119925e-02,  2.764641502414460e-01,  4.693404756217624e-02,  4.175625194892748e-02,  2.209169668118981e-01
  1.612000000000000e+01,  3.324359236963092e-01,  2.861806618554374e-02,  2.752077977920219e-01,  5.109238260691092e-02,  3.768085808978186e-02,  2.203058523458377e-01
  1.613000000000000e+01,  3.242923543892638e-01,  2.748852074566810e-02,  2.739330494370102e-01,  5.525674017417193e-02,  3.356896562862380e-02,  2.196042551745114e-01
  1.614000000000000e+01,  3.162483294571216e-01,  2.636903584088701e-02,  2.726399655811289e-01,  5.942327102012229e-02,  2.942566853020262e-02,  2.188136696853735e-01
  1.615000000000000e+01,  3.083147339245516e-01,  2.526309708063801e-02,  2.713286339261851e-01,  6.358804206627024e-02,  2.525632907601582e-02,  2.179359397529090e-01
  1.616000000000000e+01,  3.005022969966160e-01,  2.417426957657409e-02,  2.699991101032809e-01,  6.774712040645660e-02,  2.106646388910871e-02,  2.169734147736832e-01
  1.617000000000000e+01,  2.928196687041963e-01,  2.310643962786529e-02,  2.686517292447381e-01,  7.189624313594647e-02,  1.686211694561632e-02,  2.159282152058631e-01
  1.618000000000000e+01,  2.852759848875432e-01,  2.206345655995778e-02,  2.672866733723519e-01,  7.603129901782198e-02,  1.264928148901481e-02,  2.148032512368784e-01
  1.619000000000000e+01,  2.778790441342224e-01,  2.104934524451196e-02,  2.659042602213978e-01,  8.014801350825755e-02,  8.434250155082052e-03,  2.136015378152727e-01
  1.620000000000000e+01,  2.706356505326072e-01,  2.006823594453300e-02,  2.645048733387132e-01,  8.424202458570458e-02,  4.223513010234958e-03,  2.123263456075640e-01
  1.621000000000000e+01,  2.635515466287893e-01,  1.912434449829625e-02,  2.630889647645048e-01,  8.830888355678294e-02,  2.374313822923940e-05,  2.109811868247877e-01
  1.622000000000000e+01,  2.566313612550484e-01,  1.822194984279180e-02,  2.616570605358465e-01,  9.234405812682941e-02, -4.158218484862990e-03,  2.095697989071463e-01
  1.623000000000000e+01,  2.498785749809267e-01,  1.736536727632276e-02,  2.602097657380412e-01,  9.634293788692387e-02, -8.315378791499451e-03,  2.080961302887961e-01
  1.624000000000000e+01,  2.432955040088427e-01,  1.655891569295020e-02,  2.587477661708146e-01,  1.003008418104321e-01, -1.244060900033545e-02,  2.065643316348098e-01
  1.625000000000000e+01,  2.368833008156733e-01,  1.580687782866264e-02,  2.572718258785490e-01,  1.042130273613435e-01, -1.652666161083190e-02,  2.049787539766542e-01
  1.626000000000000e+01,  2.306419698911058e-01,  1.511345240233464e-02,  2.557827806126082e-01,  1.080747006778819e-01, -2.056618723207904e-02,  2.033439550436426e-01
  1.627000000000000e+01,  2.245703986407386e-01,  1.448269761171361e-02,  2.542815281905249e-01,  1.118810274467344e-01, -2.455175091058020e-02,  2.016647129464748e-01
  1.628000000000000e+01,  2.186664033364228e-01,  1.391846741074554e-02,  2.527690177798904e-01,  1.156271449787165e-01, -2.847584931149648e-02,  1.999460443414700e-01
  1.629000000000000e+01,  2.129267888020138e-01,  1.342434202167686e-02,  2.512462390625428e-01,  1.193081762880637e-01, -3.233093101281351e-02,  1.981932275406107e-01
  1.630000000000000e+01,  2.073474210870781e-01,  1.300355305440615e-02,  2.497142107307130e-01,  1.229192466551467e-01, -3.610942116317915e-02,  1.964118327879298e-01
  1.631000000000000e+01,  2.019228724772033e-01,  1.265902710834599e-02,  2.481740061019397e-01,  1.264554201373301e-01, -3.980365292820087e-02,  1.946075910654845e-01
  1.632000000000000e+01,  1.966483178963402e-01,  1.239280683035227e-02,  2.466265729016677e-01,  1.299120629652672e-01, -4.340630293128065e-02,  1.927871135715256e-01
  1.633000000000000e+01,  1.915168983219224e-01,  1.220673106760151e-02,  2.450729666540581e-01,  1.332843556204854e-01, -4.690981001380976e-02,  1.909568727184557e-01
  1.634000000000000e+01,  1.865217049937709e-01,  1.210184856192686e-02,  2.435141559826788e-01,  1.365676807595931e-01, -5.030684768091451e-02,  1.891239419088269e-01
  1.635000000000000e+01,  1.816554348207832e-01,  1.207848306963233e-02,  2.419510491222681e-01,  1.397575770863591e-01, -5.359026882125625e-02,  1.872958237870945e-01
  1.636000000000000e+01,  1.769100353885475e-01,  1.213632338259063e-02,  2.403844528905128e-01,  1.428496754045858e-01, -5.675315829966666e-02,  1.854803498768673e-01
  1.637000000000000e+01,  1.722788389358403e-01,  1.227381235671698e-02,  2.388151545668581e-01,  1.458402202541013e-01, -5.978892844562904e-02,  1.836860565912204e-01
  1.638000000000000e+01,  1.677536812431028e-01,  1.248900824760013e-02,  2.372437430102994e-01,  1.487254258832938e-01, -6.269136439639184e-02,  1.819215601249912e-01
  1.639000000000000e+01,  1.633257686872392e-01,  1.277931136594912e-02,  2.356707812545183e-01,  1.515017455164002e-01, -6.545449674413750e-02,  1.801955383512706e-01
  1.640000000000000e+01,  1.589906882614272e-01,  1.314030487239681e-02,  2.340964654896915e-01,  1.541669333510847e-01, -6.807357180764018e-02,  1.785180368793218e-01
  1.641000000000000e+01,  1.547402124688976e-01,  1.356787295291983e-02,  2.325210868508620e-01,  1.567183828626878e-01, -7.054374639036816e-02,  1.768980634151959e-01
  1.642000000000000e+01,  1.505681433870847e-01,  1.405683472943453e-02,  2.309447147512501e-01,  1.591543701197191e-01, -7.286113031264364e-02,  1.753450676721476e-01
  1.643000000000000e+01,  1.464689352899649e-01,  1.460140588973191e-02,  2.293672984966393e-01,  1.614737989763149e-01, -7.502261223638720e-02,  1.738683795432507e-01
  1.644000000000000e+01,  1.424362625055900e-01,  1.519559419125449e-02,  2.277886880876805e-01,  1.636758730865025e-01, -7.702574877974636e-02,  1.724768307466598e-01
  1.645000000000000e+01,  1.384693482230788e-01,  1.583212085773655e-02,  2.262086815096716e-01,  1.657616479053264e-01, -7.886956472970473e-02,  1.711794892735321e-01
  1.646000000000000e+01,  1.345597217548746e-01,  1.650502266701848e-02,  2.246271547635002e-01,  1.677308651729878e-01, -8.055285081694769e-02,  1.699835107172613e-01
  1.647000000000000e+01,  1.307124856185595e-01,  1.720604603859677e-02,  2.230436595202613e-01,  1.695868982502294e-01, -8.207749481906276e-02,  1.688972036063978e-01
  1.648000000000000e+01,  1.269218339555968e-01,  1.792895932385274e-02,  2.214582263806071e-01,  1.713311271060391e-01, -8.344434285392460e-02,  1.679260297504354e-01
  1.649000000000000e+01,  1.231868634069640e-01,  1.866697516568583e-02,  2.198708689566541e-01,  1.729665124834411e-01, -8.465595888734184e-02,  1.670749989764549e-01
  1.650000000000000e+01,  1.195073649268888e-01,  1.941358680642313e-02,  2.182817790726778e-01,  1.744965980307233e-01, -8.571587540979179e-02,  1.663478638430805e-01
  1.651000000000000e+01,  1.158837500763611e-01,  2.016266906794817e-02,  2.166913679452636e-01,  1.759254436056815e-01, -8.662854959979725e-02,  1.657470283077118e-01
  1.652000000000000e+01,  1.123169686720498e-01,  2.090856035969946e-02,  2.151002999494423e-01,  1.772575479895324e-01, -8.739930114794330e-02,  1.652734942951501e-01
  1.653000000000000e+01,  1.088084212413076e-01,  2.164612484699724e-02,  2.135095163551116e-01,  1.784977643280357e-01, -8.803423378874044e-02,  1.649268494495388e-01
  1.654000000000000e+01,  1.053581975289409e-01,  2.237088930470055e-02,  2.119201127725560e-01,  1.796507898506715e-01, -8.853981571980209e-02,  1.647054243312339e-01
  1.655000000000000e+01,  1.019665495351269e-01,  2.307904171085839e-02,  2.103337016282556e-01,  1.807216625754314e-01, -8.892301674552253e-02,  1.646059670541224e-01
  1.656000000000000e+01,  9.864595056246826e-02,  2.376645598397276e-02,  2.087523144103095e-01,  1.817179661910058e-01, -8.919386973902316e-02,  1.646239950428190e-01
  1.657000000000000e+01,  9.539161482008833e-02,  2.443085706976222e-02,  2.071778099496954e-01,  1.826435027316478e-01, -8.935913135196977e-02,  1.647541372536099e-01
  1.658000000000000e+01,  9.220597372081146e-02,  2.506999551132139e-02,  2.056124436544240e-01,  1.835036234458830e-01, -8.942730864053382e-02,  1.649899740286465e-01
  1.659000000000000e+01,  8.909144564632870e-02,  2.568214789940004e-02,  2.040586550363573e-01,  1.843035492636684e-01, -8.940706141072149e-02,  1.653242782320102e-01
  1.660000000000000e+01,  8.605037663183117e-02,  2.626607598941400e-02,  2.025190289164457e-01,  1.850483116489217e-01, -8.930709948463518e-02,  1.657491785600551e-01
  1.661000000000000e+01,  8.308499412186986e-02,  2.682097979747389e-02,  2.009962502358761e-01,  1.857427053411187e-01, -8.913608642799353e-02,  1.662563220198065e-01
  1.662000000000000e+01,  8.019737062844798e-02,  2.734644780660922e-02,  1.994930570838818e-01,  1.863912516615178e-01, -8.890255163984351e-02,  1.668370319249464e-01
  1.663000000000000e+01,  7.738939743092049e-02,  2.784240683117511e-02,  1.980121975963331e-01,  1.869981714121572e-01, -8.861481248315027e-02,  1.674824579753990e-01
  1.664000000000000e+01,  7.466276705646716e-02,  2.830907299193597e-02,  1.965563916085532e-01,  1.875673665372206e-01, -8.828090599721679e-02,  1.681837146855378e-01
  1.665000000000000e+01,  7.201896304418423e-02,  2.874690449486783e-02,  1.951282954309826e-01,  1.881024099485106e-01, -8.790852956887543e-02,  1.689320054732423e-01
  1.666000000000000e+01,  6.945879107122853e-02,  2.915619036544892e-02,  1.937300963171535e-01,  1.886065383487580e-01, -8.750477746574292e-02,  1.697192215851584e-01
  1.667000000000000e+01,  6.698460337986734e-02,  2.953849083158677e-02,  1.923650761386720e-01,  1.890827771265743e-01, -8.707704132578624e-02,  1.705359304583261e-01
  1.668000000000000e+01,  6.459635708530738e-02,  2.989436144618263e-02,  1.910350428832750e-01,  1.895336038038603e-01, -8.663142294582912e-02,  1.713748371208198e-01
  1.669000000000000e+01,  6.229472616162585e-02,  3.022482904835155e-02,  1.897421344153391e-01,  1.899613117696086e-01, -8.617386714706404e-02,  1.722284177841310e-01
  1.670000000000000e+01,  6.008018075339559e-02,  3.053098595674020e-02,  1.884883235722498e-01,  1.903678988252370e-01, -8.570982534426863e-02,  1.730896140438544e-01
  1.671000000000000e+01,  5.795299541962878e-02,  3.081396577801865e-02,  1.872754083983569e-01,  1.907550837788745e-01, -8.524424865434534e-02,  1.739518677540168e-01
  1.672000000000000e+01,  5.591325979398858e-02,  3.107492318943339e-02,  1.861050037521935e-01,  1.911243261460012e-01, -8.478158673151480e-02,  1.748091443468107e-01
  1.673000000000000e+01,  5.396088943775745e-02,  3.131501737405729e-02,  1.849785348774354e-01,  1.914768473719436e-01, -8.432579227107583e-02,  1.756559458579944e-01
  1.674000000000000e+01,  5.209563572720343e-02,  3.153539961091023e-02,  1.838972343576968e-01,  1.918136528234506e-01, -8.388033158597981e-02,  1.764873136724426e-01
  1.675000000000000e+01,  5.031709509006466e-02,  3.173720428060611e-02,  1.828621412349627e-01,  1.921355542982300e-01, -8.344820002711552e-02,  1.772988239460130e-01
  1.676000000000000e+01,  4.862471815612310e-02,  3.192154193157370e-02,  1.818741009197710e-01,  1.924431927280499e-01, -8.303194069283211e-02,  1.780865785074899e-01
  1.677000000000000e+01,  4.701781862218921e-02,  3.208949356666579e-02,  1.809337656216345e-01,  1.927370606365921e-01, -8.263366559141053e-02,  1.788471920314359e-01
  1.678000000000000e+01,  4.549558132915051e-02,  3.224210590977195e-02,  1.800415952125396e-01,  1.930175238371232e-01, -8.225507870025336e-02,  1.795777764978982e-01
  1.679000000000000e+01,  4.405706933366182e-02,  3.238038776891172e-02,  1.791978587144444e-01,  1.932848418059380e-01, -8.189750056882955e-02,  1.802759244917023e-01
  1.680000000000000e+01,  4.270122977561008e-02,  3.250530757867143e-02,  1.784026362557918e-01,  1.935391866756298e-01, -8.156189401224963e-02,  1.809396912654569e-01
  1.681000000000000e+01,  4.142689808590013e-02,  3.261779188524083e-02,  1.776558207649641e-01,  1.937806614541128e-01, -8.124889022002708e-02,  1.815675738125809e-01
  1.682000000000000e+01,  4.023280032626814e-02,  3.271872458672931e-02,  1.769571197206607e-01,  1.940093180190258e-01, -8.095881522303039e-02,  1.821584852137937e-01
  1.683000000000000e+01,  3.911755413425798e-02,  3.280894708732007e-02,  1.763060584712674e-01,  1.942251748156741e-01, -8.069171719878204e-02,  1.827117245560174e-01
  1.684000000000000e+01,  3.807966853021841e-02,  3.288925934325304e-02,  1.757019856430650e-01,  1.944282336265713e-01, -8.044739443962172e-02,  1.832269450135607e-01
  1.685000000000000e+01,  3.711754207780451e-02,  3.296042139939681e-02,  1.751440798802702e-01,  1.946184947117720e-01, -8.022542301267974e-02,  1.837041223324344e-01
  1.686000000000000e+01,  3.622945907230154e-02,  3.302315516100074e-02,  1.746313571658854e-01,  1.947959699709251e-01, -8.002518353232768e-02,  1.841435247633572e-01
  1.687000000000000e+01,  3.541358414646550e-02,  3.307814632371531e-02,  1.741626781489450e-01,  1.949606941407135e-01, -7.984588731615132e-02,  1.845456852512612e-01
  1.688000000000000e+01,  3.466795585055612e-02,  3.312604635412097e-02,  1.737367552788791e-01,  1.951127342496451e-01, -7.968660203384294e-02,  1.849113761360845e-01
  1.689000000000000e+01,  3.399047950420751e-02,  3.316747456977387e-02,  1.733521597744330e-01,  1.952521976153842e-01, -7.954627652557228e-02,  1.852415861943926e-01
  1.690000000000000e+01,  3.337891974297346e-02,  3.320302046789925e-02,  1.730073280437841e-01,  1.953792387610999e-01, -7.942376473684218e-02,  1.855374993883833e-01
  1.691000000000000e+01,  3.283089348673867e-02,  3.323324597800159e-02,  1.727005678135880e-01,  1.954940655163613e-01, -7.931784859584420e-02,  1.858004744531495e-01
  1.692000000000000e+01,  3.234386337018377e-02,  3.325868685388245e-02,  1.724300653507544e-01,  1.955969439904117e-01, -7.922725921338797e-02,  1.860320256991133e-01
  1.693000000000000e+01,  3.191513075212767e-02,  3.327985305112513e-02,  1.721938941867624e-01,  1.956882021759637e-01, -7.915069624618376e-02,  1.862338053577452e-01
  1.694000000000000e+01,  3.154182805175606e-02,  3.329722885596831e-02,  1.719900243693922e-01,  1.957682325384678e-01, -7.908684584413071e-02,  1.864075867954504e-01
  1.695000000000000e+01,  3.122091112399840e-02,  3.331127324925620e-02,  1.718163313496153e-01,  1.958374937094783e-01, -7.903439735375402e-02,  1.865552489985474e-01
  1.696000000000000e+01,  3.094915209888055e-02,  3.332242013307285e-02,  1.716706040857913e-01,  1.958965114101321e-01, -7.899205853097351e-02,  1.866787624177984e-01
  1.697000000000000e+01,  3.071956592988122e-02,  3.333132953966178e-02,  1.715505144951300e-01,  1.959443214702940e-01, -7.895808949424903e-02,  1.867804943242460e-01
  1.698000000000000e+01,  3.053776163739736e-02,  3.333776457090498e-02,  1.714545453114719e-01,  1.959847136204921e-01, -7.893256890078663e-02,  1.868612060036240e-01
  1.699000000000000e+01,  3.039325707317829e-02,  3.334250764256041e-02,  1.713789782808099e-01,  1.960169810493022e-01, -7.891333112352228e-02,  1.869245275247060e-01
  1.700000000000000e+01,  3.027551929406934e-02,  3.334612392102532e-02,  1.713179122852448e-01,  1.960433444985657e-01, -7.889834842866829e-02,  1.869755461750363e-01
