Main.Studies.MarkerTracking.t,Main.Studies.MarkerTracking.JointAngleOutputs.OutputFile_RightLeg.HipFlexion,Main.Studies.MarkerTracking.JointAngleOutputs.OutputFile_RightLeg.HipAbduction,Main.Studies.MarkerTracking.JointAngleOutputs.OutputFile_RightLeg.HipExternalRotation,Main.Studies.MarkerTracking.JointAngleOutputs.OutputFile_RightLeg.KneeFlexion,Main.Studies.MarkerTracking.JointAngleOutputs.OutputFile_RightLeg.AnklePlantarFlexion,Main.Studies.MarkerTracking.JointAngleOutputs.OutputFile_RightLeg.SubTalarEversion
  3.400000000000000e+01,  1.151700340973768e+00,  1.434172834647429e-01,  1.460190497550540e-01,  1.705058638357405e+00, -2.357212149384361e-01, -1.400659489215635e-01
  3.401000000000000e+01,  1.151737802745907e+00,  1.439027955908476e-01,  1.461214050383483e-01,  1.705102164990562e+00, -2.358367267172560e-01, -1.398797324199159e-01
  3.402000000000000e+01,  1.151773092993392e+00,  1.443931165856638e-01,  1.462217402145929e-01,  1.705147636039214e+00, -2.359532363647835e-01, -1.396959315004884e-01
  3.403000000000000e+01,  1.151805804377202e+00,  1.448893060696996e-01,  1.463192454125289e-01,  1.705195458557656e+00, -2.360709281837602e-01, -1.395155798943179e-01
  3.404000000000000e+01,  1.151835665646896e+00,  1.453911918911763e-01,  1.464134735774936e-01,  1.705245759652329e+00, -2.361897204721704e-01, -1.393393371465048e-01
  3.405000000000000e+01,  1.151862605076458e+00,  1.458980714389466e-01,  1.465042048038373e-01,  1.705298509508298e+00, -2.363094290703025e-01, -1.391675282085105e-01
  3.406000000000000e+01,  1.151886486480591e+00,  1.464094429161893e-01,  1.465911458325542e-01,  1.705353729772694e+00, -2.364299036635539e-01, -1.390005935513136e-01
  3.407000000000000e+01,  1.151907183921599e+00,  1.469247940340546e-01,  1.466740156419046e-01,  1.705411434159123e+00, -2.365509876631834e-01, -1.388389621563562e-01
  3.408000000000000e+01,  1.151924582592214e+00,  1.474436038710469e-01,  1.467525480517794e-01,  1.705471628463368e+00, -2.366725189790737e-01, -1.386830469206026e-01
  3.409000000000000e+01,  1.151938579320794e+00,  1.479653452092782e-01,  1.468264940168711e-01,  1.705534310694795e+00, -2.367943312618113e-01, -1.385332402829985e-01
  3.410000000000000e+01,  1.151949082716936e+00,  1.484894870941824e-01,  1.468956231115702e-01,  1.705599471230261e+00, -2.369162554029933e-01, -1.383899104655738e-01
  3.411000000000000e+01,  1.151956013004947e+00,  1.490154968911268e-01,  1.469597237846123e-01,  1.705667092946432e+00, -2.370381211034737e-01, -1.382533982242824e-01
  3.412000000000000e+01,  1.151959302058921e+00,  1.495428416881566e-01,  1.470186027007909e-01,  1.705737151459054e+00, -2.371597584182581e-01, -1.381240144187634e-01
  3.413000000000000e+01,  1.151958893999443e+00,  1.500709898252961e-01,  1.470720842714510e-01,  1.705809615560635e+00, -2.372809990519228e-01, -1.380020387990787e-01
  3.414000000000000e+01,  1.151954746019770e+00,  1.505994129494503e-01,  1.471200106805581e-01,  1.705884447708835e+00, -2.374016771455016e-01, -1.378877193121697e-01
  3.415000000000000e+01,  1.151946828985551e+00,  1.511275880542187e-01,  1.471622420040201e-01,  1.705961604436063e+00, -2.375216295418172e-01, -1.377812710565854e-01
  3.416000000000000e+01,  1.151935127737931e+00,  1.516549990785792e-01,  1.471986565282220e-01,  1.706041036720928e+00, -2.376406957588918e-01, -1.376828758223655e-01
  3.417000000000000e+01,  1.151919641261331e+00,  1.521811381967499e-01,  1.472291513922568e-01,  1.706122690347371e+00, -2.377587180286143e-01, -1.375926830421293e-01
  3.418000000000000e+01,  1.151900382672636e+00,  1.527055072093741e-01,  1.472536433075813e-01,  1.706206506219082e+00, -2.378755417622866e-01, -1.375108110783262e-01
  3.419000000000000e+01,  1.151877378716430e+00,  1.532276193094448e-01,  1.472720691699377e-01,  1.706292420659389e+00, -2.379910163876476e-01, -1.374373480897149e-01
  3.420000000000000e+01,  1.151850668822894e+00,  1.537470009879827e-01,  1.472843864819671e-01,  1.706380365778088e+00, -2.381049960713236e-01, -1.373723529986310e-01
  3.421000000000000e+01,  1.151820304248432e+00,  1.542631937956933e-01,  1.472905736526758e-01,  1.706470269897414e+00, -2.382173400794098e-01, -1.373158570162500e-01
  3.422000000000000e+01,  1.151786347383608e+00,  1.547757559239675e-01,  1.472906302103595e-01,  1.706562057943200e+00, -2.383279128440896e-01, -1.372678656230827e-01
  3.423000000000000e+01,  1.151748870762380e+00,  1.552842635806995e-01,  1.472845769293876e-01,  1.706655651734865e+00, -2.384365838025088e-01, -1.372283604744504e-01
  3.424000000000000e+01,  1.151707955671960e+00,  1.557883122232058e-01,  1.472724558092481e-01,  1.706750970186949e+00, -2.385432272983354e-01, -1.371973008890734e-01
  3.425000000000000e+01,  1.151663690710601e+00,  1.562875176679555e-01,  1.472543294714814e-01,  1.706847929525805e+00, -2.386477229759842e-01, -1.371746254450685e-01
  3.426000000000000e+01,  1.151616170479553e+00,  1.567815169675555e-01,  1.472302801241266e-01,  1.706946443599864e+00, -2.387499566206728e-01, -1.371602541457923e-01
  3.427000000000000e+01,  1.151565494306530e+00,  1.572699690296333e-01,  1.472004088961262e-01,  1.707046424276270e+00, -2.388498209907511e-01, -1.371540907442336e-01
  3.428000000000000e+01,  1.151511764731632e+00,  1.577525551154522e-01,  1.471648353357934e-01,  1.707147781973271e+00, -2.389472163952116e-01, -1.371560250902383e-01
  3.429000000000000e+01,  1.151455085839541e+00,  1.582289794846243e-01,  1.471236962393683e-01,  1.707250426423519e+00, -2.390420510478413e-01, -1.371659356073459e-01
  3.430000000000000e+01,  1.151395562088771e+00,  1.586989701157213e-01,  1.470771439200726e-01,  1.707354267656386e+00, -2.391342412748244e-01, -1.371836909520284e-01
  3.431000000000000e+01,  1.151333297861270e+00,  1.591622790429701e-01,  1.470253444736584e-01,  1.707459217056941e+00, -2.392237115922035e-01, -1.372091504002876e-01
  3.432000000000000e+01,  1.151268397138100e+00,  1.596186822725565e-01,  1.469684759812940e-01,  1.707565188282626e+00, -2.393103946382412e-01, -1.372421639875719e-01
  3.433000000000000e+01,  1.151200962883864e+00,  1.600679795952844e-01,  1.469067263613879e-01,  1.707672097954494e+00, -2.393942310572379e-01, -1.372825729940283e-01
  3.434000000000000e+01,  1.151131096354917e+00,  1.605099943453101e-01,  1.468402908688417e-01,  1.707779866337115e+00, -2.394751694890489e-01, -1.373302107089364e-01
  3.435000000000000e+01,  1.151058896516006e+00,  1.609445729591992e-01,  1.467693695241363e-01,  1.707888418071020e+00, -2.395531667907767e-01, -1.373849033543002e-01
  3.436000000000000e+01,  1.150984459382648e+00,  1.613715841756762e-01,  1.466941649595648e-01,  1.707997682566106e+00, -2.396281884321370e-01, -1.374464704463397e-01
  3.437000000000000e+01,  1.150907877196647e+00,  1.617909178858867e-01,  1.466148809947153e-01,  1.708107593827052e+00, -2.397002087039755e-01, -1.375147239269794e-01
  3.438000000000000e+01,  1.150829237621506e+00,  1.622024837867633e-01,  1.465317218374911e-01,  1.708218090025738e+00, -2.397692105784354e-01, -1.375894667013773e-01
  3.439000000000000e+01,  1.150748623139716e+00,  1.626062099125309e-01,  1.464448916222300e-01,  1.708329113123327e+00, -2.398351854870117e-01, -1.376704914625753e-01
  3.440000000000000e+01,  1.150666110756912e+00,  1.630020411524025e-01,  1.463545940039173e-01,  1.708440608462296e+00, -2.398981332046915e-01, -1.377575796238421e-01
  3.441000000000000e+01,  1.150581772127273e+00,  1.633899376632673e-01,  1.462610315406755e-01,  1.708552524169676e+00, -2.399580617391014e-01, -1.378505001024610e-01
  3.442000000000000e+01,  1.150495674086960e+00,  1.637698728868047e-01,  1.461644047033373e-01,  1.708664810401841e+00, -2.400149870112712e-01, -1.379490082128415e-01
  3.443000000000000e+01,  1.150407879304795e+00,  1.641418315383827e-01,  1.460649106818711e-01,  1.708777418675196e+00, -2.400689321447964e-01, -1.380528451386742e-01
  3.444000000000000e+01,  1.150318446803496e+00,  1.645058082032071e-01,  1.459627424128888e-01,  1.708890301462416e+00, -2.401199264052289e-01, -1.381617381540968e-01
  3.445000000000000e+01,  1.150227432341492e+00,  1.648618060952178e-01,  1.458580880300497e-01,  1.709003411911578e+00, -2.401680041292682e-01, -1.382754010661843e-01
  3.446000000000000e+01,  1.150134888691293e+00,  1.652098351996663e-01,  1.457511304571416e-01,  1.709116703642533e+00, -2.402132038935101e-01, -1.383935349706409e-01
  3.447000000000000e+01,  1.150040866281196e+00,  1.655499101963565e-01,  1.456420465280301e-01,  1.709230130832527e+00, -2.402555679613322e-01, -1.385158299397215e-01
  3.448000000000000e+01,  1.149945414752659e+00,  1.658820487926864e-01,  1.455310054175794e-01,  1.709343648542926e+00, -2.402951421287392e-01, -1.386419670257418e-01
  3.449000000000000e+01,  1.149848584784521e+00,  1.662062702416303e-01,  1.454181672072286e-01,  1.709457212976484e+00, -2.403319758470941e-01, -1.387716196532733e-01
  3.450000000000000e+01,  1.149750429066591e+00,  1.665225940724431e-01,  1.453036823555166e-01,  1.709570781532857e+00, -2.403661220829857e-01, -1.389044547180082e-01
  3.451000000000000e+01,  1.149651002338489e+00,  1.668310396090757e-01,  1.451876917204912e-01,  1.709684312753926e+00, -2.403976366054471e-01, -1.390401341845227e-01
  3.452000000000000e+01,  1.149550360977814e+00,  1.671316261440796e-01,  1.450703266323184e-01,  1.709797766205247e+00, -2.404265769494457e-01, -1.391783170465407e-01
  3.453000000000000e+01,  1.149448562491973e+00,  1.674243729089004e-01,  1.449517092245946e-01,  1.709911102189398e+00, -2.404530014259969e-01, -1.393186607152299e-01
  3.454000000000000e+01,  1.149345665285652e+00,  1.677092981978101e-01,  1.448319533899372e-01,  1.710024281292749e+00, -2.404769681576525e-01, -1.394608217463043e-01
  3.455000000000000e+01,  1.149241728790772e+00,  1.679864178343611e-01,  1.447111662043847e-01,  1.710137263988146e+00, -2.404985340304080e-01, -1.396044569083290e-01
  3.456000000000000e+01,  1.149136813475518e+00,  1.682557442480703e-01,  1.445894492660567e-01,  1.710250010431212e+00, -2.405177538484790e-01, -1.397492250019069e-01
  3.457000000000000e+01,  1.149030980484031e+00,  1.685172868762661e-01,  1.444668997598977e-01,  1.710362480343181e+00, -2.405346799076031e-01, -1.398947888285239e-01
  3.458000000000000e+01,  1.148924291245183e+00,  1.687710528404722e-01,  1.443436117112979e-01,  1.710474632816572e+00, -2.405493617002935e-01, -1.400408167138532e-01
  3.459000000000000e+01,  1.148816807108743e+00,  1.690170473662822e-01,  1.442196778830557e-01,  1.710586426015908e+00, -2.405618454395912e-01, -1.401869835582911e-01
  3.460000000000000e+01,  1.148708588798195e+00,  1.692552745905247e-01,  1.440951921479155e-01,  1.710697816833471e+00, -2.405721735542860e-01, -1.403329718026511e-01
  3.461000000000000e+01,  1.148599695865228e+00,  1.694857386199375e-01,  1.439702517887263e-01,  1.710808760515151e+00, -2.405803845238902e-01, -1.404784725208859e-01
  3.462000000000000e+01,  1.148490186354262e+00,  1.697084442611902e-01,  1.438449593938193e-01,  1.710919210314002e+00, -2.405865131343916e-01, -1.406231867342753e-01
  3.463000000000000e+01,  1.148380116565094e+00,  1.699233971357086e-01,  1.437194241899376e-01,  1.711029117295187e+00, -2.405905909190402e-01, -1.407668272920570e-01
  3.464000000000000e+01,  1.148269540910957e+00,  1.701306028872192e-01,  1.435937626659342e-01,  1.711138430301787e+00, -2.405926465146278e-01, -1.409091210406706e-01
  3.465000000000000e+01,  1.148158512078502e+00,  1.703300657804236e-01,  1.434680987617457e-01,  1.711247095955413e+00, -2.405927058801219e-01, -1.410498101007557e-01
  3.466000000000000e+01,  1.148047081484657e+00,  1.705217875837706e-01,  1.433425641775862e-01,  1.711355058599342e+00, -2.405907924782782e-01, -1.411886514526500e-01
  3.467000000000000e+01,  1.147935299783696e+00,  1.707057671850982e-01,  1.432172988073581e-01,  1.711462260263613e+00, -2.405869273390989e-01, -1.413254153202489e-01
  3.468000000000000e+01,  1.147823217295054e+00,  1.708820007301304e-01,  1.430924507882829e-01,  1.711568640758022e+00, -2.405811288091386e-01, -1.414598838723937e-01
  3.469000000000000e+01,  1.147710884431174e+00,  1.710504818493623e-01,  1.429681759438828e-01,  1.711674137808595e+00, -2.405734120181770e-01, -1.415918512205522e-01
  3.470000000000000e+01,  1.147598352280118e+00,  1.712112015680820e-01,  1.428446370068253e-01,  1.711778687060182e+00, -2.405637883709744e-01, -1.417211239327441e-01
  3.471000000000000e+01,  1.147485673342372e+00,  1.713641477952212e-01,  1.427220030952350e-01,  1.711882221933962e+00, -2.405522653831737e-01, -1.418475208192038e-01
  3.472000000000000e+01,  1.147372902104691e+00,  1.715093049750036e-01,  1.426004494665283e-01,  1.711984673517128e+00, -2.405388469362227e-01, -1.419708717758357e-01
  3.473000000000000e+01,  1.147260095095278e+00,  1.716466547566862e-01,  1.424801574531442e-01,  1.712085970488973e+00, -2.405235338993295e-01, -1.420910159541138e-01
  3.474000000000000e+01,  1.147147310480592e+00,  1.717761774818258e-01,  1.423613143565138e-01,  1.712186038945142e+00, -2.405063248733043e-01, -1.422077999294356e-01
  3.475000000000000e+01,  1.147034607603118e+00,  1.718978533608337e-01,  1.422441127302338e-01,  1.712284802291002e+00, -2.404872166088957e-01, -1.423210770096590e-01
  3.476000000000000e+01,  1.146922046647272e+00,  1.720116629011399e-01,  1.421287489950391e-01,  1.712382181410667e+00, -2.404662041083798e-01, -1.424307077979201e-01
  3.477000000000000e+01,  1.146808948095058e+00,  1.721172485087550e-01,  1.420160812082931e-01,  1.712477897237147e+00, -2.404432211297092e-01, -1.425361879058487e-01
  3.478000000000000e+01,  1.146696764646324e+00,  1.722152293986898e-01,  1.419050697651248e-01,  1.712572254073103e+00, -2.404183739105774e-01, -1.426381519319047e-01
  3.479000000000000e+01,  1.146584916495691e+00,  1.723052914572920e-01,  1.417964849825944e-01,  1.712664982934029e+00, -2.403916009173447e-01, -1.427361045008272e-01
  3.480000000000000e+01,  1.146474424512318e+00,  1.723878563569854e-01,  1.416896671116266e-01,  1.712756197030887e+00, -2.403629643426403e-01, -1.428302784110025e-01
  3.481000000000000e+01,  1.146363475988718e+00,  1.724620518982078e-01,  1.415864870288308e-01,  1.712845396624242e+00, -2.403323124951412e-01, -1.429198842474057e-01
  3.482000000000000e+01,  1.146253017636274e+00,  1.725282656209206e-01,  1.414863505309748e-01,  1.712932695649055e+00, -2.402997030586300e-01, -1.430051800978315e-01
  3.483000000000000e+01,  1.146143108359040e+00,  1.725864817957823e-01,  1.413894530749055e-01,  1.713018005441289e+00, -2.402651259778666e-01, -1.430860799102746e-01
  3.484000000000000e+01,  1.146033388591534e+00,  1.726364835554073e-01,  1.412963723755975e-01,  1.713101153079968e+00, -2.402285445858066e-01, -1.431624366521876e-01
  3.485000000000000e+01,  1.145924667147842e+00,  1.726786377318899e-01,  1.412065929947830e-01,  1.713182200544233e+00, -2.401900041198563e-01, -1.432343088111409e-01
  3.486000000000000e+01,  1.145816639550502e+00,  1.727127501326424e-01,  1.411206400519490e-01,  1.713260989547063e+00, -2.401494700990930e-01, -1.433015609379058e-01
  3.487000000000000e+01,  1.145709842277564e+00,  1.727390256964798e-01,  1.410382682490908e-01,  1.713337526474821e+00, -2.401069576799716e-01, -1.433641850398217e-01
  3.488000000000000e+01,  1.145603361503902e+00,  1.727570279124984e-01,  1.409605169775966e-01,  1.713411539495794e+00, -2.400624209594217e-01, -1.434220053760675e-01
  3.489000000000000e+01,  1.145498049499386e+00,  1.727671262356036e-01,  1.408868354097680e-01,  1.713483078448119e+00, -2.400158964756781e-01, -1.434750619814399e-01
  3.490000000000000e+01,  1.145393261663611e+00,  1.727689983543534e-01,  1.408180205212899e-01,  1.713551966075443e+00, -2.399673572809695e-01, -1.435232360445345e-01
  3.491000000000000e+01,  1.145289323443245e+00,  1.727627823841504e-01,  1.407539788158833e-01,  1.713618163982838e+00, -2.399168203103847e-01, -1.435665157985753e-01
  3.492000000000000e+01,  1.145186256558247e+00,  1.727484796300331e-01,  1.406948827136067e-01,  1.713681591672562e+00, -2.398642911884447e-01, -1.436048628659969e-01
  3.493000000000000e+01,  1.145084300561650e+00,  1.727262028066718e-01,  1.406406925376060e-01,  1.713742179028701e+00, -2.398097846764087e-01, -1.436382583405605e-01
  3.494000000000000e+01,  1.144983016769373e+00,  1.726957303441528e-01,  1.405919894752327e-01,  1.713799836123540e+00, -2.397532934464624e-01, -1.436666404614541e-01
  3.495000000000000e+01,  1.144882603366391e+00,  1.726571615325054e-01,  1.405487504600327e-01,  1.713854502977384e+00, -2.396948358035808e-01, -1.436899972265925e-01
  3.496000000000000e+01,  1.144783041802674e+00,  1.726104910018200e-01,  1.405111433864015e-01,  1.713906115528862e+00, -2.396344243784245e-01, -1.437083053898755e-01
  3.497000000000000e+01,  1.144684301593264e+00,  1.725557108877904e-01,  1.404793358818021e-01,  1.713954615193269e+00, -2.395720743069917e-01, -1.437215455948063e-01
  3.498000000000000e+01,  1.144586340811798e+00,  1.724928110199668e-01,  1.404534946367242e-01,  1.713999949638059e+00, -2.395078035397707e-01, -1.437297029347686e-01
  3.499000000000000e+01,  1.144489105703906e+00,  1.724217787304663e-01,  1.404337861641472e-01,  1.714042073406757e+00, -2.394416330051369e-01, -1.437327672537521e-01
  3.500000000000000e+01,  1.144392530093480e+00,  1.723425984313225e-01,  1.404203781581635e-01,  1.714080948333577e+00, -2.393735866163959e-01, -1.437307332553688e-01
  3.501000000000000e+01,  1.144296534811973e+00,  1.722552510221085e-01,  1.404134404032204e-01,  1.714116543717818e+00, -2.393036912615122e-01, -1.437236007859481e-01
  3.502000000000000e+01,  1.144201028529291e+00,  1.721597138696909e-01,  1.404131439669647e-01,  1.714148836134866e+00, -2.392319768380926e-01, -1.437113755392243e-01
  3.503000000000000e+01,  1.144106053062478e+00,  1.720560240088205e-01,  1.404195326056324e-01,  1.714177805761233e+00, -2.391584759831284e-01, -1.436940759289282e-01
  3.504000000000000e+01,  1.144010838299756e+00,  1.719438793172607e-01,  1.404333511484403e-01,  1.714203440569908e+00, -2.390832262733354e-01, -1.436716974039073e-01
  3.505000000000000e+01,  1.143916087371442e+00,  1.718235825532815e-01,  1.404540619618070e-01,  1.714225740952943e+00, -2.390062618525201e-01, -1.436442941640446e-01
  3.506000000000000e+01,  1.143821380390355e+00,  1.716949842542770e-01,  1.404820905150469e-01,  1.714244691062211e+00, -2.389276231758603e-01, -1.436118864957641e-01
  3.507000000000000e+01,  1.143726564707646e+00,  1.715580445556286e-01,  1.405176277185887e-01,  1.714260274187858e+00, -2.388473508019091e-01, -1.435745078549925e-01
  3.508000000000000e+01,  1.143631523950505e+00,  1.714127412651278e-01,  1.405608280810120e-01,  1.714272463858955e+00, -2.387654856444151e-01, -1.435321971556046e-01
  3.509000000000000e+01,  1.143536601516140e+00,  1.712592765439496e-01,  1.406114145713460e-01,  1.714281185289894e+00, -2.386820676290274e-01, -1.434850203933747e-01
  3.510000000000000e+01,  1.143440802941390e+00,  1.710972125715231e-01,  1.406703472144989e-01,  1.714286446868325e+00, -2.385971390598672e-01, -1.434329806371676e-01
  3.511000000000000e+01,  1.143344559888364e+00,  1.709267985793386e-01,  1.407372609607032e-01,  1.714288127241670e+00, -2.385107376562858e-01, -1.433761535571536e-01
  3.512000000000000e+01,  1.143247883355421e+00,  1.707480862105908e-01,  1.408121741460980e-01,  1.714286115462855e+00, -2.384229011466757e-01, -1.433145969681690e-01
  3.513000000000000e+01,  1.143151044536510e+00,  1.705611747295948e-01,  1.408949174988600e-01,  1.714280350261979e+00, -2.383336610808189e-01, -1.432483670376302e-01
  3.514000000000000e+01,  1.143053666559052e+00,  1.703661030650896e-01,  1.409857323637564e-01,  1.714270534237369e+00, -2.382430652296753e-01, -1.431775455335211e-01
  3.515000000000000e+01,  1.142956112570118e+00,  1.701630278400157e-01,  1.410843424178670e-01,  1.714256567577930e+00, -2.381511458058776e-01, -1.431022040711205e-01
  3.516000000000000e+01,  1.142858537245219e+00,  1.699520921947424e-01,  1.411905909972453e-01,  1.714238272807227e+00, -2.380579424939061e-01, -1.430224297170227e-01
  3.517000000000000e+01,  1.142761116244002e+00,  1.697334566956119e-01,  1.413042845005709e-01,  1.714215470565511e+00, -2.379634982204383e-01, -1.429383205702286e-01
  3.518000000000000e+01,  1.142664039323533e+00,  1.695072971187916e-01,  1.414251961440589e-01,  1.714187985836465e+00, -2.378678602303264e-01, -1.428499867883352e-01
  3.519000000000000e+01,  1.142567503744267e+00,  1.692738024069418e-01,  1.415530704046887e-01,  1.714155653244676e+00, -2.377710808756358e-01, -1.427575514812402e-01
  3.520000000000000e+01,  1.142471709250770e+00,  1.690331730906638e-01,  1.416876268272894e-01,  1.714118321320665e+00, -2.376732182419597e-01, -1.426611511533680e-01
  3.521000000000000e+01,  1.142376854531530e+00,  1.687856202719700e-01,  1.418285630540553e-01,  1.714075855610887e+00, -2.375743369682917e-01, -1.425609352882577e-01
  3.522000000000000e+01,  1.142283135070237e+00,  1.685313653004403e-01,  1.419755569510407e-01,  1.714028140778327e+00, -2.374745090961713e-01, -1.424570656674175e-01
  3.523000000000000e+01,  1.142190742121356e+00,  1.682706399649125e-01,  1.421282671834667e-01,  1.713975082178294e+00, -2.373738143616371e-01, -1.423497163103004e-01
  3.524000000000000e+01,  1.142099862391745e+00,  1.680036868960693e-01,  1.422863320951126e-01,  1.713916607300203e+00, -2.372723399401267e-01, -1.422390736334306e-01
  3.525000000000000e+01,  1.142010678307112e+00,  1.677307600791658e-01,  1.424493678607710e-01,  1.713852667091248e+00, -2.371701803647520e-01, -1.421253358198891e-01
  3.526000000000000e+01,  1.141923368758449e+00,  1.674521253521368e-01,  1.426169667582411e-01,  1.713783237067766e+00, -2.370674380438524e-01, -1.420087116601887e-01
  3.527000000000000e+01,  1.141838109969040e+00,  1.671680606948889e-01,  1.427886951728329e-01,  1.713708318336133e+00, -2.369642239126271e-01, -1.418894201749173e-01
  3.528000000000000e+01,  1.141755076203605e+00,  1.668788563098598e-01,  1.429640911217580e-01,  1.713627938601393e+00, -2.368606576400256e-01, -1.417676909164357e-01
  3.529000000000000e+01,  1.141674378495694e+00,  1.665848282692344e-01,  1.431426882165301e-01,  1.713542118473216e+00, -2.367568695601895e-01, -1.416437744030148e-01
  3.530000000000000e+01,  1.141596320925259e+00,  1.662862637072122e-01,  1.433239061242076e-01,  1.713451015109798e+00, -2.366529917333185e-01, -1.415178992993786e-01
  3.531000000000000e+01,  1.141521001476866e+00,  1.659835030588421e-01,  1.435072207499284e-01,  1.713354702144482e+00, -2.365491715404811e-01, -1.413903377733555e-01
  3.532000000000000e+01,  1.141448587024964e+00,  1.656768828217137e-01,  1.436920436824649e-01,  1.713253322907721e+00, -2.364455620455693e-01, -1.412613627327912e-01
  3.533000000000000e+01,  1.141379241299582e+00,  1.653667468622879e-01,  1.438777524075271e-01,  1.713147052329043e+00, -2.363423243267863e-01, -1.411312589480011e-01
  3.534000000000000e+01,  1.141313124576916e+00,  1.650534436989097e-01,  1.440636896222300e-01,  1.713036098123499e+00, -2.362396268061123e-01, -1.410003221295913e-01
  3.535000000000000e+01,  1.141250393625095e+00,  1.647373246819333e-01,  1.442491626628014e-01,  1.712920701755430e+00, -2.361376437888260e-01, -1.408688572780942e-01
  3.536000000000000e+01,  1.141191223712886e+00,  1.644187203528151e-01,  1.444334494787582e-01,  1.712801159446148e+00, -2.360365524556698e-01, -1.407371631358888e-01
  3.537000000000000e+01,  1.141135713107518e+00,  1.640980307129389e-01,  1.446157755193311e-01,  1.712677735800126e+00, -2.359365342752630e-01, -1.406055859105536e-01
  3.538000000000000e+01,  1.141084042613808e+00,  1.637755824285991e-01,  1.447953406698811e-01,  1.712550801132112e+00, -2.358377652284581e-01, -1.404744333671618e-01
  3.539000000000000e+01,  1.141036358130404e+00,  1.634517205934773e-01,  1.449713079768881e-01,  1.712420732734812e+00, -2.357404179353121e-01, -1.403440322919683e-01
  3.540000000000000e+01,  1.140992801659644e+00,  1.631267807340964e-01,  1.451428072618677e-01,  1.712287939151765e+00, -2.356446577944218e-01, -1.402147128972118e-01
  3.541000000000000e+01,  1.140953525395966e+00,  1.628011137432746e-01,  1.453088996588689e-01,  1.712152847044354e+00, -2.355506390848487e-01, -1.400868269163044e-01
  3.542000000000000e+01,  1.140918625468982e+00,  1.624749713397944e-01,  1.454687386754211e-01,  1.712015946067711e+00, -2.354585113479780e-01, -1.399606745435878e-01
  3.543000000000000e+01,  1.140888218794890e+00,  1.621486807147858e-01,  1.456213447614447e-01,  1.711877705094112e+00, -2.353684074071929e-01, -1.398366217759584e-01
  3.544000000000000e+01,  1.140862392811837e+00,  1.618225219710030e-01,  1.457657647172487e-01,  1.711738627527950e+00, -2.352804503948511e-01, -1.397150215577606e-01
  3.545000000000000e+01,  1.140841208288136e+00,  1.614967579741402e-01,  1.459010440587745e-01,  1.711599230128884e+00, -2.351947526156483e-01, -1.395962351359079e-01
  3.546000000000000e+01,  1.140824609264532e+00,  1.611716009800226e-01,  1.460263293414641e-01,  1.711460028430797e+00, -2.351114183686271e-01, -1.394806239988252e-01
  3.547000000000000e+01,  1.140812760869091e+00,  1.608473540497666e-01,  1.461404995444260e-01,  1.711321571636203e+00, -2.350305352354637e-01, -1.393685887068642e-01
  3.548000000000000e+01,  1.140805524580207e+00,  1.605241886199040e-01,  1.462427582680340e-01,  1.711184381732597e+00, -2.349521858735041e-01, -1.392605090530096e-01
  3.549000000000000e+01,  1.140802805442688e+00,  1.602023006119915e-01,  1.463322442142389e-01,  1.711048983381057e+00, -2.348764390067656e-01, -1.391567884316927e-01
  3.550000000000000e+01,  1.140804462569224e+00,  1.598818718760071e-01,  1.464081415260597e-01,  1.710915891594910e+00, -2.348033504200936e-01, -1.390578412416017e-01
  3.551000000000000e+01,  1.140810403175981e+00,  1.595630983171319e-01,  1.464695663005005e-01,  1.710785632188857e+00, -2.347329649426927e-01, -1.389640984318954e-01
  3.552000000000000e+01,  1.140820166244021e+00,  1.592460847109347e-01,  1.465160870737514e-01,  1.710658637070781e+00, -2.346653086744510e-01, -1.388759711490852e-01
  3.553000000000000e+01,  1.140833542684879e+00,  1.589310177925738e-01,  1.465470286132655e-01,  1.710535423438275e+00, -2.346003805574372e-01, -1.387939217414905e-01
  3.554000000000000e+01,  1.140850508743249e+00,  1.586180563660964e-01,  1.465614549298136e-01,  1.710416418261228e+00, -2.345382040306678e-01, -1.387183388136231e-01
  3.555000000000000e+01,  1.140870103690262e+00,  1.583072030682486e-01,  1.465593459373868e-01,  1.710301864059186e+00, -2.344787544357946e-01, -1.386497060724914e-01
  3.556000000000000e+01,  1.140892409494388e+00,  1.579987075204690e-01,  1.465400492266935e-01,  1.710192358002155e+00, -2.344219728573241e-01, -1.385884300766864e-01
  3.557000000000000e+01,  1.140916847873200e+00,  1.576926212018952e-01,  1.465032826945179e-01,  1.710088153512699e+00, -2.343678168317988e-01, -1.385349364973313e-01
  3.558000000000000e+01,  1.140942960335739e+00,  1.573890333674668e-01,  1.464487998688032e-01,  1.709989552316267e+00, -2.343162165068036e-01, -1.384896424017522e-01
  3.559000000000000e+01,  1.140970272120087e+00,  1.570880231538936e-01,  1.463764357689313e-01,  1.709896817989280e+00, -2.342670869315625e-01, -1.384529557487549e-01
  3.560000000000000e+01,  1.140998299722818e+00,  1.567896602259664e-01,  1.462861065723693e-01,  1.709810174918065e+00, -2.342203289179798e-01, -1.384252730251722e-01
  3.561000000000000e+01,  1.141026546245822e+00,  1.564937732586662e-01,  1.461779284241336e-01,  1.709729744451477e+00, -2.341757328388256e-01, -1.384069603257980e-01
  3.562000000000000e+01,  1.141054110373840e+00,  1.562007239347276e-01,  1.460520649742795e-01,  1.709655676794855e+00, -2.341333293675398e-01, -1.383984269223786e-01
  3.563000000000000e+01,  1.141081182429601e+00,  1.559105281225646e-01,  1.459082848963136e-01,  1.709588218931544e+00, -2.340929465999127e-01, -1.383999850949303e-01
  3.564000000000000e+01,  1.141107034416441e+00,  1.556231633431480e-01,  1.457470013437538e-01,  1.709527360117566e+00, -2.340544287791965e-01, -1.384119838094595e-01
  3.565000000000000e+01,  1.141131240892782e+00,  1.553386693936811e-01,  1.455684884536525e-01,  1.709473142042236e+00, -2.340176320642448e-01, -1.384347387875283e-01
  3.566000000000000e+01,  1.141153301970058e+00,  1.550569889962210e-01,  1.453731657808146e-01,  1.709425556291404e+00, -2.339823748828550e-01, -1.384685288798859e-01
  3.567000000000000e+01,  1.141172828133509e+00,  1.547782794490826e-01,  1.451613987661523e-01,  1.709384581674424e+00, -2.339485576147500e-01, -1.385136561443543e-01
  3.568000000000000e+01,  1.141189758922583e+00,  1.545025927555206e-01,  1.449334310830163e-01,  1.709350250863436e+00, -2.339160199263147e-01, -1.385703579050932e-01
  3.569000000000000e+01,  1.141203669654296e+00,  1.542299386488069e-01,  1.446898182066932e-01,  1.709322472612050e+00, -2.338846051713676e-01, -1.386388597573928e-01
  3.570000000000000e+01,  1.141214250422496e+00,  1.539603315937232e-01,  1.444310901751221e-01,  1.709301171438478e+00, -2.338541578284131e-01, -1.387193559414132e-01
  3.571000000000000e+01,  1.141221424998401e+00,  1.536938907747241e-01,  1.441576625444251e-01,  1.709286278263463e+00, -2.338245544824258e-01, -1.388120277395900e-01
  3.572000000000000e+01,  1.141224985240505e+00,  1.534306501321667e-01,  1.438700900594652e-01,  1.709277694194418e+00, -2.337956506333789e-01, -1.389170148693124e-01
  3.573000000000000e+01,  1.141224673710484e+00,  1.531706302328431e-01,  1.435689942689811e-01,  1.709275303509127e+00, -2.337673068089209e-01, -1.390344252429560e-01
  3.574000000000000e+01,  1.141220653643638e+00,  1.529139868953928e-01,  1.432547481361027e-01,  1.709279025500348e+00, -2.337394131420229e-01, -1.391643439631731e-01
  3.575000000000000e+01,  1.141212769671678e+00,  1.526607594599694e-01,  1.429279692181220e-01,  1.709288731782347e+00, -2.337118429550071e-01, -1.393068029596148e-01
  3.576000000000000e+01,  1.141200854165905e+00,  1.524109842143884e-01,  1.425893046723213e-01,  1.709304286919730e+00, -2.336844782036037e-01, -1.394617895428839e-01
  3.577000000000000e+01,  1.141185192286426e+00,  1.521648154458750e-01,  1.422391321614553e-01,  1.709325589891078e+00, -2.336572209935582e-01, -1.396292523461335e-01
  3.578000000000000e+01,  1.141165700314368e+00,  1.519222882338120e-01,  1.418780904101034e-01,  1.709352493082192e+00, -2.336299663881949e-01, -1.398090814030957e-01
  3.579000000000000e+01,  1.141142316663980e+00,  1.516834267953322e-01,  1.415068147372661e-01,  1.709384855836982e+00, -2.336026175257272e-01, -1.400011194194376e-01
  3.580000000000000e+01,  1.141115345714050e+00,  1.514483428957185e-01,  1.411257397196840e-01,  1.709422530484744e+00, -2.335750945723080e-01, -1.402051693804653e-01
  3.581000000000000e+01,  1.141084671689548e+00,  1.512170140687401e-01,  1.407355613817625e-01,  1.709465358330963e+00, -2.335473148195394e-01, -1.404209835337047e-01
  3.582000000000000e+01,  1.141050595480925e+00,  1.509895116902507e-01,  1.403367377952303e-01,  1.709513181751330e+00, -2.335192100596543e-01, -1.406482763973074e-01
  3.583000000000000e+01,  1.141013139521245e+00,  1.507658206597871e-01,  1.399299004415896e-01,  1.709565827588565e+00, -2.334907168104015e-01, -1.408867155188412e-01
  3.584000000000000e+01,  1.140972423353680e+00,  1.505459343670106e-01,  1.395156277009103e-01,  1.709623118283996e+00, -2.334617808557366e-01, -1.411359270011265e-01
  3.585000000000000e+01,  1.140928482388923e+00,  1.503298088219172e-01,  1.390945419722465e-01,  1.709684881167124e+00, -2.334323553221048e-01, -1.413954966084857e-01
  3.586000000000000e+01,  1.140881614744164e+00,  1.501174512611794e-01,  1.386671314302601e-01,  1.709750905785195e+00, -2.334024001037342e-01, -1.416649716794446e-01
  3.587000000000000e+01,  1.140831873354745e+00,  1.499087915738184e-01,  1.382340065947091e-01,  1.709821005045082e+00, -2.333718796612949e-01, -1.419438640679125e-01
  3.588000000000000e+01,  1.140779306166867e+00,  1.497037480894547e-01,  1.377957766358139e-01,  1.709894984977768e+00, -2.333407652275692e-01, -1.422316516477412e-01
  3.589000000000000e+01,  1.140724215545907e+00,  1.495022820629688e-01,  1.373529094042500e-01,  1.709972631307892e+00, -2.333090292743387e-01, -1.425277773196951e-01
  3.590000000000000e+01,  1.140666658964727e+00,  1.493042900613655e-01,  1.369059950216876e-01,  1.710053743127363e+00, -2.332766532204008e-01, -1.428316524161563e-01
  3.591000000000000e+01,  1.140606769512139e+00,  1.491096761324930e-01,  1.364555726560625e-01,  1.710138114745560e+00, -2.332436233233426e-01, -1.431426584068752e-01
  3.592000000000000e+01,  1.140544673636663e+00,  1.489183359467368e-01,  1.360021721389134e-01,  1.710225542695646e+00, -2.332099321924077e-01, -1.434601511234159e-01
  3.593000000000000e+01,  1.140480487566912e+00,  1.487301585028606e-01,  1.355463141463795e-01,  1.710315828505309e+00, -2.331755791670189e-01, -1.437834659816684e-01
  3.594000000000000e+01,  1.140414314379151e+00,  1.485450277189986e-01,  1.350885110914080e-01,  1.710408781755412e+00, -2.331405704631355e-01, -1.441119234705276e-01
  3.595000000000000e+01,  1.140346181879240e+00,  1.483628101303520e-01,  1.346292907381704e-01,  1.710504245813427e+00, -2.331049215915016e-01, -1.444448361349225e-01
  3.596000000000000e+01,  1.140276281942394e+00,  1.481834094931274e-01,  1.341691052213241e-01,  1.710602012081480e+00, -2.330686483448934e-01, -1.447815029270812e-01
  3.597000000000000e+01,  1.140204609144190e+00,  1.480066858344804e-01,  1.337084694233426e-01,  1.710701953377715e+00, -2.330317802938717e-01, -1.451212259825810e-01
  3.598000000000000e+01,  1.140131204586706e+00,  1.478325105048153e-01,  1.332478667264586e-01,  1.710803939896409e+00, -2.329943523343700e-01, -1.454633047019232e-01
  3.599000000000000e+01,  1.140056148626369e+00,  1.476607643831116e-01,  1.327877552845240e-01,  1.710907835927185e+00, -2.329564045209467e-01, -1.458070379135438e-01
  3.600000000000000e+01,  1.139979376784294e+00,  1.474912963027115e-01,  1.323286247867641e-01,  1.711013597701686e+00, -2.329179931506841e-01, -1.461517380654136e-01
  3.601000000000000e+01,  1.139900985709410e+00,  1.473239919414084e-01,  1.318708960159624e-01,  1.711121123658907e+00, -2.328791744241288e-01, -1.464967172077712e-01
  3.602000000000000e+01,  1.139821039731775e+00,  1.471587320690602e-01,  1.314149808697904e-01,  1.711230351976208e+00, -2.328400148516307e-01, -1.468413017495141e-01
  3.603000000000000e+01,  1.139739630066274e+00,  1.469954075824900e-01,  1.309612596690392e-01,  1.711341233848775e+00, -2.328005879172447e-01, -1.471848324727996e-01
  3.604000000000000e+01,  1.139656880451182e+00,  1.468339223459834e-01,  1.305100770766633e-01,  1.711453731099080e+00, -2.327609732611575e-01, -1.475266664154342e-01
  3.605000000000000e+01,  1.139573006492081e+00,  1.466742056156425e-01,  1.300617091928738e-01,  1.711567805555191e+00, -2.327212521546294e-01, -1.478661769652344e-01
  3.606000000000000e+01,  1.139488111229819e+00,  1.465161786749785e-01,  1.296164906861310e-01,  1.711683416334760e+00, -2.326815190631447e-01, -1.482027566622459e-01
  3.607000000000000e+01,  1.139402419189867e+00,  1.463597925901854e-01,  1.291746105458093e-01,  1.711800612078681e+00, -2.326418728517790e-01, -1.485358286157309e-01
  3.608000000000000e+01,  1.139316225778253e+00,  1.462050309092262e-01,  1.287362541655210e-01,  1.711919337992909e+00, -2.326024091805315e-01, -1.488648250771830e-01
  3.609000000000000e+01,  1.139229809597134e+00,  1.460518876120540e-01,  1.283015700076974e-01,  1.712039582517795e+00, -2.325632330808486e-01, -1.491892061906054e-01
  3.610000000000000e+01,  1.139143466428332e+00,  1.459003751774459e-01,  1.278706718758553e-01,  1.712161335537076e+00, -2.325244543610899e-01, -1.495084544446655e-01
  3.611000000000000e+01,  1.139057580565690e+00,  1.457505361913034e-01,  1.274436330783610e-01,  1.712284524301616e+00, -2.324861758789555e-01, -1.498220658240504e-01
  3.612000000000000e+01,  1.138972291148228e+00,  1.456023836483553e-01,  1.270205348750827e-01,  1.712409272624629e+00, -2.324485380359567e-01, -1.501295873027443e-01
  3.613000000000000e+01,  1.138888007192396e+00,  1.454559909558764e-01,  1.266013902900456e-01,  1.712535496360772e+00, -2.324116471825788e-01, -1.504305606731312e-01
  3.614000000000000e+01,  1.138805034151320e+00,  1.453114240293965e-01,  1.261862064762957e-01,  1.712663182587202e+00, -2.323756231020539e-01, -1.507245619782631e-01
  3.615000000000000e+01,  1.138723664653524e+00,  1.451687564482655e-01,  1.257749743196039e-01,  1.712792313771480e+00, -2.323405850155893e-01, -1.510111905292506e-01
  3.616000000000000e+01,  1.138644179345195e+00,  1.450280682252081e-01,  1.253676664875756e-01,  1.712922870535607e+00, -2.323066503339056e-01, -1.512900689475621e-01
  3.617000000000000e+01,  1.138566839755584e+00,  1.448894430255745e-01,  1.249642461090369e-01,  1.713054827639135e+00, -2.322739335217145e-01, -1.515608426437549e-01
  3.618000000000000e+01,  1.138491885415219e+00,  1.447529657321527e-01,  1.245646704257363e-01,  1.713188153329093e+00, -2.322425447402251e-01, -1.518231801756141e-01
  3.619000000000000e+01,  1.138419567570892e+00,  1.446187209013610e-01,  1.241689259815269e-01,  1.713322734491341e+00, -2.322125748334203e-01, -1.520767634949739e-01
  3.620000000000000e+01,  1.138349986503868e+00,  1.444867846654625e-01,  1.237769118909391e-01,  1.713458679278602e+00, -2.321841510292690e-01, -1.523213341915433e-01
  3.621000000000000e+01,  1.138283349281880e+00,  1.443572349780580e-01,  1.233886201794043e-01,  1.713595845907625e+00, -2.321573480557218e-01, -1.525566266915353e-01
  3.622000000000000e+01,  1.138219781792439e+00,  1.442301395880148e-01,  1.230040231915337e-01,  1.713734166218676e+00, -2.321322482598652e-01, -1.527824171595955e-01
  3.623000000000000e+01,  1.138159271866153e+00,  1.441055428621560e-01,  1.226231872166334e-01,  1.713873562151143e+00, -2.321089385878128e-01, -1.529985120709972e-01
  3.624000000000000e+01,  1.138102121754338e+00,  1.439835340994042e-01,  1.222459269494576e-01,  1.714013940209902e+00, -2.320874556712012e-01, -1.532047486679798e-01
  3.625000000000000e+01,  1.138048244759697e+00,  1.438641403915781e-01,  1.218723469476815e-01,  1.714155199670705e+00, -2.320678697704233e-01, -1.534009952645053e-01
  3.626000000000000e+01,  1.137997659176766e+00,  1.437474003348815e-01,  1.215024693494289e-01,  1.714297224947900e+00, -2.320502253669044e-01, -1.535871505248319e-01
  3.627000000000000e+01,  1.137950361528400e+00,  1.436333442665094e-01,  1.211363314899124e-01,  1.714439887316640e+00, -2.320345554669028e-01, -1.537631438326715e-01
  3.628000000000000e+01,  1.137906487123734e+00,  1.435220310203058e-01,  1.207737785262833e-01,  1.714583116204260e+00, -2.320208732705349e-01, -1.539289478227940e-01
  3.629000000000000e+01,  1.137865655915417e+00,  1.434133973203122e-01,  1.204153151023636e-01,  1.714726605170637e+00, -2.320092034056527e-01, -1.540845279544648e-01
  3.630000000000000e+01,  1.137827993640311e+00,  1.433074898727122e-01,  1.200607901295047e-01,  1.714870270034277e+00, -2.319995333962161e-01, -1.542299201476641e-01
  3.631000000000000e+01,  1.137793429699343e+00,  1.432043054307905e-01,  1.197103008151457e-01,  1.715013934208747e+00, -2.319918473134101e-01, -1.543651773766571e-01
  3.632000000000000e+01,  1.137761730565641e+00,  1.431037908987083e-01,  1.193641848114555e-01,  1.715157340731649e+00, -2.319861240561935e-01, -1.544903698026132e-01
  3.633000000000000e+01,  1.137733133939966e+00,  1.430060108521554e-01,  1.190220928548312e-01,  1.715300450718609e+00, -2.319823084981330e-01, -1.546056417105347e-01
  3.634000000000000e+01,  1.137707364766247e+00,  1.429108884643013e-01,  1.186844248959137e-01,  1.715442982747722e+00, -2.319803574423058e-01, -1.547111237581150e-01
  3.635000000000000e+01,  1.137684320647761e+00,  1.428183842262971e-01,  1.183513401224528e-01,  1.715584736346903e+00, -2.319802092373553e-01, -1.548069931961304e-01
  3.636000000000000e+01,  1.137664037638621e+00,  1.427284946848029e-01,  1.180227727957031e-01,  1.715725575578879e+00, -2.319817847214473e-01, -1.548934721308181e-01
  3.637000000000000e+01,  1.137646092648884e+00,  1.426410711658574e-01,  1.176994241607681e-01,  1.715865158513676e+00, -2.319850208357888e-01, -1.549707639658923e-01
  3.638000000000000e+01,  1.137630544253037e+00,  1.425561040069951e-01,  1.173812182132390e-01,  1.716003365931799e+00, -2.319898200462609e-01, -1.550391472845965e-01
  3.639000000000000e+01,  1.137617279941149e+00,  1.424735288675836e-01,  1.170683642967412e-01,  1.716140006315033e+00, -2.319960870132841e-01, -1.550989077898000e-01
  3.640000000000000e+01,  1.137606058759188e+00,  1.423932280797908e-01,  1.167613437710644e-01,  1.716274831604484e+00, -2.320037271776047e-01, -1.551503357277320e-01
  3.641000000000000e+01,  1.137597057416067e+00,  1.423152408912871e-01,  1.164598102294537e-01,  1.716407805294031e+00, -2.320126199444331e-01, -1.551937959034867e-01
  3.642000000000000e+01,  1.137590013736936e+00,  1.422394398789759e-01,  1.161642932281922e-01,  1.716538685191678e+00, -2.320226644167636e-01, -1.552296136537958e-01
  3.643000000000000e+01,  1.137584830020733e+00,  1.421657560032692e-01,  1.158750124671243e-01,  1.716667318641877e+00, -2.320337503740650e-01, -1.552581498788004e-01
  3.644000000000000e+01,  1.137581527185688e+00,  1.420941786254697e-01,  1.155918867688498e-01,  1.716793621572303e+00, -2.320457591630985e-01, -1.552798004493190e-01
  3.645000000000000e+01,  1.137579769573042e+00,  1.420245161000577e-01,  1.153157582279810e-01,  1.716917347822331e+00, -2.320586003470939e-01, -1.552949023000087e-01
  3.646000000000000e+01,  1.137579619184058e+00,  1.419567674805047e-01,  1.150464811531923e-01,  1.717038455054584e+00, -2.320721561075950e-01, -1.553038705036090e-01
  3.647000000000000e+01,  1.137581002459140e+00,  1.418908668307699e-01,  1.147842401934254e-01,  1.717156848516236e+00, -2.320863213993843e-01, -1.553070983024878e-01
  3.648000000000000e+01,  1.137583851384814e+00,  1.418267502871846e-01,  1.145292057441124e-01,  1.717272448902370e+00, -2.321009945279967e-01, -1.553049780798587e-01
  3.649000000000000e+01,  1.137588103547486e+00,  1.417643565006617e-01,  1.142815311687747e-01,  1.717385192438935e+00, -2.321160779156975e-01, -1.552978981597873e-01
  3.650000000000000e+01,  1.137593658406812e+00,  1.417035650275071e-01,  1.140416240627758e-01,  1.717494998770566e+00, -2.321314827157717e-01, -1.552862146750850e-01
  3.651000000000000e+01,  1.137600566863439e+00,  1.416444508099484e-01,  1.138090127446202e-01,  1.717601906397560e+00, -2.321471135916709e-01, -1.552703548078344e-01
  3.652000000000000e+01,  1.137608717377779e+00,  1.415868909447360e-01,  1.135841059685954e-01,  1.717705854369723e+00, -2.321628943680734e-01, -1.552506530053056e-01
  3.653000000000000e+01,  1.137618065251471e+00,  1.415308362297067e-01,  1.133669692185098e-01,  1.717806836943188e+00, -2.321787502358393e-01, -1.552274611947847e-01
  3.654000000000000e+01,  1.137628568029993e+00,  1.414762401729905e-01,  1.131576423049172e-01,  1.717904860223750e+00, -2.321946125560399e-01, -1.552011199716112e-01
  3.655000000000000e+01,  1.137640184867938e+00,  1.414230592675256e-01,  1.129561372201400e-01,  1.717999941154230e+00, -2.322104189245816e-01, -1.551719583807700e-01
  3.656000000000000e+01,  1.137652875969568e+00,  1.413712533394265e-01,  1.127624374402859e-01,  1.718092106517891e+00, -2.322261131521950e-01, -1.551402926914186e-01
  3.657000000000000e+01,  1.137666602197693e+00,  1.413207853385183e-01,  1.125764984387702e-01,  1.718181391696739e+00, -2.322416450893683e-01, -1.551064245425763e-01
  3.658000000000000e+01,  1.137681324694553e+00,  1.412716211957974e-01,  1.123982491778272e-01,  1.718267839191397e+00, -2.322569702550466e-01, -1.550706398438726e-01
  3.659000000000000e+01,  1.137697004464282e+00,  1.412237302257113e-01,  1.122275939142531e-01,  1.718351497096670e+00, -2.322720492685626e-01, -1.550332090871383e-01
  3.660000000000000e+01,  1.137713601787557e+00,  1.411770856659478e-01,  1.120644138730459e-01,  1.718432417631312e+00, -2.322868474592038e-01, -1.549943880271955e-01
  3.661000000000000e+01,  1.137730992402420e+00,  1.411317143348088e-01,  1.119084234736734e-01,  1.718510640767313e+00, -2.323013328554142e-01, -1.549544593823058e-01
  3.662000000000000e+01,  1.137749295870672e+00,  1.410875040375483e-01,  1.117597704163192e-01,  1.718586252363280e+00, -2.323154853828984e-01, -1.549135655581329e-01
  3.663000000000000e+01,  1.137768380125774e+00,  1.410445060430678e-01,  1.116181127968836e-01,  1.718659296620283e+00, -2.323292825728904e-01, -1.548719637582327e-01
  3.664000000000000e+01,  1.137788185949913e+00,  1.410027305554911e-01,  1.114832588264164e-01,  1.718729830720338e+00, -2.323427095750873e-01, -1.548298545781894e-01
  3.665000000000000e+01,  1.137808645417445e+00,  1.409621965682422e-01,  1.113550055549889e-01,  1.718797910582767e+00, -2.323557558162316e-01, -1.547874253668650e-01
  3.666000000000000e+01,  1.137829681701667e+00,  1.409229304423494e-01,  1.112331408448618e-01,  1.718863590182469e+00, -2.323684141191059e-01, -1.547448507070246e-01
  3.667000000000000e+01,  1.137851210003089e+00,  1.408849652389264e-01,  1.111174453782009e-01,  1.718926921070692e+00, -2.323806798924358e-01, -1.547022932111033e-01
  3.668000000000000e+01,  1.137873139054233e+00,  1.408483395591260e-01,  1.110076949605390e-01,  1.718987951910619e+00, -2.323925506704212e-01, -1.546599038592642e-01
  3.669000000000000e+01,  1.137895373066462e+00,  1.408130945666830e-01,  1.109036631455693e-01,  1.719046728057155e+00, -2.324040259022471e-01, -1.546178211729954e-01
  3.670000000000000e+01,  1.137917814088838e+00,  1.407792696714709e-01,  1.108051235494096e-01,  1.719103291254465e+00, -2.324151067519321e-01, -1.545761700318870e-01
  3.671000000000000e+01,  1.137940364330325e+00,  1.407468989392879e-01,  1.107118514820971e-01,  1.719157679401534e+00, -2.324257957451196e-01, -1.545350615948416e-01
  3.672000000000000e+01,  1.137962927868140e+00,  1.407160092453963e-01,  1.106236256533721e-01,  1.719209926289549e+00, -2.324360963082447e-01, -1.544945944320974e-01
  3.673000000000000e+01,  1.137985411464427e+00,  1.406866197808283e-01,  1.105402305131002e-01,  1.719260061329114e+00, -2.324460124037354e-01, -1.544548560915451e-01
  3.674000000000000e+01,  1.138007724544746e+00,  1.406587424964636e-01,  1.104614583588762e-01,  1.719308109405560e+00, -2.324555484637986e-01, -1.544159245663683e-01
  3.675000000000000e+01,  1.138029779103560e+00,  1.406323825682905e-01,  1.103871108917280e-01,  1.719354090908904e+00, -2.324647095687699e-01, -1.543778690445049e-01
  3.676000000000000e+01,  1.138051490225774e+00,  1.406075377533655e-01,  1.103170012269509e-01,  1.719398021796111e+00, -2.324735013990072e-01, -1.543407497610445e-01
  3.677000000000000e+01,  1.138072776583032e+00,  1.405841970818724e-01,  1.102509560831246e-01,  1.719439913644128e+00, -2.324819297914916e-01, -1.543046180197635e-01
  3.678000000000000e+01,  1.138093560257014e+00,  1.405623403295977e-01,  1.101888166015222e-01,  1.719479773948703e+00, -2.324900003924990e-01, -1.542695174020522e-01
  3.679000000000000e+01,  1.138113766448408e+00,  1.405419388799785e-01,  1.101304375241535e-01,  1.719517606942995e+00, -2.324977185598489e-01, -1.542354860941187e-01
  3.680000000000000e+01,  1.138133374065555e+00,  1.405229210809151e-01,  1.100757541564766e-01,  1.719553434507553e+00, -2.325050855409841e-01, -1.542025631704919e-01
  3.681000000000000e+01,  1.138152208395556e+00,  1.405053249402892e-01,  1.100245003749905e-01,  1.719587217687399e+00, -2.325121126608563e-01, -1.541707789886907e-01
  3.682000000000000e+01,  1.138170265451262e+00,  1.404890693975713e-01,  1.099766369277933e-01,  1.719618981809915e+00, -2.325187985363507e-01, -1.541401717935656e-01
  3.683000000000000e+01,  1.138187489232278e+00,  1.404741146592952e-01,  1.099320556298064e-01,  1.719648733689583e+00, -2.325251445173919e-01, -1.541107813377497e-01
  3.684000000000000e+01,  1.138203831775771e+00,  1.404604218252623e-01,  1.098906539837555e-01,  1.719676484880535e+00, -2.325311508968378e-01, -1.540826493050272e-01
  3.685000000000000e+01,  1.138219253485636e+00,  1.404479524831590e-01,  1.098523336486702e-01,  1.719702252560214e+00, -2.325368169287242e-01, -1.540558182069301e-01
  3.686000000000000e+01,  1.138233723417920e+00,  1.404366674475606e-01,  1.098169988365501e-01,  1.719726060305836e+00, -2.325421407100932e-01, -1.540303305777740e-01
  3.687000000000000e+01,  1.138247219157267e+00,  1.404265251913381e-01,  1.097845544746362e-01,  1.719747938739543e+00, -2.325471193162325e-01, -1.540062287329618e-01
  3.688000000000000e+01,  1.138259726166030e+00,  1.404174803068492e-01,  1.097549044074435e-01,  1.719767926112615e+00, -2.325517492245136e-01, -1.539835546221303e-01
  3.689000000000000e+01,  1.138271236855558e+00,  1.404094822551345e-01,  1.097279500303524e-01,  1.719786068716936e+00, -2.325560269120597e-01, -1.539623491981789e-01
  3.690000000000000e+01,  1.138281749970575e+00,  1.404024747872517e-01,  1.097035897867282e-01,  1.719802420932614e+00, -2.325599497335026e-01, -1.539426506377905e-01
  3.691000000000000e+01,  1.138291270569040e+00,  1.403963963586707e-01,  1.096817196502721e-01,  1.719817044896582e+00, -2.325635168794657e-01, -1.539244914858225e-01
  3.692000000000000e+01,  1.138299794878525e+00,  1.403911929605286e-01,  1.096621790625878e-01,  1.719829993885801e+00, -2.325667213358213e-01, -1.539079481107976e-01
  3.693000000000000e+01,  1.138307375573638e+00,  1.403867700193597e-01,  1.096449775290405e-01,  1.719841377958273e+00, -2.325695859412221e-01, -1.538929239814225e-01
  3.694000000000000e+01,  1.138314020285902e+00,  1.403830714525987e-01,  1.096299446765846e-01,  1.719851261238463e+00, -2.325721076363263e-01, -1.538794789936855e-01
  3.695000000000000e+01,  1.138319761950974e+00,  1.403800262422921e-01,  1.096169671703026e-01,  1.719859731053856e+00, -2.325742966585028e-01, -1.538676021883641e-01
  3.696000000000000e+01,  1.138324642219552e+00,  1.403775632812301e-01,  1.096059272411427e-01,  1.719866880194728e+00, -2.325761662693671e-01, -1.538572679989540e-01
  3.697000000000000e+01,  1.138328710485099e+00,  1.403756126359541e-01,  1.095967004710715e-01,  1.719872806361865e+00, -2.325777326937584e-01, -1.538484363155443e-01
  3.698000000000000e+01,  1.138331998410822e+00,  1.403741199128514e-01,  1.095892101605370e-01,  1.719877575287311e+00, -2.325790055031437e-01, -1.538411017642328e-01
  3.699000000000000e+01,  1.138334486992896e+00,  1.403729814950174e-01,  1.095832905729626e-01,  1.719881343740916e+00, -2.325800209273600e-01, -1.538352078252278e-01
  3.700000000000000e+01,  1.138336635479535e+00,  1.403721135092624e-01,  1.095783772221169e-01,  1.719884415221168e+00, -2.325808515614780e-01, -1.538302099009972e-01
