Main.Studies.MarkerTracking.t,Main.Studies.MarkerTracking.JointAngleOutputs.OutputFile_LeftArm.ThoraxClavicula[0],Main.Studies.MarkerTracking.JointAngleOutputs.OutputFile_LeftArm.ThoraxClavicula[1],Main.Studies.MarkerTracking.JointAngleOutputs.OutputFile_LeftArm.ThoraxClavicula[2],Main.Studies.MarkerTracking.JointAngleOutputs.OutputFile_LeftArm.ClaviculaScapula[0],Main.Studies.MarkerTracking.JointAngleOutputs.OutputFile_LeftArm.ClaviculaScapula[1],Main.Studies.MarkerTracking.JointAngleOutputs.OutputFile_LeftArm.ClaviculaScapula[2],Main.Studies.MarkerTracking.JointAngleOutputs.OutputFile_LeftArm.ScapulaHumerus[0],Main.Studies.MarkerTracking.JointAngleOutputs.OutputFile_LeftArm.ScapulaHumerus[1],Main.Studies.MarkerTracking.JointAngleOutputs.OutputFile_LeftArm.ScapulaHumerus[2],Main.Studies.MarkerTracking.JointAngleOutputs.OutputFile_LeftArm.HumerusUlna,Main.Studies.MarkerTracking.JointAngleOutputs.OutputFile_LeftArm.UlnaRadius,Main.Studies.MarkerTracking.JointAngleOutputs.OutputFile_LeftArm.RadiusWrist,Main.Studies.MarkerTracking.JointAngleOutputs.OutputFile_LeftArm.WristHand
  5.000000000000000e-01, -2.713217446548974e-02, -1.912778952117132e-01,  3.628933060832524e-02, -3.989147449523965e-02,  7.176712299049632e-01, -3.797026589036322e-02,  4.462574602165206e-01, -5.897366361396611e-01,  4.126686416255348e-01,  2.094395102393194e+00,  3.190648909250230e-04, -1.249000902703301e-16,  5.551115123125781e-17
  5.100000000000000e-01, -2.713217446524566e-02, -1.912778952117113e-01,  3.628933060834921e-02, -3.989147449506741e-02,  7.176712299049527e-01, -3.797026589060313e-02,  4.462574602163875e-01, -5.897366361397474e-01,  4.126686416251302e-01,  2.094395102393195e+00,  3.190648909251354e-04,  2.775557561562892e-17,  5.551115123125783e-17
  5.200000000000000e-01, -2.713217446524862e-02, -1.912778952117118e-01,  3.628933060834925e-02, -3.989147449506514e-02,  7.176712299049527e-01, -3.797026589060215e-02,  4.462574602163871e-01, -5.897366361397468e-01,  4.126686416251315e-01,  2.094395102393195e+00,  3.190648909254685e-04, -4.163336342344337e-17,  5.551115123125781e-17
  5.300000000000000e-01, -2.713217446524711e-02, -1.912778952117110e-01,  3.628933060834947e-02, -3.989147449506867e-02,  7.176712299049527e-01, -3.797026589060206e-02,  4.462574602163872e-01, -5.897366361397467e-01,  4.126686416251337e-01,  2.094395102393195e+00,  3.190648909254679e-04, -2.775557561562892e-17,  8.326672684688674e-17
  5.400000000000000e-01, -2.713217446524801e-02, -1.912778952117118e-01,  3.628933060834922e-02, -3.989147449506469e-02,  7.176712299049531e-01, -3.797026589060264e-02,  4.462574602163856e-01, -5.897366361397470e-01,  4.126686416251317e-01,  2.094395102393195e+00,  3.190648909250238e-04, -4.163336342344337e-17,  1.110223024625157e-16
  5.500000000000000e-01, -2.713217446524664e-02, -1.912778952117112e-01,  3.628933060834894e-02, -3.989147449506809e-02,  7.176712299049527e-01, -3.797026589060249e-02,  4.462574602163859e-01, -5.897366361397463e-01,  4.126686416251338e-01,  2.094395102393195e+00,  3.190648909246912e-04,  0.000000000000000e+00,  1.665334536937735e-16
  5.600000000000001e-01, -2.713217446524921e-02, -1.912778952117117e-01,  3.628933060834916e-02, -3.989147449506525e-02,  7.176712299049525e-01, -3.797026589060171e-02,  4.462574602163851e-01, -5.897366361397458e-01,  4.126686416251349e-01,  2.094395102393195e+00,  3.190648909249133e-04, -1.804112415015879e-16,  2.498001805406601e-16
  5.700000000000000e-01, -2.713217446524636e-02, -1.912778952117112e-01,  3.628933060834919e-02, -3.989147449506775e-02,  7.176712299049525e-01, -3.797026589060271e-02,  4.462574602163845e-01, -5.897366361397460e-01,  4.126686416251349e-01,  2.094395102393195e+00,  3.190648909245803e-04,  6.938893903907228e-17,  2.775557561562891e-16
  5.800000000000000e-01, -2.713217446524806e-02, -1.912778952117110e-01,  3.628933060834876e-02, -3.989147449506435e-02,  7.176712299049524e-01, -3.797026589060247e-02,  4.462574602163834e-01, -5.897366361397463e-01,  4.126686416251339e-01,  2.094395102393195e+00,  3.190648909245793e-04,  1.387778780781446e-17,  3.608224830031759e-16
  5.900000000000000e-01, -2.713217446524543e-02, -1.912778952117122e-01,  3.628933060834933e-02, -3.989147449506684e-02,  7.176712299049532e-01, -3.797026589060378e-02,  4.462574602163826e-01, -5.897366361397456e-01,  4.126686416251339e-01,  2.094395102393196e+00,  3.190648909251378e-04, -5.551115123125784e-17,  3.053113317719180e-16
  6.000000000000000e-01, -2.713217446524909e-02, -1.912778952117118e-01,  3.628933060834919e-02, -3.989147449506514e-02,  7.176712299049527e-01, -3.797026589060188e-02,  4.462574602163826e-01, -5.897366361397454e-01,  4.126686416251366e-01,  2.094395102393195e+00,  3.190648909251365e-04, -6.938893903907228e-17,  3.330669073875470e-16
  6.100000000000000e-01, -2.713217446524585e-02, -1.912778952117113e-01,  3.628933060834934e-02, -3.989147449506719e-02,  7.176712299049521e-01, -3.797026589060346e-02,  4.462574602163817e-01, -5.897366361397458e-01,  4.126686416251361e-01,  2.094395102393195e+00,  3.190648909246896e-04, -9.714451465470120e-17,  3.885780586188048e-16
  6.200000000000000e-01, -2.713217446525405e-02, -1.912778952117121e-01,  3.628933060834848e-02, -3.989147449506004e-02,  7.176712299049530e-01, -3.797026589060012e-02,  4.462574602163816e-01, -5.897366361397456e-01,  4.126686416251377e-01,  2.094395102393195e+00,  3.190648909248041e-04, -5.551115123125783e-17,  4.163336342344337e-16
  6.300000000000000e-01, -2.713217446524691e-02, -1.912778952117112e-01,  3.628933060834898e-02, -3.989147449506820e-02,  7.176712299049524e-01, -3.797026589060234e-02,  4.462574602163812e-01, -5.897366361397446e-01,  4.126686416251398e-01,  2.094395102393196e+00,  3.190648909251359e-04, -8.326672684688673e-17,  4.440892098500626e-16
  6.400000000000000e-01, -2.713217446524278e-02, -1.912778952117108e-01,  3.628933060834921e-02, -3.989147449507002e-02,  7.176712299049522e-01, -3.797026589060414e-02,  4.462574602163802e-01, -5.897366361397444e-01,  4.126686416251384e-01,  2.094395102393195e+00,  3.190648909252448e-04, -9.714451465470120e-17,  4.996003610813204e-16
  6.500000000000000e-01, -2.713217446524567e-02, -1.912778952117104e-01,  3.628933060834925e-02, -3.989147449506718e-02,  7.176712299049520e-01, -3.797026589060350e-02,  4.462574602163795e-01, -5.897366361397448e-01,  4.126686416251391e-01,  2.094395102393195e+00,  3.190648909249125e-04, -1.387778780781446e-16,  4.996003610813203e-16
  6.600000000000000e-01, -2.713217446524917e-02, -1.912778952117118e-01,  3.628933060834887e-02, -3.989147449506536e-02,  7.176712299049525e-01, -3.797026589060153e-02,  4.462574602163795e-01, -5.897366361397441e-01,  4.126686416251411e-01,  2.094395102393196e+00,  3.190648909245828e-04,  8.326672684688674e-17,  4.996003610813204e-16
  6.700000000000000e-01, -2.713217446524013e-02, -1.912778952117110e-01,  3.628933060834987e-02, -3.989147449507297e-02,  7.176712299049522e-01, -3.797026589060506e-02,  4.462574602163784e-01, -5.897366361397445e-01,  4.126686416251404e-01,  2.094395102393195e+00,  3.190648909250252e-04,  5.551115123125784e-17,  6.106226635438360e-16
  6.799999999999999e-01, -2.713217446524280e-02, -1.912778952117107e-01,  3.628933060834955e-02, -3.989147449507059e-02,  7.176712299049525e-01, -3.797026589060412e-02,  4.462574602163781e-01, -5.897366361397439e-01,  4.126686416251414e-01,  2.094395102393195e+00,  3.190648909252459e-04, -6.938893903907227e-17,  6.383782391594649e-16
  6.899999999999999e-01, -2.713217446524455e-02, -1.912778952117114e-01,  3.628933060834931e-02, -3.989147449506685e-02,  7.176712299049527e-01, -3.797026589060420e-02,  4.462574602163761e-01, -5.897366361397440e-01,  4.126686416251398e-01,  2.094395102393194e+00,  3.190648909250257e-04, -1.804112415015879e-16,  7.216449660063518e-16
  7.000000000000000e-01, -2.713217446524810e-02, -1.912778952117110e-01,  3.628933060834879e-02, -3.989147449506526e-02,  7.176712299049529e-01, -3.797026589060238e-02,  4.462574602163766e-01, -5.897366361397433e-01,  4.126686416251421e-01,  2.094395102393196e+00,  3.190648909251340e-04,  1.249000902703301e-16,  6.661338147750938e-16
  7.100000000000000e-01, -2.713217446524573e-02, -1.912778952117113e-01,  3.628933060834914e-02, -3.989147449506786e-02,  7.176712299049525e-01, -3.797026589060305e-02,  4.462574602163760e-01, -5.897366361397435e-01,  4.126686416251427e-01,  2.094395102393195e+00,  3.190648909252477e-04, -8.326672684688674e-17,  7.216449660063518e-16
  7.200000000000000e-01, -2.713217446525382e-02, -1.912778952117120e-01,  3.628933060834866e-02, -3.989147449506004e-02,  7.176712299049534e-01, -3.797026589060042e-02,  4.462574602163754e-01, -5.897366361397435e-01,  4.126686416251431e-01,  2.094395102393195e+00,  3.190648909251351e-04, -1.249000902703301e-16,  8.049116928532385e-16
  7.300000000000000e-01, -2.713217446524459e-02, -1.912778952117114e-01,  3.628933060834937e-02, -3.989147449506673e-02,  7.176712299049528e-01, -3.797026589060445e-02,  4.462574602163745e-01, -5.897366361397431e-01,  4.126686416251422e-01,  2.094395102393196e+00,  3.190648909252450e-04,  8.326672684688673e-17,  8.326672684688674e-16
  7.400000000000000e-01, -2.713217446524431e-02, -1.912778952117114e-01,  3.628933060834952e-02, -3.989147449507059e-02,  7.176712299049520e-01, -3.797026589060334e-02,  4.462574602163742e-01, -5.897366361397421e-01,  4.126686416251463e-01,  2.094395102393195e+00,  3.190648909253590e-04, -1.249000902703301e-16,  8.604228440844963e-16
  7.500000000000000e-01, -2.713217446524487e-02, -1.912778952117114e-01,  3.628933060834938e-02, -3.989147449506696e-02,  7.176712299049529e-01, -3.797026589060404e-02,  4.462574602163731e-01, -5.897366361397429e-01,  4.126686416251442e-01,  2.094395102393195e+00,  3.190648909249117e-04, -1.249000902703301e-16,  8.881784197001250e-16
  7.600000000000000e-01, -2.713217446524231e-02, -1.912778952117117e-01,  3.628933060834982e-02, -3.989147449506956e-02,  7.176712299049525e-01, -3.797026589060500e-02,  4.462574602163726e-01, -5.897366361397423e-01,  4.126686416251447e-01,  2.094395102393196e+00,  3.190648909251366e-04, -5.551115123125781e-17,  9.159339953157539e-16
  7.700000000000000e-01, -2.713217446524529e-02, -1.912778952117122e-01,  3.628933060834955e-02, -3.989147449506684e-02,  7.176712299049530e-01, -3.797026589060370e-02,  4.462574602163720e-01, -5.897366361397418e-01,  4.126686416251459e-01,  2.094395102393196e+00,  3.190648909248011e-04, -1.110223024625157e-16,  9.992007221626409e-16
  7.800000000000000e-01, -2.713217446524832e-02, -1.912778952117119e-01,  3.628933060834909e-02, -3.989147449506458e-02,  7.176712299049527e-01, -3.797026589060271e-02,  4.462574602163716e-01, -5.897366361397420e-01,  4.126686416251464e-01,  2.094395102393195e+00,  3.190648909248012e-04, -9.714451465470120e-17,  1.026956297778270e-15
  7.900000000000000e-01, -2.713217446524028e-02, -1.912778952117111e-01,  3.628933060834960e-02, -3.989147449507285e-02,  7.176712299049521e-01, -3.797026589060495e-02,  4.462574602163715e-01, -5.897366361397417e-01,  4.126686416251479e-01,  2.094395102393195e+00,  3.190648909245826e-04, -1.110223024625156e-16,  9.436895709313831e-16
  8.000000000000000e-01, -2.713217446524837e-02, -1.912778952117118e-01,  3.628933060834912e-02, -3.989147449506480e-02,  7.176712299049529e-01, -3.797026589060238e-02,  4.462574602163706e-01, -5.897366361397417e-01,  4.126686416251483e-01,  2.094395102393195e+00,  3.190648909242485e-04, -8.326672684688673e-17,  8.881784197001250e-16
  8.100000000000001e-01, -2.713217446524668e-02, -1.912778952117111e-01,  3.628933060834922e-02, -3.989147449506820e-02,  7.176712299049524e-01, -3.797026589060214e-02,  4.462574602163706e-01, -5.897366361397409e-01,  4.126686416251508e-01,  2.094395102393196e+00,  3.190648909244681e-04, -8.326672684688674e-17,  9.436895709313831e-16
  8.200000000000001e-01, -2.713217446524356e-02, -1.912778952117116e-01,  3.628933060834930e-02, -3.989147449507002e-02,  7.176712299049529e-01, -3.797026589060368e-02,  4.462574602163700e-01, -5.897366361397411e-01,  4.126686416251505e-01,  2.094395102393195e+00,  3.190648909243589e-04, -8.326672684688674e-17,  8.604228440844959e-16
  8.300000000000001e-01, -2.713217446524570e-02, -1.912778952117112e-01,  3.628933060834953e-02, -3.989147449506775e-02,  7.176712299049522e-01, -3.797026589060300e-02,  4.462574602163688e-01, -5.897366361397414e-01,  4.126686416251512e-01,  2.094395102393195e+00,  3.190648909245807e-04, -4.163336342344338e-17,  7.771561172376096e-16
  8.400000000000001e-01, -2.713217446524934e-02, -1.912778952117117e-01,  3.628933060834910e-02, -3.989147449506538e-02,  7.176712299049529e-01, -3.797026589060175e-02,  4.462574602163683e-01, -5.897366361397405e-01,  4.126686416251521e-01,  2.094395102393196e+00,  3.190648909245793e-04, -5.551115123125783e-17,  8.049116928532385e-16
  8.500000000000000e-01, -2.713217446524518e-02, -1.912778952117113e-01,  3.628933060834943e-02, -3.989147449506662e-02,  7.176712299049528e-01, -3.797026589060427e-02,  4.462574602163671e-01, -5.897366361397407e-01,  4.126686416251500e-01,  2.094395102393195e+00,  3.190648909245789e-04, -8.326672684688674e-17,  7.494005416219807e-16
  8.600000000000000e-01, -2.713217446524860e-02, -1.912778952117118e-01,  3.628933060834901e-02, -3.989147449506458e-02,  7.176712299049527e-01, -3.797026589060246e-02,  4.462574602163667e-01, -5.897366361397410e-01,  4.126686416251520e-01,  2.094395102393195e+00,  3.190648909242498e-04, -9.714451465470117e-17,  7.494005416219804e-16
  8.700000000000000e-01, -2.713217446524028e-02, -1.912778952117110e-01,  3.628933060835007e-02, -3.989147449507194e-02,  7.176712299049524e-01, -3.797026589060543e-02,  4.462574602163657e-01, -5.897366361397398e-01,  4.126686416251526e-01,  2.094395102393196e+00,  3.190648909245800e-04, -1.110223024625157e-16,  6.938893903907226e-16
  8.800000000000000e-01, -2.713217446524765e-02, -1.912778952117120e-01,  3.628933060834901e-02, -3.989147449506378e-02,  7.176712299049531e-01, -3.797026589060306e-02,  4.462574602163646e-01, -5.897366361397398e-01,  4.126686416251523e-01,  2.094395102393195e+00,  3.190648909244687e-04, -1.665334536937735e-16,  6.661338147750939e-16
  8.900000000000000e-01, -2.713217446524607e-02, -1.912778952117121e-01,  3.628933060834937e-02, -3.989147449506741e-02,  7.176712299049534e-01, -3.797026589060323e-02,  4.462574602163651e-01, -5.897366361397391e-01,  4.126686416251552e-01,  2.094395102393196e+00,  3.190648909245814e-04, -1.665334536937734e-16,  7.494005416219807e-16
  9.000000000000000e-01, -2.713217446523642e-02, -1.912778952117106e-01,  3.628933060835004e-02, -3.989147449507433e-02,  7.176712299049525e-01, -3.797026589060722e-02,  4.462574602163634e-01, -5.897366361397398e-01,  4.126686416251535e-01,  2.094395102393196e+00,  3.190648909243594e-04, -1.110223024625157e-16,  5.828670879282071e-16
  9.100000000000000e-01, -2.713217446525111e-02, -1.912778952117115e-01,  3.628933060834863e-02, -3.989147449506277e-02,  7.176712299049532e-01, -3.797026589060083e-02,  4.462574602163637e-01, -5.897366361397393e-01,  4.126686416251574e-01,  2.094395102393195e+00,  3.190648909240276e-04,  0.000000000000000e+00,  6.106226635438361e-16
  9.200000000000000e-01, -2.713217446524791e-02, -1.912778952117110e-01,  3.628933060834909e-02, -3.989147449506514e-02,  7.176712299049521e-01, -3.797026589060243e-02,  4.462574602163624e-01, -5.897366361397389e-01,  4.126686416251575e-01,  2.094395102393196e+00,  3.190648909244688e-04, -1.387778780781445e-16,  6.106226635438361e-16
  9.300000000000000e-01, -2.713217446524601e-02, -1.912778952117113e-01,  3.628933060834917e-02, -3.989147449506786e-02,  7.176712299049522e-01, -3.797026589060289e-02,  4.462574602163620e-01, -5.897366361397385e-01,  4.126686416251586e-01,  2.094395102393195e+00,  3.190648909244694e-04, -8.326672684688674e-17,  6.383782391594650e-16
  9.399999999999999e-01, -2.713217446524839e-02, -1.912778952117118e-01,  3.628933060834912e-02, -3.989147449506480e-02,  7.176712299049529e-01, -3.797026589060238e-02,  4.462574602163614e-01, -5.897366361397384e-01,  4.126686416251587e-01,  2.094395102393195e+00,  3.190648909243609e-04, -2.775557561562891e-17,  5.273559366969493e-16
  9.500000000000000e-01, -2.713217446525121e-02, -1.912778952117115e-01,  3.628933060834874e-02, -3.989147449506209e-02,  7.176712299049524e-01, -3.797026589060162e-02,  4.462574602163605e-01, -5.897366361397384e-01,  4.126686416251588e-01,  2.094395102393195e+00,  3.190648909245812e-04, -2.775557561562891e-17,  5.828670879282072e-16
  9.600000000000000e-01, -2.713217446524253e-02, -1.912778952117117e-01,  3.628933060834966e-02, -3.989147449506957e-02,  7.176712299049525e-01, -3.797026589060506e-02,  4.462574602163595e-01, -5.897366361397385e-01,  4.126686416251590e-01,  2.094395102393195e+00,  3.190648909243597e-04, -2.775557561562891e-17,  5.828670879282071e-16
  9.700000000000000e-01, -2.713217446525124e-02, -1.912778952117115e-01,  3.628933060834877e-02, -3.989147449506220e-02,  7.176712299049529e-01, -3.797026589060168e-02,  4.462574602163591e-01, -5.897366361397380e-01,  4.126686416251606e-01,  2.094395102393195e+00,  3.190648909245789e-04, -5.551115123125784e-17,  4.718447854656915e-16
  9.800000000000000e-01, -2.713217446523798e-02, -1.912778952117104e-01,  3.628933060835027e-02, -3.989147449507581e-02,  7.176712299049520e-01, -3.797026589060567e-02,  4.462574602163586e-01, -5.897366361397374e-01,  4.126686416251623e-01,  2.094395102393195e+00,  3.190648909239161e-04,  1.110223024625156e-16,  4.996003610813202e-16
  9.900000000000000e-01, -2.713217446524602e-02, -1.912778952117112e-01,  3.628933060834935e-02, -3.989147449506786e-02,  7.176712299049525e-01, -3.797026589060322e-02,  4.462574602163585e-01, -5.897366361397377e-01,  4.126686416251626e-01,  2.094395102393196e+00,  3.190648909238035e-04, -1.665334536937735e-16,  4.718447854656914e-16
  1.000000000000000e+00, -2.713217446524196e-02, -1.912778952117118e-01,  3.628933060834955e-02, -3.989147449506946e-02,  7.176712299049530e-01, -3.797026589060468e-02,  4.462574602163572e-01, -5.897366361397375e-01,  4.126686416251616e-01,  2.094395102393195e+00,  3.190648909240259e-04, -1.665334536937735e-16,  5.551115123125783e-16
  1.010000000000000e+00, -2.713217446523940e-02, -1.912778952117120e-01,  3.628933060834994e-02, -3.989147449507230e-02,  7.176712299049528e-01, -3.797026589060590e-02,  4.462574602163562e-01, -5.897366361397376e-01,  4.126686416251625e-01,  2.094395102393195e+00,  3.190648909236941e-04,  5.551115123125783e-17,  4.996003610813204e-16
  1.020000000000000e+00, -2.713217446524795e-02, -1.912778952117120e-01,  3.628933060834894e-02, -3.989147449506469e-02,  7.176712299049531e-01, -3.797026589060251e-02,  4.462574602163557e-01, -5.897366361397369e-01,  4.126686416251636e-01,  2.094395102393195e+00,  3.190648909243573e-04, -1.110223024625156e-16,  5.273559366969494e-16
  1.030000000000000e+00, -2.713217446525009e-02, -1.912778952117117e-01,  3.628933060834864e-02, -3.989147449506185e-02,  7.176712299049534e-01, -3.797026589060205e-02,  4.462574602163552e-01, -5.897366361397366e-01,  4.126686416251640e-01,  2.094395102393195e+00,  3.190648909245800e-04, -5.551115123125781e-17,  5.273559366969494e-16
  1.040000000000000e+00, -2.713217446524277e-02, -1.912778952117108e-01,  3.628933060834950e-02, -3.989147449507036e-02,  7.176712299049524e-01, -3.797026589060398e-02,  4.462574602163551e-01, -5.897366361397356e-01,  4.126686416251669e-01,  2.094395102393196e+00,  3.190648909244693e-04, -8.326672684688674e-17,  6.106226635438361e-16
  1.050000000000000e+00, -2.713217446524120e-02, -1.912778952117109e-01,  3.628933060834964e-02, -3.989147449507309e-02,  7.176712299049526e-01, -3.797026589060448e-02,  4.462574602163543e-01, -5.897366361397357e-01,  4.126686416251680e-01,  2.094395102393195e+00,  3.190648909250246e-04, -1.942890293094023e-16,  6.383782391594649e-16
  1.060000000000000e+00, -2.713217446524268e-02, -1.912778952117116e-01,  3.628933060834992e-02, -3.989147449506956e-02,  7.176712299049529e-01, -3.797026589060443e-02,  4.462574602163530e-01, -5.897366361397360e-01,  4.126686416251669e-01,  2.094395102393195e+00,  3.190648909244710e-04,  0.000000000000000e+00,  6.383782391594647e-16
  1.070000000000000e+00, -2.713217446525131e-02, -1.912778952117124e-01,  3.628933060834887e-02, -3.989147449506265e-02,  7.176712299049529e-01, -3.797026589060116e-02,  4.462574602163530e-01, -5.897366361397358e-01,  4.126686416251684e-01,  2.094395102393196e+00,  3.190648909246903e-04, -1.942890293094024e-16,  7.494005416219805e-16
  1.080000000000000e+00, -2.713217446523788e-02, -1.912778952117105e-01,  3.628933060834987e-02, -3.989147449507512e-02,  7.176712299049521e-01, -3.797026589060596e-02,  4.462574602163523e-01, -5.897366361397356e-01,  4.126686416251685e-01,  2.094395102393195e+00,  3.190648909249151e-04,  8.326672684688673e-17,  8.049116928532385e-16
  1.090000000000000e+00, -2.713217446524684e-02, -1.912778952117112e-01,  3.628933060834914e-02, -3.989147449506764e-02,  7.176712299049525e-01, -3.797026589060268e-02,  4.462574602163523e-01, -5.897366361397356e-01,  4.126686416251698e-01,  2.094395102393195e+00,  3.190648909251370e-04,  2.775557561562891e-17,  7.216449660063518e-16
  1.100000000000000e+00, -2.713217446524378e-02, -1.912778952117106e-01,  3.628933060834927e-02, -3.989147449506968e-02,  7.176712299049520e-01, -3.797026589060402e-02,  4.462574602163509e-01, -5.897366361397358e-01,  4.126686416251703e-01,  2.094395102393195e+00,  3.190648909249146e-04,  0.000000000000000e+00,  8.049116928532383e-16
  1.110000000000000e+00, -2.713217446524615e-02, -1.912778952117121e-01,  3.628933060834925e-02, -3.989147449506672e-02,  7.176712299049526e-01, -3.797026589060323e-02,  4.462574602163499e-01, -5.897366361397355e-01,  4.126686416251713e-01,  2.094395102393195e+00,  3.190648909251359e-04, -5.551115123125784e-17,  6.938893903907228e-16
  1.120000000000000e+00, -2.713217446525012e-02, -1.912778952117107e-01,  3.628933060834884e-02, -3.989147449506514e-02,  7.176712299049524e-01, -3.797026589060104e-02,  4.462574602163497e-01, -5.897366361397340e-01,  4.126686416251736e-01,  2.094395102393195e+00,  3.190648909251348e-04,  8.326672684688673e-17,  6.938893903907225e-16
  1.130000000000000e+00, -2.713217446523725e-02, -1.912778952117105e-01,  3.628933060835003e-02, -3.989147449507808e-02,  7.176712299049521e-01, -3.797026589060534e-02,  4.462574602163492e-01, -5.897366361397335e-01,  4.126686416251749e-01,  2.094395102393195e+00,  3.190648909251340e-04,  0.000000000000000e+00,  7.216449660063518e-16
  1.140000000000000e+00, -2.713217446525000e-02, -1.912778952117117e-01,  3.628933060834869e-02, -3.989147449506458e-02,  7.176712299049531e-01, -3.797026589060123e-02,  4.462574602163485e-01, -5.897366361397340e-01,  4.126686416251748e-01,  2.094395102393196e+00,  3.190648909252475e-04,  1.387778780781446e-16,  6.383782391594650e-16
  1.150000000000000e+00, -2.713217446523525e-02, -1.912778952117117e-01,  3.628933060835030e-02, -3.989147449507660e-02,  7.176712299049530e-01, -3.797026589060778e-02,  4.462574602163464e-01, -5.897366361397335e-01,  4.126686416251725e-01,  2.094395102393196e+00,  3.190648909252456e-04, -2.775557561562891e-17,  6.938893903907228e-16
  1.160000000000000e+00, -2.713217446524890e-02, -1.912778952117118e-01,  3.628933060834905e-02, -3.989147449506435e-02,  7.176712299049532e-01, -3.797026589060230e-02,  4.462574602163462e-01, -5.897366361397336e-01,  4.126686416251747e-01,  2.094395102393195e+00,  3.190648909253583e-04, -5.551115123125783e-17,  7.216449660063516e-16
  1.170000000000000e+00, -2.713217446524684e-02, -1.912778952117120e-01,  3.628933060834928e-02, -3.989147449506674e-02,  7.176712299049530e-01, -3.797026589060314e-02,  4.462574602163455e-01, -5.897366361397337e-01,  4.126686416251756e-01,  2.094395102393195e+00,  3.190648909250235e-04, -2.775557561562891e-17,  7.494005416219807e-16
  1.180000000000000e+00, -2.713217446524357e-02, -1.912778952117116e-01,  3.628933060834910e-02, -3.989147449506888e-02,  7.176712299049532e-01, -3.797026589060438e-02,  4.462574602163445e-01, -5.897366361397329e-01,  4.126686416251755e-01,  2.094395102393196e+00,  3.190648909254698e-04, -1.110223024625156e-16,  7.771561172376096e-16
  1.190000000000000e+00, -2.713217446524586e-02, -1.912778952117122e-01,  3.628933060834936e-02, -3.989147449506594e-02,  7.176712299049528e-01, -3.797026589060350e-02,  4.462574602163435e-01, -5.897366361397334e-01,  4.126686416251762e-01,  2.094395102393195e+00,  3.190648909253599e-04, -1.387778780781446e-16,  7.494005416219807e-16
  1.200000000000000e+00, -2.713217446524928e-02, -1.912778952117117e-01,  3.628933060834909e-02, -3.989147449506378e-02,  7.176712299049530e-01, -3.797026589060257e-02,  4.462574602163430e-01, -5.897366361397325e-01,  4.126686416251769e-01,  2.094395102393196e+00,  3.190648909251337e-04, -1.942890293094024e-16,  7.216449660063519e-16
  1.210000000000000e+00, -2.713217446524624e-02, -1.912778952117112e-01,  3.628933060834916e-02, -3.989147449506640e-02,  7.176712299049530e-01, -3.797026589060334e-02,  4.462574602163425e-01, -5.897366361397324e-01,  4.126686416251783e-01,  2.094395102393195e+00,  3.190648909252489e-04,  0.000000000000000e+00,  7.216449660063516e-16
  1.220000000000000e+00, -2.713217446524428e-02, -1.912778952117115e-01,  3.628933060834957e-02, -3.989147449506991e-02,  7.176712299049524e-01, -3.797026589060344e-02,  4.462574602163418e-01, -5.897366361397323e-01,  4.126686416251804e-01,  2.094395102393196e+00,  3.190648909251377e-04, -8.326672684688673e-17,  6.383782391594650e-16
  1.230000000000000e+00, -2.713217446551210e-02, -1.912778952117166e-01,  3.628933060832385e-02, -3.989147449526372e-02,  7.176712299049669e-01, -3.797026589033798e-02,  4.462574602164880e-01, -5.897366361396366e-01,  4.126686416256308e-01,  2.094395102393195e+00,  3.190648909253576e-04, -1.387778780781446e-16,  6.938893903907228e-16
  1.240000000000000e+00, -2.713217446524046e-02, -1.912778952117109e-01,  3.628933060835002e-02, -3.989147449507161e-02,  7.176712299049522e-01, -3.797026589060568e-02,  4.462574602163401e-01, -5.897366361397322e-01,  4.126686416251802e-01,  2.094395102393195e+00,  3.190648909255807e-04, -2.775557561562891e-17,  7.216449660063518e-16
  1.250000000000000e+00, -2.713217446524452e-02, -1.912778952117113e-01,  3.628933060834958e-02, -3.989147449506979e-02,  7.176712299049522e-01, -3.797026589060307e-02,  4.462574602163403e-01, -5.897366361397314e-01,  4.126686416251831e-01,  2.094395102393195e+00,  3.190648909256900e-04, -2.775557561562891e-17,  6.938893903907226e-16
  1.260000000000000e+00, -2.713217446524203e-02, -1.912778952117108e-01,  3.628933060834968e-02, -3.989147449507253e-02,  7.176712299049522e-01, -3.797026589060427e-02,  4.462574602163397e-01, -5.897366361397305e-01,  4.126686416251836e-01,  2.094395102393195e+00,  3.190648909253590e-04, -5.551115123125783e-17,  7.494005416219805e-16
  1.270000000000000e+00, -2.713217446524806e-02, -1.912778952117119e-01,  3.628933060834899e-02, -3.989147449506322e-02,  7.176712299049534e-01, -3.797026589060321e-02,  4.462574602163381e-01, -5.897366361397314e-01,  4.126686416251812e-01,  2.094395102393195e+00,  3.190648909248016e-04,  0.000000000000000e+00,  6.106226635438361e-16
  1.280000000000000e+00, -2.713217446524688e-02, -1.912778952117112e-01,  3.628933060834885e-02, -3.989147449506696e-02,  7.176712299049529e-01, -3.797026589060241e-02,  4.462574602163380e-01, -5.897366361397304e-01,  4.126686416251845e-01,  2.094395102393195e+00,  3.190648909255814e-04, -1.665334536937735e-16,  6.383782391594649e-16
  1.290000000000000e+00, -2.713217446524985e-02, -1.912778952117117e-01,  3.628933060834900e-02, -3.989147449506457e-02,  7.176712299049526e-01, -3.797026589060156e-02,  4.462574602163375e-01, -5.897366361397305e-01,  4.126686416251859e-01,  2.094395102393195e+00,  3.190648909254676e-04,  1.387778780781445e-16,  6.383782391594650e-16
  1.300000000000000e+00, -2.713217446524070e-02, -1.912778952117110e-01,  3.628933060834981e-02, -3.989147449507138e-02,  7.176712299049522e-01, -3.797026589060525e-02,  4.462574602163358e-01, -5.897366361397306e-01,  4.126686416251851e-01,  2.094395102393195e+00,  3.190648909254703e-04, -8.326672684688674e-17,  6.383782391594650e-16
  1.310000000000000e+00, -2.713217446524870e-02, -1.912778952117118e-01,  3.628933060834891e-02, -3.989147449506332e-02,  7.176712299049530e-01, -3.797026589060259e-02,  4.462574602163346e-01, -5.897366361397300e-01,  4.126686416251854e-01,  2.094395102393195e+00,  3.190648909256914e-04,  0.000000000000000e+00,  6.938893903907230e-16
  1.320000000000000e+00, -2.713217446524031e-02, -1.912778952117119e-01,  3.628933060834997e-02, -3.989147449507082e-02,  7.176712299049530e-01, -3.797026589060595e-02,  4.462574602163338e-01, -5.897366361397294e-01,  4.126686416251855e-01,  2.094395102393195e+00,  3.190648909258000e-04,  8.326672684688674e-17,  6.383782391594650e-16
  1.330000000000000e+00, -2.713217446523815e-02, -1.912778952117113e-01,  3.628933060835005e-02, -3.989147449507422e-02,  7.176712299049524e-01, -3.797026589060605e-02,  4.462574602163336e-01, -5.897366361397296e-01,  4.126686416251880e-01,  2.094395102393195e+00,  3.190648909254695e-04, -5.551115123125783e-17,  6.938893903907228e-16
  1.340000000000000e+00, -2.713217446524652e-02, -1.912778952117112e-01,  3.628933060834923e-02, -3.989147449506696e-02,  7.176712299049527e-01, -3.797026589060303e-02,  4.462574602163328e-01, -5.897366361397284e-01,  4.126686416251892e-01,  2.094395102393195e+00,  3.190648909254692e-04,  5.551115123125781e-17,  7.216449660063516e-16
  1.350000000000000e+00, -2.713217446524893e-02, -1.912778952117118e-01,  3.628933060834877e-02, -3.989147449506412e-02,  7.176712299049531e-01, -3.797026589060234e-02,  4.462574602163320e-01, -5.897366361397292e-01,  4.126686416251891e-01,  2.094395102393195e+00,  3.190648909254686e-04,  8.326672684688674e-17,  6.661338147750939e-16
  1.360000000000000e+00, -2.713217446524088e-02, -1.912778952117110e-01,  3.628933060834973e-02, -3.989147449507183e-02,  7.176712299049527e-01, -3.797026589060482e-02,  4.462574602163313e-01, -5.897366361397284e-01,  4.126686416251908e-01,  2.094395102393196e+00,  3.190648909252464e-04, -8.326672684688674e-17,  6.106226635438361e-16
  1.370000000000000e+00, -2.713217446524412e-02, -1.912778952117106e-01,  3.628933060834928e-02, -3.989147449506956e-02,  7.176712299049522e-01, -3.797026589060374e-02,  4.462574602163307e-01, -5.897366361397280e-01,  4.126686416251922e-01,  2.094395102393195e+00,  3.190648909253561e-04, -8.326672684688675e-17,  6.661338147750939e-16
  1.380000000000000e+00, -2.713217446524732e-02, -1.912778952117120e-01,  3.628933060834916e-02, -3.989147449506696e-02,  7.176712299049527e-01, -3.797026589060262e-02,  4.462574602163296e-01, -5.897366361397285e-01,  4.126686416251935e-01,  2.094395102393196e+00,  3.190648909258038e-04, -2.775557561562891e-17,  7.494005416219807e-16
  1.390000000000000e+00, -2.713217446524267e-02, -1.912778952117108e-01,  3.628933060834938e-02, -3.989147449506843e-02,  7.176712299049524e-01, -3.797026589060504e-02,  4.462574602163280e-01, -5.897366361397284e-01,  4.126686416251917e-01,  2.094395102393195e+00,  3.190648909254677e-04, -8.326672684688674e-17,  8.049116928532385e-16
  1.400000000000000e+00, -2.713217446524126e-02, -1.912778952117118e-01,  3.628933060834989e-02, -3.989147449507240e-02,  7.176712299049531e-01, -3.797026589060463e-02,  4.462574602163274e-01, -5.897366361397268e-01,  4.126686416251955e-01,  2.094395102393195e+00,  3.190648909253586e-04, -1.665334536937735e-16,  8.049116928532385e-16
  1.410000000000000e+00, -2.713217446524920e-02, -1.912778952117117e-01,  3.628933060834903e-02, -3.989147449506446e-02,  7.176712299049525e-01, -3.797026589060217e-02,  4.462574602163270e-01, -5.897366361397269e-01,  4.126686416251959e-01,  2.094395102393195e+00,  3.190648909254688e-04, -2.220446049250313e-16,  7.771561172376096e-16
  1.420000000000000e+00, -2.713217446524115e-02, -1.912778952117109e-01,  3.628933060834982e-02, -3.989147449507184e-02,  7.176712299049526e-01, -3.797026589060503e-02,  4.462574602163259e-01, -5.897366361397264e-01,  4.126686416251965e-01,  2.094395102393195e+00,  3.190648909254699e-04,  0.000000000000000e+00,  7.216449660063516e-16
  1.430000000000000e+00, -2.713217446524962e-02, -1.912778952117117e-01,  3.628933060834884e-02, -3.989147449506446e-02,  7.176712299049531e-01, -3.797026589060165e-02,  4.462574602163255e-01, -5.897366361397265e-01,  4.126686416251981e-01,  2.094395102393196e+00,  3.190648909250261e-04, -2.775557561562892e-17,  8.049116928532385e-16
  1.440000000000000e+00, -2.713217446523720e-02, -1.912778952117114e-01,  3.628933060835019e-02, -3.989147449507729e-02,  7.176712299049522e-01, -3.797026589060571e-02,  4.462574602163248e-01, -5.897366361397258e-01,  4.126686416252002e-01,  2.094395102393195e+00,  3.190648909253601e-04, -8.326672684688673e-17,  8.326672684688676e-16
  1.450000000000000e+00, -2.713217446523908e-02, -1.912778952117103e-01,  3.628933060834968e-02, -3.989147449507479e-02,  7.176712299049521e-01, -3.797026589060518e-02,  4.462574602163242e-01, -5.897366361397257e-01,  4.126686416252004e-01,  2.094395102393195e+00,  3.190648909252476e-04,  2.775557561562892e-17,  7.216449660063518e-16
  1.460000000000000e+00, -2.713217446524567e-02, -1.912778952117113e-01,  3.628933060834907e-02, -3.989147449506594e-02,  7.176712299049527e-01, -3.797026589060337e-02,  4.462574602163225e-01, -5.897366361397265e-01,  4.126686416251996e-01,  2.094395102393195e+00,  3.190648909253586e-04, -2.775557561562891e-17,  7.771561172376096e-16
  1.470000000000000e+00, -2.713217446523807e-02, -1.912778952117112e-01,  3.628933060835019e-02, -3.989147449507410e-02,  7.176712299049521e-01, -3.797026589060618e-02,  4.462574602163213e-01, -5.897366361397255e-01,  4.126686416252008e-01,  2.094395102393195e+00,  3.190648909254696e-04, -2.775557561562891e-17,  7.771561172376096e-16
  1.480000000000000e+00, -2.713217446524053e-02, -1.912778952117120e-01,  3.628933060834952e-02, -3.989147449507195e-02,  7.176712299049530e-01, -3.797026589060556e-02,  4.462574602163212e-01, -5.897366361397254e-01,  4.126686416252012e-01,  2.094395102393196e+00,  3.190648909250247e-04,  2.775557561562892e-17,  7.771561172376097e-16
  1.490000000000000e+00, -2.713217446525016e-02, -1.912778952117117e-01,  3.628933060834876e-02, -3.989147449506548e-02,  7.176712299049526e-01, -3.797026589060074e-02,  4.462574602163210e-01, -5.897366361397247e-01,  4.126686416252056e-01,  2.094395102393195e+00,  3.190648909252472e-04, -5.551115123125784e-17,  8.049116928532385e-16
  1.500000000000000e+00, -2.713217446524169e-02, -1.912778952117108e-01,  3.628933060834984e-02, -3.989147449507285e-02,  7.176712299049519e-01, -3.797026589060416e-02,  4.462574602163197e-01, -5.897366361397243e-01,  4.126686416252057e-01,  2.094395102393195e+00,  3.190648909245793e-04,  0.000000000000000e+00,  7.771561172376096e-16
  1.510000000000000e+00, -2.713217446524828e-02, -1.912778952117119e-01,  3.628933060834903e-02, -3.989147449506390e-02,  7.176712299049527e-01, -3.797026589060293e-02,  4.462574602163180e-01, -5.897366361397248e-01,  4.126686416252031e-01,  2.094395102393196e+00,  3.190648909246930e-04, -2.775557561562891e-17,  8.326672684688674e-16
  1.520000000000000e+00, -2.713217446524134e-02, -1.912778952117109e-01,  3.628933060834973e-02, -3.989147449507240e-02,  7.176712299049528e-01, -3.797026589060465e-02,  4.462574602163177e-01, -5.897366361397240e-01,  4.126686416252060e-01,  2.094395102393195e+00,  3.190648909251377e-04, -1.942890293094024e-16,  8.326672684688674e-16
  1.530000000000000e+00, -2.713217446523863e-02, -1.912778952117121e-01,  3.628933060835016e-02, -3.989147449507468e-02,  7.176712299049530e-01, -3.797026589060585e-02,  4.462574602163176e-01, -5.897366361397238e-01,  4.126686416252067e-01,  2.094395102393196e+00,  3.190648909252448e-04,  1.110223024625157e-16,  7.494005416219807e-16
  1.540000000000000e+00, -2.713217446524522e-02, -1.912778952117113e-01,  3.628933060834915e-02, -3.989147449506662e-02,  7.176712299049531e-01, -3.797026589060375e-02,  4.462574602163161e-01, -5.897366361397236e-01,  4.126686416252060e-01,  2.094395102393196e+00,  3.190648909249154e-04,  0.000000000000000e+00,  6.938893903907226e-16
  1.550000000000000e+00, -2.713217446524387e-02, -1.912778952117115e-01,  3.628933060834941e-02, -3.989147449506922e-02,  7.176712299049526e-01, -3.797026589060389e-02,  4.462574602163154e-01, -5.897366361397229e-01,  4.126686416252082e-01,  2.094395102393196e+00,  3.190648909253591e-04, -1.942890293094024e-16,  7.494005416219805e-16
  1.560000000000000e+00, -2.713217446524686e-02, -1.912778952117120e-01,  3.628933060834938e-02, -3.989147449506730e-02,  7.176712299049534e-01, -3.797026589060317e-02,  4.462574602163146e-01, -5.897366361397228e-01,  4.126686416252096e-01,  2.094395102393195e+00,  3.190648909251352e-04, -2.775557561562891e-17,  6.938893903907228e-16
  1.570000000000000e+00, -2.713217446524974e-02, -1.912778952117117e-01,  3.628933060834891e-02, -3.989147449506424e-02,  7.176712299049524e-01, -3.797026589060180e-02,  4.462574602163138e-01, -5.897366361397232e-01,  4.126686416252106e-01,  2.094395102393196e+00,  3.190648909253585e-04,  5.551115123125781e-17,  6.938893903907228e-16
  1.580000000000000e+00, -2.713217446523557e-02, -1.912778952117107e-01,  3.628933060835024e-02, -3.989147449507649e-02,  7.176712299049520e-01, -3.797026589060696e-02,  4.462574602163121e-01, -5.897366361397228e-01,  4.126686416252103e-01,  2.094395102393196e+00,  3.190648909250249e-04,  8.326672684688674e-17,  7.216449660063516e-16
  1.590000000000000e+00, -2.713217446524775e-02, -1.912778952117120e-01,  3.628933060834902e-02, -3.989147449506242e-02,  7.176712299049534e-01, -3.797026589060353e-02,  4.462574602163112e-01, -5.897366361397223e-01,  4.126686416252087e-01,  2.094395102393195e+00,  3.190648909251361e-04, -2.775557561562891e-17,  6.383782391594650e-16
  1.600000000000000e+00, -2.713217446524735e-02, -1.912778952117111e-01,  3.628933060834902e-02, -3.989147449506650e-02,  7.176712299049528e-01, -3.797026589060258e-02,  4.462574602163115e-01, -5.897366361397217e-01,  4.126686416252129e-01,  2.094395102393195e+00,  3.190648909252461e-04, -2.775557561562892e-17,  6.106226635438361e-16
  1.610000000000000e+00, -2.713217446524465e-02, -1.912778952117113e-01,  3.628933060834970e-02, -3.989147449506878e-02,  7.176712299049526e-01, -3.797026589060362e-02,  4.462574602163104e-01, -5.897366361397213e-01,  4.126686416252137e-01,  2.094395102393195e+00,  3.190648909253589e-04, -1.110223024625157e-16,  5.828670879282071e-16
  1.620000000000000e+00, -2.713217446524697e-02, -1.912778952117120e-01,  3.628933060834923e-02, -3.989147449506616e-02,  7.176712299049529e-01, -3.797026589060282e-02,  4.462574602163092e-01, -5.897366361397218e-01,  4.126686416252142e-01,  2.094395102393195e+00,  3.190648909249142e-04, -2.220446049250313e-16,  5.828670879282072e-16
  1.630000000000000e+00, -2.713217446523883e-02, -1.912778952117113e-01,  3.628933060834983e-02, -3.989147449507343e-02,  7.176712299049525e-01, -3.797026589060599e-02,  4.462574602163086e-01, -5.897366361397214e-01,  4.126686416252145e-01,  2.094395102393195e+00,  3.190648909253574e-04,  2.775557561562891e-17,  6.106226635438361e-16
  1.640000000000000e+00, -2.713217446524720e-02, -1.912778952117110e-01,  3.628933060834950e-02, -3.989147449506571e-02,  7.176712299049521e-01, -3.797026589060334e-02,  4.462574602163080e-01, -5.897366361397216e-01,  4.126686416252155e-01,  2.094395102393195e+00,  3.190648909253565e-04, -2.775557561562891e-17,  6.106226635438360e-16
  1.650000000000000e+00, -2.713217446524400e-02, -1.912778952117115e-01,  3.628933060834956e-02, -3.989147449506866e-02,  7.176712299049530e-01, -3.797026589060427e-02,  4.462574602163071e-01, -5.897366361397205e-01,  4.126686416252170e-01,  2.094395102393195e+00,  3.190648909251362e-04,  2.775557561562891e-17,  6.661338147750939e-16
  1.660000000000000e+00, -2.713217446525269e-02, -1.912778952117113e-01,  3.628933060834851e-02, -3.989147449506129e-02,  7.176712299049530e-01, -3.797026589060056e-02,  4.462574602163067e-01, -5.897366361397200e-01,  4.126686416252180e-01,  2.094395102393195e+00,  3.190648909254700e-04, -2.220446049250313e-16,  5.273559366969493e-16
  1.670000000000000e+00, -2.713217446524475e-02, -1.912778952117105e-01,  3.628933060834923e-02, -3.989147449506854e-02,  7.176712299049524e-01, -3.797026589060355e-02,  4.462574602163054e-01, -5.897366361397195e-01,  4.126686416252188e-01,  2.094395102393195e+00,  3.190648909254675e-04,  1.387778780781446e-16,  5.273559366969494e-16
  1.680000000000000e+00, -2.713217446524829e-02, -1.912778952117119e-01,  3.628933060834899e-02, -3.989147449506639e-02,  7.176712299049528e-01, -3.797026589060185e-02,  4.462574602163050e-01, -5.897366361397198e-01,  4.126686416252215e-01,  2.094395102393196e+00,  3.190648909255786e-04, -1.110223024625157e-16,  4.718447854656914e-16
  1.690000000000000e+00, -2.713217446524997e-02, -1.912778952117117e-01,  3.628933060834879e-02, -3.989147449506366e-02,  7.176712299049526e-01, -3.797026589060175e-02,  4.462574602163036e-01, -5.897366361397194e-01,  4.126686416252209e-01,  2.094395102393196e+00,  3.190648909255812e-04,  2.775557561562891e-17,  3.885780586188048e-16
  1.700000000000000e+00, -2.713217446524835e-02, -1.912778952117109e-01,  3.628933060834897e-02, -3.989147449506651e-02,  7.176712299049526e-01, -3.797026589060165e-02,  4.462574602163035e-01, -5.897366361397186e-01,  4.126686416252229e-01,  2.094395102393196e+00,  3.190648909254704e-04, -1.110223024625157e-16,  3.608224830031760e-16
  1.710000000000000e+00, -2.713217446524271e-02, -1.912778952117117e-01,  3.628933060834939e-02, -3.989147449506741e-02,  7.176712299049529e-01, -3.797026589060525e-02,  4.462574602163010e-01, -5.897366361397194e-01,  4.126686416252202e-01,  2.094395102393195e+00,  3.190648909260233e-04, -8.326672684688674e-17,  3.330669073875470e-16
  1.720000000000000e+00, -2.713217446524274e-02, -1.912778952117116e-01,  3.628933060834966e-02, -3.989147449507116e-02,  7.176712299049526e-01, -3.797026589060420e-02,  4.462574602163014e-01, -5.897366361397185e-01,  4.126686416252242e-01,  2.094395102393196e+00,  3.190648909256900e-04, -1.942890293094024e-16,  3.608224830031759e-16
  1.730000000000000e+00, -2.713217446524487e-02, -1.912778952117114e-01,  3.628933060834930e-02, -3.989147449506832e-02,  7.176712299049526e-01, -3.797026589060384e-02,  4.462574602163002e-01, -5.897366361397185e-01,  4.126686416252240e-01,  2.094395102393195e+00,  3.190648909259123e-04,  1.110223024625156e-16,  3.885780586188046e-16
  1.740000000000000e+00, -2.713217446524389e-02, -1.912778952117106e-01,  3.628933060834936e-02, -3.989147449507126e-02,  7.176712299049520e-01, -3.797026589060359e-02,  4.462574602162998e-01, -5.897366361397182e-01,  4.126686416252271e-01,  2.094395102393196e+00,  3.190648909258008e-04,  2.775557561562891e-17,  3.608224830031759e-16
  1.750000000000000e+00, -2.713217446524445e-02, -1.912778952117115e-01,  3.628933060834921e-02, -3.989147449506752e-02,  7.176712299049535e-01, -3.797026589060411e-02,  4.462574602162980e-01, -5.897366361397173e-01,  4.126686416252251e-01,  2.094395102393195e+00,  3.190648909258010e-04, -8.326672684688677e-17,  3.608224830031760e-16
  1.760000000000000e+00, -2.713217446524203e-02, -1.912778952117117e-01,  3.628933060834975e-02, -3.989147449507059e-02,  7.176712299049527e-01, -3.797026589060472e-02,  4.462574602162979e-01, -5.897366361397179e-01,  4.126686416252272e-01,  2.094395102393195e+00,  3.190648909260259e-04, -1.387778780781445e-16,  3.330669073875470e-16
  1.770000000000000e+00, -2.713217446523887e-02, -1.912778952117112e-01,  3.628933060835012e-02, -3.989147449507297e-02,  7.176712299049526e-01, -3.797026589060635e-02,  4.462574602162970e-01, -5.897366361397169e-01,  4.126686416252270e-01,  2.094395102393196e+00,  3.190648909261353e-04, -1.387778780781446e-16,  3.608224830031759e-16
  1.780000000000000e+00, -2.713217446524754e-02, -1.912778952117120e-01,  3.628933060834916e-02, -3.989147449506526e-02,  7.176712299049529e-01, -3.797026589060314e-02,  4.462574602162964e-01, -5.897366361397175e-01,  4.126686416252278e-01,  2.094395102393196e+00,  3.190648909263574e-04, -1.387778780781446e-16,  3.885780586188048e-16
  1.790000000000000e+00, -2.713217446524502e-02, -1.912778952117113e-01,  3.628933060834958e-02, -3.989147449506775e-02,  7.176712299049528e-01, -3.797026589060389e-02,  4.462574602162952e-01, -5.897366361397172e-01,  4.126686416252284e-01,  2.094395102393195e+00,  3.190648909260238e-04, -1.665334536937735e-16,  4.440892098500626e-16
  1.800000000000000e+00, -2.713217446524318e-02, -1.912778952117115e-01,  3.628933060834989e-02, -3.989147449507059e-02,  7.176712299049526e-01, -3.797026589060425e-02,  4.462574602162948e-01, -5.897366361397166e-01,  4.126686416252303e-01,  2.094395102393196e+00,  3.190648909263565e-04, -1.665334536937735e-16,  3.330669073875470e-16
  1.810000000000000e+00, -2.713217446525018e-02, -1.912778952117116e-01,  3.628933060834906e-02, -3.989147449506207e-02,  7.176712299049527e-01, -3.797026589060207e-02,  4.462574602162937e-01, -5.897366361397161e-01,  4.126686416252297e-01,  2.094395102393195e+00,  3.190648909261369e-04, -1.665334536937735e-16,  3.885780586188048e-16
  1.820000000000000e+00, -2.713217446524397e-02, -1.912778952117115e-01,  3.628933060834949e-02, -3.989147449507082e-02,  7.176712299049526e-01, -3.797026589060341e-02,  4.462574602162945e-01, -5.897366361397157e-01,  4.126686416252335e-01,  2.094395102393195e+00,  3.190648909261357e-04,  0.000000000000000e+00,  3.608224830031759e-16
  1.830000000000000e+00, -2.713217446524508e-02, -1.912778952117113e-01,  3.628933060834925e-02, -3.989147449506684e-02,  7.176712299049525e-01, -3.797026589060397e-02,  4.462574602162927e-01, -5.897366361397156e-01,  4.126686416252316e-01,  2.094395102393195e+00,  3.190648909260234e-04,  0.000000000000000e+00,  4.163336342344337e-16
  1.840000000000000e+00, -2.713217446524936e-02, -1.912778952117108e-01,  3.628933060834899e-02, -3.989147449506446e-02,  7.176712299049521e-01, -3.797026589060166e-02,  4.462574602162918e-01, -5.897366361397155e-01,  4.126686416252338e-01,  2.094395102393196e+00,  3.190648909259123e-04,  2.775557561562891e-17,  4.440892098500625e-16
  1.850000000000000e+00, -2.713217446525156e-02, -1.912778952117106e-01,  3.628933060834866e-02, -3.989147449506220e-02,  7.176712299049524e-01, -3.797026589060106e-02,  4.462574602162915e-01, -5.897366361397157e-01,  4.126686416252343e-01,  2.094395102393196e+00,  3.190648909261364e-04, -2.775557561562891e-17,  4.440892098500626e-16
  1.860000000000000e+00, -2.713217446525316e-02, -1.912778952117122e-01,  3.628933060834870e-02, -3.989147449505936e-02,  7.176712299049536e-01, -3.797026589060071e-02,  4.462574602162903e-01, -5.897366361397149e-01,  4.126686416252342e-01,  2.094395102393195e+00,  3.190648909258010e-04, -1.110223024625157e-16,  4.718447854656915e-16
  1.870000000000000e+00, -2.713217446523879e-02, -1.912778952117113e-01,  3.628933060834985e-02, -3.989147449507116e-02,  7.176712299049528e-01, -3.797026589060685e-02,  4.462574602162888e-01, -5.897366361397159e-01,  4.126686416252329e-01,  2.094395102393195e+00,  3.190648909261347e-04, -1.942890293094024e-16,  4.718447854656916e-16
  1.880000000000000e+00, -2.713217446524379e-02, -1.912778952117106e-01,  3.628933060834945e-02, -3.989147449507002e-02,  7.176712299049519e-01, -3.797026589060364e-02,  4.462574602162887e-01, -5.897366361397145e-01,  4.126686416252374e-01,  2.094395102393196e+00,  3.190648909262447e-04,  2.775557561562891e-17,  4.440892098500625e-16
  1.890000000000000e+00, -2.713217446524662e-02, -1.912778952117112e-01,  3.628933060834951e-02, -3.989147449506752e-02,  7.176712299049522e-01, -3.797026589060253e-02,  4.462574602162888e-01, -5.897366361397143e-01,  4.126686416252388e-01,  2.094395102393195e+00,  3.190648909261349e-04,  8.326672684688673e-17,  4.440892098500626e-16
  1.900000000000000e+00, -2.713217446524365e-02, -1.912778952117106e-01,  3.628933060834941e-02, -3.989147449506979e-02,  7.176712299049525e-01, -3.797026589060407e-02,  4.462574602162874e-01, -5.897366361397134e-01,  4.126686416252384e-01,  2.094395102393196e+00,  3.190648909259143e-04, -1.387778780781446e-16,  4.440892098500627e-16
  1.910000000000000e+00, -2.713217446525207e-02, -1.912778952117114e-01,  3.628933060834873e-02, -3.989147449506163e-02,  7.176712299049524e-01, -3.797026589060112e-02,  4.462574602162864e-01, -5.897366361397135e-01,  4.126686416252392e-01,  2.094395102393195e+00,  3.190648909262462e-04, -1.942890293094024e-16,  3.608224830031759e-16
  1.920000000000000e+00, -2.713217446524317e-02, -1.912778952117115e-01,  3.628933060834970e-02, -3.989147449506877e-02,  7.176712299049528e-01, -3.797026589060491e-02,  4.462574602162858e-01, -5.897366361397132e-01,  4.126686416252388e-01,  2.094395102393195e+00,  3.190648909259136e-04,  8.326672684688673e-17,  3.608224830031758e-16
  1.930000000000000e+00, -2.713217446524543e-02, -1.912778952117113e-01,  3.628933060834925e-02, -3.989147449506605e-02,  7.176712299049529e-01, -3.797026589060357e-02,  4.462574602162848e-01, -5.897366361397136e-01,  4.126686416252392e-01,  2.094395102393196e+00,  3.190648909258007e-04, -1.387778780781446e-16,  3.885780586188048e-16
  1.940000000000000e+00, -2.713217446524905e-02, -1.912778952117118e-01,  3.628933060834878e-02, -3.989147449506389e-02,  7.176712299049535e-01, -3.797026589060221e-02,  4.462574602162843e-01, -5.897366361397129e-01,  4.126686416252406e-01,  2.094395102393196e+00,  3.190648909260260e-04, -1.110223024625157e-16,  3.330669073875470e-16
  1.950000000000000e+00, -2.713217446524594e-02, -1.912778952117121e-01,  3.628933060834937e-02, -3.989147449506594e-02,  7.176712299049529e-01, -3.797026589060359e-02,  4.462574602162834e-01, -5.897366361397134e-01,  4.126686416252409e-01,  2.094395102393195e+00,  3.190648909260220e-04, -1.387778780781446e-16,  3.885780586188048e-16
  1.960000000000000e+00, -2.713217446523840e-02, -1.912778952117112e-01,  3.628933060835016e-02, -3.989147449507388e-02,  7.176712299049522e-01, -3.797026589060622e-02,  4.462574602162830e-01, -5.897366361397132e-01,  4.126686416252421e-01,  2.094395102393195e+00,  3.190648909258044e-04, -1.942890293094024e-16,  4.163336342344336e-16
  1.970000000000000e+00, -2.713217446525192e-02, -1.912778952117114e-01,  3.628933060834870e-02, -3.989147449506106e-02,  7.176712299049526e-01, -3.797026589060117e-02,  4.462574602162823e-01, -5.897366361397129e-01,  4.126686416252430e-01,  2.094395102393195e+00,  3.190648909258041e-04, -1.665334536937735e-16,  3.885780586188048e-16
  1.980000000000000e+00, -2.713217446524423e-02, -1.912778952117115e-01,  3.628933060834939e-02, -3.989147449506889e-02,  7.176712299049529e-01, -3.797026589060348e-02,  4.462574602162818e-01, -5.897366361397121e-01,  4.126686416252446e-01,  2.094395102393195e+00,  3.190648909261355e-04, -1.387778780781446e-16,  3.608224830031758e-16
  1.990000000000000e+00, -2.713217446523725e-02, -1.912778952117105e-01,  3.628933060835015e-02, -3.989147449507728e-02,  7.176712299049519e-01, -3.797026589060580e-02,  4.462574602162815e-01, -5.897366361397118e-01,  4.126686416252464e-01,  2.094395102393195e+00,  3.190648909259136e-04, -1.942890293094024e-16,  2.775557561562891e-16
  2.000000000000000e+00, -2.713217446525020e-02, -1.912778952117107e-01,  3.628933060834894e-02, -3.989147449506412e-02,  7.176712299049526e-01, -3.797026589060160e-02,  4.462574602162808e-01, -5.897366361397113e-01,  4.126686416252465e-01,  2.094395102393196e+00,  3.190648909262464e-04, -5.551115123125781e-17,  2.775557561562891e-16
  2.010000000000000e+00, -2.713217446524712e-02, -1.912778952117111e-01,  3.628933060834897e-02, -3.989147449506628e-02,  7.176712299049526e-01, -3.797026589060291e-02,  4.462574602162798e-01, -5.897366361397118e-01,  4.126686416252465e-01,  2.094395102393195e+00,  3.190648909261366e-04, -2.775557561562891e-17,  3.885780586188047e-16
  2.020000000000000e+00, -2.713217446524939e-02, -1.912778952117117e-01,  3.628933060834925e-02, -3.989147449506310e-02,  7.176712299049530e-01, -3.797026589060244e-02,  4.462574602162785e-01, -5.897366361397118e-01,  4.126686416252462e-01,  2.094395102393195e+00,  3.190648909262478e-04, -2.220446049250313e-16,  3.608224830031757e-16
  2.030000000000000e+00, -2.713217446524806e-02, -1.912778952117119e-01,  3.628933060834903e-02, -3.989147449506639e-02,  7.176712299049532e-01, -3.797026589060197e-02,  4.462574602162786e-01, -5.897366361397108e-01,  4.126686416252495e-01,  2.094395102393196e+00,  3.190648909259153e-04, -2.775557561562891e-17,  3.608224830031758e-16
  2.040000000000000e+00, -2.713217446524506e-02, -1.912778952117113e-01,  3.628933060834984e-02, -3.989147449506900e-02,  7.176712299049522e-01, -3.797026589060318e-02,  4.462574602162773e-01, -5.897366361397105e-01,  4.126686416252504e-01,  2.094395102393195e+00,  3.190648909260262e-04, -5.551115123125783e-17,  3.885780586188048e-16
  2.050000000000000e+00, -2.713217446525243e-02, -1.912778952117113e-01,  3.628933060834869e-02, -3.989147449506095e-02,  7.176712299049527e-01, -3.797026589060113e-02,  4.462574602162765e-01, -5.897366361397109e-01,  4.126686416252495e-01,  2.094395102393195e+00,  3.190648909260242e-04, -5.551115123125783e-17,  4.163336342344337e-16
  2.060000000000000e+00, -2.713217446525066e-02, -1.912778952117124e-01,  3.628933060834910e-02, -3.989147449506345e-02,  7.176712299049532e-01, -3.797026589060152e-02,  4.462574602162760e-01, -5.897366361397105e-01,  4.126686416252509e-01,  2.094395102393196e+00,  3.190648909261358e-04, -2.775557561562891e-17,  5.273559366969493e-16
  2.070000000000000e+00, -2.713217446524166e-02, -1.912778952117109e-01,  3.628933060834975e-02, -3.989147449507059e-02,  7.176712299049526e-01, -3.797026589060479e-02,  4.462574602162744e-01, -5.897366361397095e-01,  4.126686416252509e-01,  2.094395102393195e+00,  3.190648909259142e-04, -2.775557561562891e-17,  4.163336342344337e-16
  2.080000000000000e+00, -2.713217446525057e-02, -1.912778952117116e-01,  3.628933060834870e-02, -3.989147449506333e-02,  7.176712299049531e-01, -3.797026589060139e-02,  4.462574602162749e-01, -5.897366361397097e-01,  4.126686416252526e-01,  2.094395102393196e+00,  3.190648909262441e-04,  1.387778780781445e-16,  4.996003610813202e-16
  2.090000000000000e+00, -2.713217446524869e-02, -1.912778952117109e-01,  3.628933060834898e-02, -3.989147449506627e-02,  7.176712299049525e-01, -3.797026589060171e-02,  4.462574602162746e-01, -5.897366361397095e-01,  4.126686416252545e-01,  2.094395102393195e+00,  3.190648909254673e-04, -5.551115123125783e-17,  4.718447854656915e-16
  2.100000000000000e+00, -2.713217446524009e-02, -1.912778952117111e-01,  3.628933060834966e-02, -3.989147449507252e-02,  7.176712299049529e-01, -3.797026589060550e-02,  4.462574602162729e-01, -5.897366361397091e-01,  4.126686416252531e-01,  2.094395102393196e+00,  3.190648909259155e-04, -2.220446049250314e-16,  5.273559366969495e-16
  2.110000000000000e+00, -2.713217446524851e-02, -1.912778952117109e-01,  3.628933060834887e-02, -3.989147449506514e-02,  7.176712299049525e-01, -3.797026589060233e-02,  4.462574602162730e-01, -5.897366361397091e-01,  4.126686416252542e-01,  2.094395102393194e+00,  3.190648909259151e-04, -1.942890293094024e-16,  4.996003610813204e-16
  2.120000000000000e+00, -2.713217446524526e-02, -1.912778952117113e-01,  3.628933060834914e-02, -3.989147449506696e-02,  7.176712299049526e-01, -3.797026589060373e-02,  4.462574602162718e-01, -5.897366361397095e-01,  4.126686416252541e-01,  2.094395102393196e+00,  3.190648909258003e-04, -1.110223024625157e-16,  5.828670879282072e-16
  2.130000000000000e+00, -2.713217446524289e-02, -1.912778952117116e-01,  3.628933060834954e-02, -3.989147449506912e-02,  7.176712299049532e-01, -3.797026589060461e-02,  4.462574602162708e-01, -5.897366361397086e-01,  4.126686416252546e-01,  2.094395102393195e+00,  3.190648909260231e-04, -2.498001805406602e-16,  6.106226635438360e-16
  2.140000000000000e+00, -2.713217446524614e-02, -1.912778952117112e-01,  3.628933060834916e-02, -3.989147449506718e-02,  7.176712299049522e-01, -3.797026589060330e-02,  4.462574602162703e-01, -5.897366361397094e-01,  4.126686416252558e-01,  2.094395102393195e+00,  3.190648909261365e-04, -1.387778780781446e-16,  6.106226635438361e-16
  2.150000000000000e+00, -2.713217446524301e-02, -1.912778952117116e-01,  3.628933060834957e-02, -3.989147449506911e-02,  7.176712299049532e-01, -3.797026589060453e-02,  4.462574602162699e-01, -5.897366361397087e-01,  4.126686416252562e-01,  2.094395102393195e+00,  3.190648909255808e-04, -1.110223024625157e-16,  5.551115123125784e-16
  2.160000000000000e+00, -2.713217446525252e-02, -1.912778952117113e-01,  3.628933060834889e-02, -3.989147449506230e-02,  7.176712299049528e-01, -3.797026589060043e-02,  4.462574602162698e-01, -5.897366361397075e-01,  4.126686416252596e-01,  2.094395102393195e+00,  3.190648909263584e-04, -1.387778780781446e-16,  5.551115123125784e-16
  2.170000000000000e+00, -2.713217446524947e-02, -1.912778952117117e-01,  3.628933060834909e-02, -3.989147449506470e-02,  7.176712299049530e-01, -3.797026589060179e-02,  4.462574602162686e-01, -5.897366361397073e-01,  4.126686416252595e-01,  2.094395102393195e+00,  3.190648909261374e-04, -2.775557561562891e-16,  4.440892098500626e-16
  2.180000000000000e+00, -2.713217446524605e-02, -1.912778952117112e-01,  3.628933060834953e-02, -3.989147449506639e-02,  7.176712299049525e-01, -3.797026589060382e-02,  4.462574602162672e-01, -5.897366361397077e-01,  4.126686416252584e-01,  2.094395102393195e+00,  3.190648909260229e-04, -5.551115123125783e-17,  4.718447854656914e-16
  2.190000000000000e+00, -2.713217446524958e-02, -1.912778952117117e-01,  3.628933060834871e-02, -3.989147449506435e-02,  7.176712299049530e-01, -3.797026589060185e-02,  4.462574602162676e-01, -5.897366361397075e-01,  4.126686416252603e-01,  2.094395102393195e+00,  3.190648909262454e-04,  5.551115123125781e-17,  4.163336342344336e-16
  2.200000000000000e+00, -2.713217446524169e-02, -1.912778952117108e-01,  3.628933060834971e-02, -3.989147449507150e-02,  7.176712299049525e-01, -3.797026589060480e-02,  4.462574602162664e-01, -5.897366361397071e-01,  4.126686416252611e-01,  2.094395102393195e+00,  3.190648909259146e-04,  0.000000000000000e+00,  4.440892098500625e-16
  2.210000000000000e+00, -2.713217446524369e-02, -1.912778952117115e-01,  3.628933060834912e-02, -3.989147449506843e-02,  7.176712299049529e-01, -3.797026589060409e-02,  4.462574602162653e-01, -5.897366361397073e-01,  4.126686416252612e-01,  2.094395102393195e+00,  3.190648909262445e-04,  2.775557561562891e-17,  4.718447854656916e-16
  2.220000000000000e+00, -2.713217446524658e-02, -1.912778952117112e-01,  3.628933060834913e-02, -3.989147449506582e-02,  7.176712299049528e-01, -3.797026589060302e-02,  4.462574602162646e-01, -5.897366361397066e-01,  4.126686416252621e-01,  2.094395102393195e+00,  3.190648909260227e-04,  1.110223024625157e-16,  4.718447854656914e-16
  2.230000000000000e+00, -2.713217446524377e-02, -1.912778952117115e-01,  3.628933060834917e-02, -3.989147449506798e-02,  7.176712299049532e-01, -3.797026589060446e-02,  4.462574602162640e-01, -5.897366361397068e-01,  4.126686416252616e-01,  2.094395102393195e+00,  3.190648909261369e-04, -1.665334536937735e-16,  4.163336342344337e-16
  2.240000000000000e+00, -2.713217446524657e-02, -1.912778952117112e-01,  3.628933060834934e-02, -3.989147449506571e-02,  7.176712299049527e-01, -3.797026589060318e-02,  4.462574602162632e-01, -5.897366361397064e-01,  4.126686416252631e-01,  2.094395102393195e+00,  3.190648909260227e-04, -1.387778780781446e-16,  4.163336342344338e-16
  2.250000000000000e+00, -2.713217446524443e-02, -1.912778952117105e-01,  3.628933060834931e-02, -3.989147449506809e-02,  7.176712299049524e-01, -3.797026589060397e-02,  4.462574602162628e-01, -5.897366361397065e-01,  4.126686416252638e-01,  2.094395102393195e+00,  3.190648909259134e-04, -1.387778780781446e-16,  3.885780586188048e-16
  2.260000000000000e+00, -2.713217446524173e-02, -1.912778952117118e-01,  3.628933060834983e-02, -3.989147449507070e-02,  7.176712299049531e-01, -3.797026589060521e-02,  4.462574602162623e-01, -5.897366361397059e-01,  4.126686416252641e-01,  2.094395102393196e+00,  3.190648909262447e-04, -8.326672684688674e-17,  3.330669073875470e-16
  2.270000000000000e+00, -2.713217446523912e-02, -1.912778952117112e-01,  3.628933060834992e-02, -3.989147449507309e-02,  7.176712299049524e-01, -3.797026589060597e-02,  4.462574602162615e-01, -5.897366361397062e-01,  4.126686416252648e-01,  2.094395102393195e+00,  3.190648909258020e-04, -8.326672684688674e-17,  4.163336342344337e-16
  2.280000000000000e+00, -2.713217446524848e-02, -1.912778952117109e-01,  3.628933060834894e-02, -3.989147449506560e-02,  7.176712299049522e-01, -3.797026589060198e-02,  4.462574602162611e-01, -5.897366361397054e-01,  4.126686416252671e-01,  2.094395102393195e+00,  3.190648909256911e-04, -8.326672684688674e-17,  4.718447854656915e-16
  2.290000000000000e+00, -2.713217446524982e-02, -1.912778952117117e-01,  3.628933060834884e-02, -3.989147449506219e-02,  7.176712299049527e-01, -3.797026589060248e-02,  4.462574602162601e-01, -5.897366361397059e-01,  4.126686416252654e-01,  2.094395102393195e+00,  3.190648909259152e-04, -1.387778780781446e-16,  4.440892098500625e-16
  2.300000000000000e+00, -2.713217446524889e-02, -1.912778952117109e-01,  3.628933060834903e-02, -3.989147449506593e-02,  7.176712299049524e-01, -3.797026589060198e-02,  4.462574602162602e-01, -5.897366361397046e-01,  4.126686416252695e-01,  2.094395102393195e+00,  3.190648909258006e-04, -2.775557561562891e-17,  4.163336342344335e-16
  2.310000000000000e+00, -2.713217446525111e-02, -1.912778952117107e-01,  3.628933060834862e-02, -3.989147449506344e-02,  7.176712299049524e-01, -3.797026589060080e-02,  4.462574602162596e-01, -5.897366361397047e-01,  4.126686416252701e-01,  2.094395102393196e+00,  3.190648909253598e-04, -8.326672684688675e-17,  4.163336342344336e-16
  2.320000000000000e+00, -2.713217446524743e-02, -1.912778952117119e-01,  3.628933060834923e-02, -3.989147449506400e-02,  7.176712299049525e-01, -3.797026589060356e-02,  4.462574602162575e-01, -5.897366361397052e-01,  4.126686416252677e-01,  2.094395102393195e+00,  3.190648909253584e-04, -2.775557561562891e-17,  3.608224830031759e-16
  2.330000000000000e+00, -2.713217446524036e-02, -1.912778952117110e-01,  3.628933060834971e-02, -3.989147449507251e-02,  7.176712299049524e-01, -3.797026589060534e-02,  4.462574602162577e-01, -5.897366361397040e-01,  4.126686416252702e-01,  2.094395102393196e+00,  3.190648909253599e-04, -6.938893903907226e-17,  4.163336342344337e-16
  2.340000000000000e+00, -2.713217446524826e-02, -1.912778952117119e-01,  3.628933060834884e-02, -3.989147449506435e-02,  7.176712299049530e-01, -3.797026589060255e-02,  4.462574602162569e-01, -5.897366361397044e-01,  4.126686416252703e-01,  2.094395102393195e+00,  3.190648909255807e-04, -6.938893903907228e-17,  3.885780586188048e-16
  2.350000000000000e+00, -2.713217446524588e-02, -1.912778952117112e-01,  3.628933060834932e-02, -3.989147449506741e-02,  7.176712299049531e-01, -3.797026589060339e-02,  4.462574602162569e-01, -5.897366361397043e-01,  4.126686416252711e-01,  2.094395102393195e+00,  3.190648909254679e-04, -9.714451465470117e-17,  4.163336342344336e-16
  2.360000000000000e+00, -2.713217446524386e-02, -1.912778952117115e-01,  3.628933060834955e-02, -3.989147449507025e-02,  7.176712299049520e-01, -3.797026589060386e-02,  4.462574602162565e-01, -5.897366361397043e-01,  4.126686416252729e-01,  2.094395102393195e+00,  3.190648909256895e-04, -4.163336342344336e-17,  3.885780586188048e-16
  2.370000000000000e+00, -2.713217446524555e-02, -1.912778952117104e-01,  3.628933060834901e-02, -3.989147449506730e-02,  7.176712299049520e-01, -3.797026589060330e-02,  4.462574602162552e-01, -5.897366361397037e-01,  4.126686416252726e-01,  2.094395102393196e+00,  3.190648909256888e-04,  0.000000000000000e+00,  4.163336342344337e-16
  2.380000000000000e+00, -2.713217446524886e-02, -1.912778952117118e-01,  3.628933060834898e-02, -3.989147449506423e-02,  7.176712299049527e-01, -3.797026589060212e-02,  4.462574602162543e-01, -5.897366361397031e-01,  4.126686416252736e-01,  2.094395102393195e+00,  3.190648909260262e-04,  0.000000000000000e+00,  3.330669073875469e-16
  2.390000000000000e+00, -2.713217446524155e-02, -1.912778952117109e-01,  3.628933060834967e-02, -3.989147449507218e-02,  7.176712299049526e-01, -3.797026589060470e-02,  4.462574602162536e-01, -5.897366361397033e-01,  4.126686416252748e-01,  2.094395102393195e+00,  3.190648909259141e-04, -1.249000902703301e-16,  3.330669073875470e-16
  2.400000000000000e+00, -2.713217446524248e-02, -1.912778952117108e-01,  3.628933060834953e-02, -3.989147449506855e-02,  7.176712299049525e-01, -3.797026589060548e-02,  4.462574602162526e-01, -5.897366361397028e-01,  4.126686416252729e-01,  2.094395102393195e+00,  3.190648909259112e-04, -1.249000902703301e-16,  2.498001805406602e-16
  2.410000000000000e+00, -2.713217446524107e-02, -1.912778952117118e-01,  3.628933060834964e-02, -3.989147449507173e-02,  7.176712299049528e-01, -3.797026589060482e-02,  4.462574602162523e-01, -5.897366361397031e-01,  4.126686416252758e-01,  2.094395102393195e+00,  3.190648909262452e-04, -4.163336342344337e-17,  3.053113317719180e-16
  2.420000000000000e+00, -2.713217446524468e-02, -1.912778952117113e-01,  3.628933060834943e-02, -3.989147449507002e-02,  7.176712299049528e-01, -3.797026589060298e-02,  4.462574602162523e-01, -5.897366361397018e-01,  4.126686416252783e-01,  2.094395102393195e+00,  3.190648909259126e-04, -9.714451465470117e-17,  2.498001805406602e-16
  2.430000000000000e+00, -2.713217446524124e-02, -1.912778952117109e-01,  3.628933060834965e-02, -3.989147449507228e-02,  7.176712299049526e-01, -3.797026589060468e-02,  4.462574602162518e-01, -5.897366361397022e-01,  4.126686416252777e-01,  2.094395102393196e+00,  3.190648909260240e-04,  1.110223024625157e-16,  3.330669073875470e-16
  2.440000000000000e+00, -2.713217446523795e-02, -1.912778952117122e-01,  3.628933060835008e-02, -3.989147449507400e-02,  7.176712299049534e-01, -3.797026589060617e-02,  4.462574602162504e-01, -5.897366361397018e-01,  4.126686416252772e-01,  2.094395102393195e+00,  3.190648909255807e-04, -1.387778780781445e-17,  3.330669073875468e-16
  2.450000000000000e+00, -2.713217446524576e-02, -1.912778952117122e-01,  3.628933060834943e-02, -3.989147449506650e-02,  7.176712299049532e-01, -3.797026589060364e-02,  4.462574602162503e-01, -5.897366361397018e-01,  4.126686416252773e-01,  2.094395102393195e+00,  3.190648909261367e-04, -1.526556658859590e-16,  3.053113317719180e-16
  2.460000000000000e+00, -2.713217446524972e-02, -1.912778952117117e-01,  3.628933060834880e-02, -3.989147449506469e-02,  7.176712299049530e-01, -3.797026589060178e-02,  4.462574602162500e-01, -5.897366361397017e-01,  4.126686416252796e-01,  2.094395102393195e+00,  3.190648909261362e-04, -5.551115123125780e-17,  3.885780586188048e-16
  2.470000000000000e+00, -2.713217446525105e-02, -1.912778952117115e-01,  3.628933060834894e-02, -3.989147449506128e-02,  7.176712299049525e-01, -3.797026589060189e-02,  4.462574602162482e-01, -5.897366361397020e-01,  4.126686416252780e-01,  2.094395102393195e+00,  3.190648909258044e-04,  4.163336342344336e-17,  2.498001805406602e-16
  2.480000000000000e+00, -2.713217446523832e-02, -1.912778952117112e-01,  3.628933060835020e-02, -3.989147449507445e-02,  7.176712299049524e-01, -3.797026589060602e-02,  4.462574602162485e-01, -5.897366361397014e-01,  4.126686416252802e-01,  2.094395102393196e+00,  3.190648909259123e-04, -1.110223024625157e-16,  3.053113317719180e-16
  2.490000000000000e+00, -2.713217446524139e-02, -1.912778952117108e-01,  3.628933060835003e-02, -3.989147449507252e-02,  7.176712299049521e-01, -3.797026589060465e-02,  4.462574602162481e-01, -5.897366361397008e-01,  4.126686416252815e-01,  2.094395102393194e+00,  3.190648909262467e-04, -1.387778780781445e-17,  2.498001805406602e-16
  2.500000000000000e+00, -2.713217446524292e-02, -1.912778952117117e-01,  3.628933060834955e-02, -3.989147449506911e-02,  7.176712299049526e-01, -3.797026589060448e-02,  4.462574602162468e-01, -5.897366361397016e-01,  4.126686416252805e-01,  2.094395102393196e+00,  3.190648909263579e-04,  2.775557561562891e-17,  2.775557561562891e-16
  2.510000000000000e+00, -2.713217446524076e-02, -1.912778952117110e-01,  3.628933060834966e-02, -3.989147449507195e-02,  7.176712299049526e-01, -3.797026589060510e-02,  4.462574602162468e-01, -5.897366361397004e-01,  4.126686416252824e-01,  2.094395102393195e+00,  3.190648909262448e-04, -6.938893903907228e-17,  3.053113317719180e-16
  2.520000000000000e+00, -2.713217446523895e-02, -1.912778952117112e-01,  3.628933060835015e-02, -3.989147449507455e-02,  7.176712299049522e-01, -3.797026589060586e-02,  4.462574602162465e-01, -5.897366361397005e-01,  4.126686416252827e-01,  2.094395102393195e+00,  3.190648909259123e-04, -1.526556658859590e-16,  1.942890293094023e-16
  2.530000000000000e+00, -2.713217446524659e-02, -1.912778952117112e-01,  3.628933060834915e-02, -3.989147449506684e-02,  7.176712299049522e-01, -3.797026589060305e-02,  4.462574602162457e-01, -5.897366361397012e-01,  4.126686416252828e-01,  2.094395102393195e+00,  3.190648909260260e-04, -2.775557561562892e-17,  2.498001805406602e-16
  2.540000000000000e+00, -2.713217446524936e-02, -1.912778952117108e-01,  3.628933060834886e-02, -3.989147449506480e-02,  7.176712299049521e-01, -3.797026589060164e-02,  4.462574602162457e-01, -5.897366361397000e-01,  4.126686416252846e-01,  2.094395102393196e+00,  3.190648909264683e-04, -2.081668171172169e-16,  2.498001805406603e-16
  2.550000000000000e+00, -2.713217446524643e-02, -1.912778952117121e-01,  3.628933060834923e-02, -3.989147449506718e-02,  7.176712299049532e-01, -3.797026589060295e-02,  4.462574602162448e-01, -5.897366361396997e-01,  4.126686416252845e-01,  2.094395102393195e+00,  3.190648909262477e-04, -1.110223024625156e-16,  2.220446049250313e-16
  2.560000000000000e+00, -2.713217446524381e-02, -1.912778952117115e-01,  3.628933060834942e-02, -3.989147449506957e-02,  7.176712299049529e-01, -3.797026589060382e-02,  4.462574602162439e-01, -5.897366361396993e-01,  4.126686416252850e-01,  2.094395102393195e+00,  3.190648909261368e-04, -9.714451465470120e-17,  2.220446049250313e-16
  2.570000000000000e+00, -2.713217446524624e-02, -1.912778952117112e-01,  3.628933060834921e-02, -3.989147449506673e-02,  7.176712299049525e-01, -3.797026589060305e-02,  4.462574602162435e-01, -5.897366361396997e-01,  4.126686416252857e-01,  2.094395102393196e+00,  3.190648909264684e-04, -1.387778780781446e-17,  1.665334536937734e-16
  2.580000000000000e+00, -2.713217446524400e-02, -1.912778952117106e-01,  3.628933060834943e-02, -3.989147449506958e-02,  7.176712299049525e-01, -3.797026589060375e-02,  4.462574602162426e-01, -5.897366361396995e-01,  4.126686416252864e-01,  2.094395102393196e+00,  3.190648909262451e-04, -1.665334536937735e-16,  2.220446049250313e-16
  2.590000000000000e+00, -2.713217446525173e-02, -1.912778952117124e-01,  3.628933060834864e-02, -3.989147449506152e-02,  7.176712299049531e-01, -3.797026589060135e-02,  4.462574602162420e-01, -5.897366361396993e-01,  4.126686416252863e-01,  2.094395102393195e+00,  3.190648909261357e-04, -1.942890293094024e-16,  1.387778780781446e-16
  2.600000000000000e+00, -2.713217446524828e-02, -1.912778952117119e-01,  3.628933060834905e-02, -3.989147449506322e-02,  7.176712299049532e-01, -3.797026589060312e-02,  4.462574602162410e-01, -5.897366361396991e-01,  4.126686416252856e-01,  2.094395102393196e+00,  3.190648909262462e-04, -4.163336342344336e-17,  2.498001805406602e-16
  2.610000000000000e+00, -2.713217446525201e-02, -1.912778952117114e-01,  3.628933060834859e-02, -3.989147449506117e-02,  7.176712299049530e-01, -3.797026589060110e-02,  4.462574602162411e-01, -5.897366361396994e-01,  4.126686416252878e-01,  2.094395102393195e+00,  3.190648909262467e-04, -5.551115123125783e-17,  2.498001805406602e-16
  2.620000000000000e+00, -2.713217446524898e-02, -1.912778952117118e-01,  3.628933060834919e-02, -3.989147449506356e-02,  7.176712299049530e-01, -3.797026589060248e-02,  4.462574602162401e-01, -5.897366361396984e-01,  4.126686416252883e-01,  2.094395102393195e+00,  3.190648909262455e-04, -8.326672684688673e-17,  3.053113317719180e-16
  2.630000000000000e+00, -2.713217446524684e-02, -1.912778952117112e-01,  3.628933060834914e-02, -3.989147449506650e-02,  7.176712299049524e-01, -3.797026589060302e-02,  4.462574602162398e-01, -5.897366361396980e-01,  4.126686416252895e-01,  2.094395102393196e+00,  3.190648909263582e-04, -1.665334536937735e-16,  2.775557561562891e-16
  2.640000000000000e+00, -2.713217446524157e-02, -1.912778952117108e-01,  3.628933060834985e-02, -3.989147449507160e-02,  7.176712299049526e-01, -3.797026589060485e-02,  4.462574602162398e-01, -5.897366361396977e-01,  4.126686416252903e-01,  2.094395102393196e+00,  3.190648909261347e-04,  0.000000000000000e+00,  2.498001805406602e-16
  2.650000000000000e+00, -2.713217446524828e-02, -1.912778952117110e-01,  3.628933060834912e-02, -3.989147449506707e-02,  7.176712299049525e-01, -3.797026589060172e-02,  4.462574602162394e-01, -5.897366361396977e-01,  4.126686416252926e-01,  2.094395102393196e+00,  3.190648909263558e-04,  9.714451465470120e-17,  1.665334536937735e-16
  2.660000000000000e+00, -2.713217446523656e-02, -1.912778952117115e-01,  3.628933060835019e-02, -3.989147449507682e-02,  7.176712299049528e-01, -3.797026589060670e-02,  4.462574602162384e-01, -5.897366361396980e-01,  4.126686416252921e-01,  2.094395102393196e+00,  3.190648909260243e-04, -1.110223024625157e-16,  2.220446049250313e-16
  2.670000000000000e+00, -2.713217446524171e-02, -1.912778952117118e-01,  3.628933060834955e-02, -3.989147449507161e-02,  7.176712299049529e-01, -3.797026589060446e-02,  4.462574602162375e-01, -5.897366361396972e-01,  4.126686416252927e-01,  2.094395102393195e+00,  3.190648909261339e-04,  1.387778780781445e-16,  2.220446049250313e-16
  2.680000000000000e+00, -2.713217446524600e-02, -1.912778952117113e-01,  3.628933060834892e-02, -3.989147449506582e-02,  7.176712299049530e-01, -3.797026589060364e-02,  4.462574602162365e-01, -5.897366361396975e-01,  4.126686416252915e-01,  2.094395102393195e+00,  3.190648909260250e-04,  8.326672684688674e-17,  2.498001805406602e-16
  2.690000000000000e+00, -2.713217446524220e-02, -1.912778952117108e-01,  3.628933060834959e-02, -3.989147449507184e-02,  7.176712299049525e-01, -3.797026589060429e-02,  4.462574602162360e-01, -5.897366361396970e-01,  4.126686416252942e-01,  2.094395102393194e+00,  3.190648909260247e-04,  9.714451465470120e-17,  2.220446049250313e-16
  2.700000000000000e+00, -2.713217446524757e-02, -1.912778952117110e-01,  3.628933060834907e-02, -3.989147449506684e-02,  7.176712299049524e-01, -3.797026589060238e-02,  4.462574602162359e-01, -5.897366361396965e-01,  4.126686416252951e-01,  2.094395102393195e+00,  3.190648909263579e-04,  2.359223927328458e-16,  3.053113317719180e-16
  2.710000000000000e+00, -2.713217446524723e-02, -1.912778952117111e-01,  3.628933060834935e-02, -3.989147449506605e-02,  7.176712299049524e-01, -3.797026589060264e-02,  4.462574602162350e-01, -5.897366361396967e-01,  4.126686416252953e-01,  2.094395102393195e+00,  3.190648909260264e-04,  1.110223024625157e-16,  2.775557561562891e-16
  2.720000000000000e+00, -2.713217446524289e-02, -1.912778952117107e-01,  3.628933060834951e-02, -3.989147449507172e-02,  7.176712299049520e-01, -3.797026589060377e-02,  4.462574602162349e-01, -5.897366361396967e-01,  4.126686416252967e-01,  2.094395102393195e+00,  3.190648909260225e-04, -1.110223024625157e-16,  2.498001805406603e-16
  2.730000000000000e+00, -2.713217446524203e-02, -1.912778952117108e-01,  3.628933060834967e-02, -3.989147449507094e-02,  7.176712299049525e-01, -3.797026589060482e-02,  4.462574602162340e-01, -5.897366361396965e-01,  4.126686416252954e-01,  2.094395102393195e+00,  3.190648909262444e-04, -1.804112415015879e-16,  2.220446049250313e-16
  2.740000000000000e+00, -2.713217446525394e-02, -1.912778952117121e-01,  3.628933060834844e-02, -3.989147449506129e-02,  7.176712299049530e-01, -3.797026589059972e-02,  4.462574602162336e-01, -5.897366361396962e-01,  4.126686416252983e-01,  2.094395102393196e+00,  3.190648909263551e-04, -1.110223024625157e-16,  3.053113317719180e-16
  2.750000000000000e+00, -2.713217446524577e-02, -1.912778952117122e-01,  3.628933060834937e-02, -3.989147449506447e-02,  7.176712299049532e-01, -3.797026589060410e-02,  4.462574602162318e-01, -5.897366361396966e-01,  4.126686416252947e-01,  2.094395102393196e+00,  3.190648909264681e-04,  1.249000902703301e-16,  2.775557561562891e-16
