Main.Studies.MarkerTracking.t,Main.Studies.MarkerTracking.JointAngleOutputs.OutputFile_RightArm.ThoraxClavicula[0],Main.Studies.MarkerTracking.JointAngleOutputs.OutputFile_RightArm.ThoraxClavicula[1],Main.Studies.MarkerTracking.JointAngleOutputs.OutputFile_RightArm.ThoraxClavicula[2],Main.Studies.MarkerTracking.JointAngleOutputs.OutputFile_RightArm.ClaviculaScapula[0],Main.Studies.MarkerTracking.JointAngleOutputs.OutputFile_RightArm.ClaviculaScapula[1],Main.Studies.MarkerTracking.JointAngleOutputs.OutputFile_RightArm.ClaviculaScapula[2],Main.Studies.MarkerTracking.JointAngleOutputs.OutputFile_RightArm.ScapulaHumerus[0],Main.Studies.MarkerTracking.JointAngleOutputs.OutputFile_RightArm.ScapulaHumerus[1],Main.Studies.MarkerTracking.JointAngleOutputs.OutputFile_RightArm.ScapulaHumerus[2],Main.Studies.MarkerTracking.JointAngleOutputs.OutputFile_RightArm.HumerusUlna,Main.Studies.MarkerTracking.JointAngleOutputs.OutputFile_RightArm.UlnaRadius,Main.Studies.MarkerTracking.JointAngleOutputs.OutputFile_RightArm.RadiusWrist,Main.Studies.MarkerTracking.JointAngleOutputs.OutputFile_RightArm.WristHand
  5.000000000000000e-01, -2.713217446543313e-02, -1.912778952117122e-01,  3.628933060832947e-02, -3.989147449520073e-02,  7.176712299049597e-01, -3.797026589041709e-02,  4.659978801826958e-01, -6.742688396558635e-01,  3.946437228201631e-01,  2.094395102393195e+00,  3.190699664988164e-04, -8.326672684688673e-17,  0.000000000000000e+00
  5.100000000000000e-01, -2.713217446524528e-02, -1.912778952117113e-01,  3.628933060834963e-02, -3.989147449506900e-02,  7.176712299049527e-01, -3.797026589060313e-02,  4.659978801825796e-01, -6.742688396559313e-01,  3.946437228198564e-01,  2.094395102393195e+00,  3.190699664992607e-04,  0.000000000000000e+00, -2.775557561562891e-17
  5.200000000000000e-01, -2.713217446525299e-02, -1.912778952117113e-01,  3.628933060834846e-02, -3.989147449506128e-02,  7.176712299049531e-01, -3.797026589060043e-02,  4.659978801825791e-01, -6.742688396559309e-01,  3.946437228198569e-01,  2.094395102393195e+00,  3.190699664995937e-04, -1.387778780781446e-16, -2.775557561562891e-17
  5.300000000000000e-01, -2.713217446524489e-02, -1.912778952117113e-01,  3.628933060834957e-02, -3.989147449506874e-02,  7.176712299049517e-01, -3.797026589060350e-02,  4.659978801825789e-01, -6.742688396559318e-01,  3.946437228198573e-01,  2.094395102393195e+00,  3.190699664991495e-04, -1.110223024625157e-16,  0.000000000000000e+00
  5.400000000000000e-01, -2.713217446524809e-02, -1.912778952117110e-01,  3.628933060834907e-02, -3.989147449506626e-02,  7.176712299049520e-01, -3.797026589060229e-02,  4.659978801825778e-01, -6.742688396559315e-01,  3.946437228198581e-01,  2.094395102393195e+00,  3.190699664993716e-04, -8.326672684688674e-17,  2.775557561562891e-17
  5.500000000000000e-01, -2.713217446524467e-02, -1.912778952117114e-01,  3.628933060834949e-02, -3.989147449506819e-02,  7.176712299049526e-01, -3.797026589060352e-02,  4.659978801825772e-01, -6.742688396559310e-01,  3.946437228198584e-01,  2.094395102393195e+00,  3.190699664995937e-04,  8.326672684688673e-17,  2.775557561562890e-17
  5.600000000000001e-01, -2.713217446525429e-02, -1.912778952117111e-01,  3.628933060834835e-02, -3.989147449506105e-02,  7.176712299049524e-01, -3.797026589059935e-02,  4.659978801825770e-01, -6.742688396559298e-01,  3.946437228198609e-01,  2.094395102393195e+00,  3.190699664994826e-04, -1.110223024625156e-16,  0.000000000000000e+00
  5.700000000000000e-01, -2.713217446524613e-02, -1.912778952117112e-01,  3.628933060834941e-02, -3.989147449506873e-02,  7.176712299049518e-01, -3.797026589060227e-02,  4.659978801825765e-01, -6.742688396559302e-01,  3.946437228198617e-01,  2.094395102393195e+00,  3.190699664997046e-04, -5.551115123125783e-17,  0.000000000000000e+00
  5.800000000000000e-01, -2.713217446524773e-02, -1.912778952117119e-01,  3.628933060834909e-02, -3.989147449506525e-02,  7.176712299049529e-01, -3.797026589060265e-02,  4.659978801825754e-01, -6.742688396559303e-01,  3.946437228198602e-01,  2.094395102393196e+00,  3.190699664998158e-04,  5.551115123125783e-17,  2.775557561562891e-17
  5.900000000000000e-01, -2.713217446524052e-02, -1.912778952117110e-01,  3.628933060834980e-02, -3.989147449507385e-02,  7.176712299049515e-01, -3.797026589060441e-02,  4.659978801825754e-01, -6.742688396559301e-01,  3.946437228198624e-01,  2.094395102393195e+00,  3.190699665000379e-04, -1.387778780781446e-16,  2.775557561562891e-17
  6.000000000000000e-01, -2.713217446524343e-02, -1.912778952117107e-01,  3.628933060834912e-02, -3.989147449507123e-02,  7.176712299049516e-01, -3.797026589060325e-02,  4.659978801825754e-01, -6.742688396559302e-01,  3.946437228198633e-01,  2.094395102393196e+00,  3.190699665001489e-04, -8.326672684688674e-17, -2.775557561562891e-17
  6.100000000000000e-01, -2.713217446524504e-02, -1.912778952117114e-01,  3.628933060834930e-02, -3.989147449506776e-02,  7.176712299049527e-01, -3.797026589060343e-02,  4.659978801825738e-01, -6.742688396559298e-01,  3.946437228198622e-01,  2.094395102393195e+00,  3.190699665004820e-04,  1.110223024625157e-16,  0.000000000000000e+00
  6.200000000000000e-01, -2.713217446524700e-02, -1.912778952117112e-01,  3.628933060834907e-02, -3.989147449506465e-02,  7.176712299049519e-01, -3.797026589060316e-02,  4.659978801825732e-01, -6.742688396559301e-01,  3.946437228198622e-01,  2.094395102393195e+00,  3.190699665007041e-04, -1.387778780781446e-16,  0.000000000000000e+00
  6.300000000000000e-01, -2.713217446524533e-02, -1.912778952117113e-01,  3.628933060834940e-02, -3.989147449506809e-02,  7.176712299049527e-01, -3.797026589060316e-02,  4.659978801825722e-01, -6.742688396559294e-01,  3.946437228198642e-01,  2.094395102393195e+00,  3.190699665004820e-04, -2.775557561562891e-17, -2.775557561562891e-17
  6.400000000000000e-01, -2.713217446524860e-02, -1.912778952117118e-01,  3.628933060834898e-02, -3.989147449506560e-02,  7.176712299049530e-01, -3.797026589060170e-02,  4.659978801825722e-01, -6.742688396559289e-01,  3.946437228198654e-01,  2.094395102393195e+00,  3.190699665008152e-04, -1.942890293094024e-16,  0.000000000000000e+00
  6.500000000000000e-01, -2.713217446525144e-02, -1.912778952117114e-01,  3.628933060834896e-02, -3.989147449506237e-02,  7.176712299049512e-01, -3.797026589060117e-02,  4.659978801825715e-01, -6.742688396559299e-01,  3.946437228198649e-01,  2.094395102393195e+00,  3.190699665001489e-04, -1.942890293094024e-16,  0.000000000000000e+00
  6.600000000000000e-01, -2.713217446524879e-02, -1.912778952117109e-01,  3.628933060834909e-02, -3.989147449506534e-02,  7.176712299049520e-01, -3.797026589060195e-02,  4.659978801825718e-01, -6.742688396559285e-01,  3.946437228198662e-01,  2.094395102393195e+00,  3.190699665005930e-04, -1.942890293094024e-16,  2.775557561562891e-17
  6.700000000000000e-01, -2.713217446523532e-02, -1.912778952117107e-01,  3.628933060835039e-02, -3.989147449507771e-02,  7.176712299049519e-01, -3.797026589060661e-02,  4.659978801825709e-01, -6.742688396559285e-01,  3.946437228198668e-01,  2.094395102393195e+00,  3.190699665007042e-04, -1.387778780781446e-16,  0.000000000000000e+00
  6.799999999999999e-01, -2.713217446524823e-02, -1.912778952117110e-01,  3.628933060834894e-02, -3.989147449506443e-02,  7.176712299049520e-01, -3.797026589060241e-02,  4.659978801825697e-01, -6.742688396559284e-01,  3.946437228198663e-01,  2.094395102393195e+00,  3.190699665005930e-04, -2.220446049250313e-16,  2.775557561562891e-17
  6.899999999999999e-01, -2.713217446525159e-02, -1.912778952117115e-01,  3.628933060834868e-02, -3.989147449506261e-02,  7.176712299049522e-01, -3.797026589060069e-02,  4.659978801825692e-01, -6.742688396559280e-01,  3.946437228198679e-01,  2.094395102393195e+00,  3.190699665007041e-04,  8.326672684688674e-17,  2.775557561562891e-17
  7.000000000000000e-01, -2.713217446524887e-02, -1.912778952117118e-01,  3.628933060834916e-02, -3.989147449506446e-02,  7.176712299049529e-01, -3.797026589060198e-02,  4.659978801825687e-01, -6.742688396559279e-01,  3.946437228198685e-01,  2.094395102393195e+00,  3.190699665002599e-04, -8.326672684688675e-17,  0.000000000000000e+00
  7.100000000000000e-01, -2.713217446524653e-02, -1.912778952117112e-01,  3.628933060834919e-02, -3.989147449506716e-02,  7.176712299049527e-01, -3.797026589060273e-02,  4.659978801825680e-01, -6.742688396559275e-01,  3.946437228198695e-01,  2.094395102393196e+00,  3.190699665004820e-04,  2.775557561562891e-17,  0.000000000000000e+00
  7.200000000000000e-01, -2.713217446524917e-02, -1.912778952117118e-01,  3.628933060834900e-02, -3.989147449506502e-02,  7.176712299049530e-01, -3.797026589060157e-02,  4.659978801825675e-01, -6.742688396559270e-01,  3.946437228198705e-01,  2.094395102393195e+00,  3.190699665008151e-04, -2.775557561562891e-17, -2.775557561562891e-17
  7.300000000000000e-01, -2.713217446525167e-02, -1.912778952117115e-01,  3.628933060834856e-02, -3.989147449506159e-02,  7.176712299049522e-01, -3.797026589060085e-02,  4.659978801825667e-01, -6.742688396559279e-01,  3.946437228198704e-01,  2.094395102393195e+00,  3.190699665004820e-04, -1.387778780781446e-16,  0.000000000000000e+00
  7.400000000000000e-01, -2.713217446524938e-02, -1.912778952117118e-01,  3.628933060834882e-02, -3.989147449506503e-02,  7.176712299049529e-01, -3.797026589060147e-02,  4.659978801825663e-01, -6.742688396559273e-01,  3.946437228198723e-01,  2.094395102393194e+00,  3.190699665004821e-04, -1.110223024625156e-16,  2.775557561562891e-17
  7.500000000000000e-01, -2.713217446524609e-02, -1.912778952117113e-01,  3.628933060834889e-02, -3.989147449506730e-02,  7.176712299049528e-01, -3.797026589060228e-02,  4.659978801825658e-01, -6.742688396559273e-01,  3.946437228198730e-01,  2.094395102393196e+00,  3.190699665002600e-04, -2.498001805406602e-16,  0.000000000000000e+00
  7.600000000000000e-01, -2.713217446524894e-02, -1.912778952117118e-01,  3.628933060834898e-02, -3.989147449506503e-02,  7.176712299049530e-01, -3.797026589060163e-02,  4.659978801825653e-01, -6.742688396559268e-01,  3.946437228198731e-01,  2.094395102393195e+00,  3.190699665004820e-04, -2.775557561562891e-17, -2.775557561562891e-17
  7.700000000000000e-01, -2.713217446524654e-02, -1.912778952117121e-01,  3.628933060834944e-02, -3.989147449506752e-02,  7.176712299049527e-01, -3.797026589060238e-02,  4.659978801825648e-01, -6.742688396559271e-01,  3.946437228198744e-01,  2.094395102393195e+00,  3.190699665004819e-04, -1.387778780781446e-16, -2.775557561562892e-17
  7.800000000000000e-01, -2.713217446524909e-02, -1.912778952117118e-01,  3.628933060834875e-02, -3.989147449506526e-02,  7.176712299049529e-01, -3.797026589060160e-02,  4.659978801825646e-01, -6.742688396559261e-01,  3.946437228198748e-01,  2.094395102393195e+00,  3.190699665002599e-04, -8.326672684688674e-17,  0.000000000000000e+00
  7.900000000000000e-01, -2.713217446524560e-02, -1.912778952117113e-01,  3.628933060834927e-02, -3.989147449506703e-02,  7.176712299049518e-01, -3.797026589060303e-02,  4.659978801825633e-01, -6.742688396559261e-01,  3.946437228198748e-01,  2.094395102393195e+00,  3.190699665003710e-04, -1.942890293094023e-16,  2.775557561562890e-17
  8.000000000000000e-01, -2.713217446524313e-02, -1.912778952117107e-01,  3.628933060834914e-02, -3.989147449506998e-02,  7.176712299049517e-01, -3.797026589060400e-02,  4.659978801825628e-01, -6.742688396559254e-01,  3.946437228198759e-01,  2.094395102393196e+00,  3.190699665000379e-04, -2.775557561562891e-17, -2.775557561562891e-17
  8.100000000000001e-01, -2.713217446525201e-02, -1.912778952117105e-01,  3.628933060834839e-02, -3.989147449506298e-02,  7.176712299049524e-01, -3.797026589060027e-02,  4.659978801825629e-01, -6.742688396559258e-01,  3.946437228198780e-01,  2.094395102393196e+00,  3.190699665003710e-04, -2.775557561562891e-17,  0.000000000000000e+00
  8.200000000000001e-01, -2.713217446524391e-02, -1.912778952117115e-01,  3.628933060834940e-02, -3.989147449507045e-02,  7.176712299049526e-01, -3.797026589060322e-02,  4.659978801825613e-01, -6.742688396559252e-01,  3.946437228198783e-01,  2.094395102393195e+00,  3.190699665001490e-04, -5.551115123125784e-17,  0.000000000000000e+00
  8.300000000000001e-01, -2.713217446524503e-02, -1.912778952117114e-01,  3.628933060834917e-02, -3.989147449506730e-02,  7.176712299049528e-01, -3.797026589060339e-02,  4.659978801825608e-01, -6.742688396559254e-01,  3.946437228198773e-01,  2.094395102393196e+00,  3.190699665004820e-04, -1.387778780781446e-16,  0.000000000000000e+00
  8.400000000000001e-01, -2.713217446524332e-02, -1.912778952117107e-01,  3.628933060834938e-02, -3.989147449507002e-02,  7.176712299049526e-01, -3.797026589060388e-02,  4.659978801825606e-01, -6.742688396559248e-01,  3.946437228198789e-01,  2.094395102393196e+00,  3.190699665009262e-04,  5.551115123125783e-17,  2.775557561562891e-17
  8.500000000000000e-01, -2.713217446524150e-02, -1.912778952117109e-01,  3.628933060834982e-02, -3.989147449507342e-02,  7.176712299049524e-01, -3.797026589060377e-02,  4.659978801825601e-01, -6.742688396559244e-01,  3.946437228198813e-01,  2.094395102393195e+00,  3.190699665011482e-04, -2.498001805406602e-16,  0.000000000000000e+00
  8.600000000000000e-01, -2.713217446524303e-02, -1.912778952117116e-01,  3.628933060834975e-02, -3.989147449507011e-02,  7.176712299049525e-01, -3.797026589060431e-02,  4.659978801825587e-01, -6.742688396559245e-01,  3.946437228198805e-01,  2.094395102393195e+00,  3.190699665012591e-04,  2.775557561562891e-17,  2.775557561562891e-17
  8.700000000000000e-01, -2.713217446524167e-02, -1.912778952117108e-01,  3.628933060834981e-02, -3.989147449507330e-02,  7.176712299049516e-01, -3.797026589060387e-02,  4.659978801825586e-01, -6.742688396559240e-01,  3.946437228198831e-01,  2.094395102393195e+00,  3.190699665008150e-04, -2.775557561562891e-17,  0.000000000000000e+00
  8.800000000000000e-01, -2.713217446523657e-02, -1.912778952117115e-01,  3.628933060835021e-02, -3.989147449507421e-02,  7.176712299049530e-01, -3.797026589060744e-02,  4.659978801825564e-01, -6.742688396559244e-01,  3.946437228198800e-01,  2.094395102393195e+00,  3.190699665009262e-04, -5.551115123125784e-17,  0.000000000000000e+00
  8.900000000000000e-01, -2.713217446524548e-02, -1.912778952117113e-01,  3.628933060834919e-02, -3.989147449506705e-02,  7.176712299049519e-01, -3.797026589060349e-02,  4.659978801825564e-01, -6.742688396559243e-01,  3.946437228198824e-01,  2.094395102393195e+00,  3.190699665014814e-04,  5.551115123125783e-17,  2.775557561562891e-17
  9.000000000000000e-01, -2.713217446524445e-02, -1.912778952117105e-01,  3.628933060834947e-02, -3.989147449507055e-02,  7.176712299049516e-01, -3.797026589060311e-02,  4.659978801825566e-01, -6.742688396559235e-01,  3.946437228198855e-01,  2.094395102393195e+00,  3.190699665008151e-04,  5.551115123125783e-17,  0.000000000000000e+00
  9.100000000000000e-01, -2.713217446524542e-02, -1.912778952117113e-01,  3.628933060834934e-02, -3.989147449506681e-02,  7.176712299049527e-01, -3.797026589060380e-02,  4.659978801825548e-01, -6.742688396559233e-01,  3.946437228198836e-01,  2.094395102393195e+00,  3.190699665014814e-04, -5.551115123125781e-17,  0.000000000000000e+00
  9.200000000000000e-01, -2.713217446523763e-02, -1.912778952117113e-01,  3.628933060835007e-02, -3.989147449507464e-02,  7.176712299049521e-01, -3.797026589060655e-02,  4.659978801825540e-01, -6.742688396559230e-01,  3.946437228198845e-01,  2.094395102393195e+00,  3.190699665008151e-04, -2.498001805406602e-16, -2.775557561562891e-17
  9.300000000000000e-01, -2.713217446525110e-02, -1.912778952117115e-01,  3.628933060834860e-02, -3.989147449506135e-02,  7.176712299049522e-01, -3.797026589060142e-02,  4.659978801825531e-01, -6.742688396559232e-01,  3.946437228198852e-01,  2.094395102393195e+00,  3.190699665010372e-04,  5.551115123125783e-17,  2.775557561562892e-17
  9.399999999999999e-01, -2.713217446524451e-02, -1.912778952117113e-01,  3.628933060834966e-02, -3.989147449507013e-02,  7.176712299049526e-01, -3.797026589060316e-02,  4.659978801825530e-01, -6.742688396559223e-01,  3.946437228198881e-01,  2.094395102393195e+00,  3.190699665010372e-04,  2.775557561562891e-17, -2.775557561562891e-17
  9.500000000000000e-01, -2.713217446524654e-02, -1.912778952117112e-01,  3.628933060834901e-02, -3.989147449506718e-02,  7.176712299049528e-01, -3.797026589060275e-02,  4.659978801825522e-01, -6.742688396559224e-01,  3.946437228198882e-01,  2.094395102393195e+00,  3.190699665014814e-04,  0.000000000000000e+00,  2.775557561562891e-17
  9.600000000000000e-01, -2.713217446524421e-02, -1.912778952117115e-01,  3.628933060834959e-02, -3.989147449507033e-02,  7.176712299049516e-01, -3.797026589060332e-02,  4.659978801825519e-01, -6.742688396559213e-01,  3.946437228198905e-01,  2.094395102393195e+00,  3.190699665013704e-04, -1.942890293094024e-16,  0.000000000000000e+00
  9.700000000000000e-01, -2.713217446525167e-02, -1.912778952117115e-01,  3.628933060834851e-02, -3.989147449506197e-02,  7.176712299049531e-01, -3.797026589060055e-02,  4.659978801825508e-01, -6.742688396559211e-01,  3.946437228198905e-01,  2.094395102393195e+00,  3.190699665013704e-04,  0.000000000000000e+00,  2.775557561562891e-17
  9.800000000000000e-01, -2.713217446524999e-02, -1.912778952117116e-01,  3.628933060834914e-02, -3.989147449506538e-02,  7.176712299049520e-01, -3.797026589060087e-02,  4.659978801825500e-01, -6.742688396559219e-01,  3.946437228198927e-01,  2.094395102393195e+00,  3.190699665014814e-04, -5.551115123125783e-17,  2.775557561562891e-17
  9.900000000000000e-01, -2.713217446524643e-02, -1.912778952117112e-01,  3.628933060834923e-02, -3.989147449506718e-02,  7.176712299049527e-01, -3.797026589060266e-02,  4.659978801825496e-01, -6.742688396559207e-01,  3.946437228198922e-01,  2.094395102393195e+00,  3.190699665013704e-04, -2.775557561562892e-17, -2.775557561562891e-17
  1.000000000000000e+00, -2.713217446524325e-02, -1.912778952117115e-01,  3.628933060834953e-02, -3.989147449506911e-02,  7.176712299049527e-01, -3.797026589060423e-02,  4.659978801825478e-01, -6.742688396559212e-01,  3.946437228198914e-01,  2.094395102393195e+00,  3.190699665017034e-04, -5.551115123125781e-17,  0.000000000000000e+00
  1.010000000000000e+00, -2.713217446524039e-02, -1.912778952117110e-01,  3.628933060834991e-02, -3.989147449507161e-02,  7.176712299049524e-01, -3.797026589060529e-02,  4.659978801825472e-01, -6.742688396559209e-01,  3.946437228198921e-01,  2.094395102393196e+00,  3.190699665017034e-04, -2.775557561562891e-17,  2.775557561562891e-17
  1.020000000000000e+00, -2.713217446523817e-02, -1.912778952117113e-01,  3.628933060834999e-02, -3.989147449507477e-02,  7.176712299049521e-01, -3.797026589060584e-02,  4.659978801825476e-01, -6.742688396559204e-01,  3.946437228198942e-01,  2.094395102393195e+00,  3.190699665015924e-04, -2.775557561562891e-17,  2.775557561562891e-17
  1.030000000000000e+00, -2.713217446525220e-02, -1.912778952117123e-01,  3.628933060834884e-02, -3.989147449506135e-02,  7.176712299049522e-01, -3.797026589060066e-02,  4.659978801825458e-01, -6.742688396559205e-01,  3.946437228198950e-01,  2.094395102393196e+00,  3.190699665013704e-04,  2.775557561562891e-17,  0.000000000000000e+00
  1.040000000000000e+00, -2.713217446524369e-02, -1.912778952117106e-01,  3.628933060834948e-02, -3.989147449506898e-02,  7.176712299049518e-01, -3.797026589060417e-02,  4.659978801825456e-01, -6.742688396559199e-01,  3.946437228198950e-01,  2.094395102393195e+00,  3.190699665014814e-04, -2.775557561562891e-17,  0.000000000000000e+00
  1.050000000000000e+00, -2.713217446524727e-02, -1.912778952117111e-01,  3.628933060834903e-02, -3.989147449506671e-02,  7.176712299049519e-01, -3.797026589060221e-02,  4.659978801825453e-01, -6.742688396559198e-01,  3.946437228198973e-01,  2.094395102393196e+00,  3.190699665015924e-04,  0.000000000000000e+00, -2.775557561562892e-17
  1.060000000000000e+00, -2.713217446524440e-02, -1.912778952117114e-01,  3.628933060834964e-02, -3.989147449506941e-02,  7.176712299049517e-01, -3.797026589060338e-02,  4.659978801825443e-01, -6.742688396559200e-01,  3.946437228198982e-01,  2.094395102393194e+00,  3.190699665012593e-04, -2.775557561562891e-17, -2.775557561562890e-17
  1.070000000000000e+00, -2.713217446524700e-02, -1.912778952117112e-01,  3.628933060834892e-02, -3.989147449506594e-02,  7.176712299049528e-01, -3.797026589060287e-02,  4.659978801825433e-01, -6.742688396559195e-01,  3.946437228198978e-01,  2.094395102393195e+00,  3.190699665013703e-04,  5.551115123125783e-17,  0.000000000000000e+00
  1.080000000000000e+00, -2.713217446524413e-02, -1.912778952117114e-01,  3.628933060834948e-02, -3.989147449506886e-02,  7.176712299049527e-01, -3.797026589060385e-02,  4.659978801825427e-01, -6.742688396559192e-01,  3.946437228198988e-01,  2.094395102393196e+00,  3.190699665010372e-04,  2.775557561562891e-17,  0.000000000000000e+00
  1.090000000000000e+00, -2.713217446529767e-02, -1.912778952117130e-01,  3.628933060834438e-02, -3.989147449508917e-02,  7.176712299049547e-01, -3.797026589055784e-02,  4.659978801825679e-01, -6.742688396559035e-01,  3.946437228199705e-01,  2.094395102393196e+00,  3.190699665011482e-04,  2.775557561562891e-17,  0.000000000000000e+00
  1.100000000000000e+00, -2.713217446528445e-02, -1.912778952117120e-01,  3.628933060834555e-02, -3.989147449509781e-02,  7.176712299049541e-01, -3.797026589056387e-02,  4.659978801825658e-01, -6.742688396559032e-01,  3.946437228199681e-01,  2.094395102393196e+00,  3.190699665011483e-04,  5.551115123125783e-17,  2.775557561562891e-17
  1.110000000000000e+00, -2.713217446528016e-02, -1.912778952117115e-01,  3.628933060834608e-02, -3.989147449509452e-02,  7.176712299049539e-01, -3.797026589056835e-02,  4.659978801825619e-01, -6.742688396559053e-01,  3.946437228199613e-01,  2.094395102393196e+00,  3.190699665011483e-04,  0.000000000000000e+00,  0.000000000000000e+00
  1.120000000000000e+00, -2.713217446527742e-02, -1.912778952117119e-01,  3.628933060834646e-02, -3.989147449509203e-02,  7.176712299049539e-01, -3.797026589057111e-02,  4.659978801825589e-01, -6.742688396559060e-01,  3.946437228199575e-01,  2.094395102393196e+00,  3.190699665015925e-04,  8.326672684688674e-17,  0.000000000000000e+00
  1.130000000000000e+00, -2.713217446527554e-02, -1.912778952117122e-01,  3.628933060834624e-02, -3.989147449509111e-02,  7.176712299049538e-01, -3.797026589057264e-02,  4.659978801825578e-01, -6.742688396559061e-01,  3.946437228199560e-01,  2.094395102393195e+00,  3.190699665011483e-04, -5.551115123125783e-17, -2.775557561562890e-17
  1.140000000000000e+00, -2.713217446527796e-02, -1.912778952117118e-01,  3.628933060834623e-02, -3.989147449508292e-02,  7.176712299049534e-01, -3.797026589057434e-02,  4.659978801825548e-01, -6.742688396559077e-01,  3.946437228199505e-01,  2.094395102393196e+00,  3.190699665007041e-04, -8.326672684688674e-17,  0.000000000000000e+00
  1.150000000000000e+00, -2.713217446527007e-02, -1.912778952117119e-01,  3.628933060834721e-02, -3.989147449508647e-02,  7.176712299049539e-01, -3.797026589057859e-02,  4.659978801825524e-01, -6.742688396559078e-01,  3.946437228199482e-01,  2.094395102393195e+00,  3.190699665012592e-04, -1.110223024625157e-16, -2.775557561562891e-17
  1.160000000000000e+00, -2.713217446526692e-02, -1.912778952117114e-01,  3.628933060834736e-02, -3.989147449508398e-02,  7.176712299049539e-01, -3.797026589058176e-02,  4.659978801825498e-01, -6.742688396559090e-01,  3.946437228199434e-01,  2.094395102393196e+00,  3.190699665011483e-04, -1.387778780781445e-16,  0.000000000000000e+00
  1.170000000000000e+00, -2.713217446526638e-02, -1.912778952117115e-01,  3.628933060834719e-02, -3.989147449508384e-02,  7.176712299049530e-01, -3.797026589058203e-02,  4.659978801825483e-01, -6.742688396559087e-01,  3.946437228199437e-01,  2.094395102393195e+00,  3.190699665011482e-04, -1.942890293094023e-16,  2.775557561562890e-17
  1.180000000000000e+00, -2.713217446526313e-02, -1.912778952117110e-01,  3.628933060834737e-02, -3.989147449508203e-02,  7.176712299049528e-01, -3.797026589058530e-02,  4.659978801825458e-01, -6.742688396559094e-01,  3.946437228199396e-01,  2.094395102393196e+00,  3.190699665012592e-04, -1.387778780781446e-16,  2.775557561562891e-17
  1.190000000000000e+00, -2.713217446525654e-02, -1.912778952117117e-01,  3.628933060834845e-02, -3.989147449508589e-02,  7.176712299049525e-01, -3.797026589058840e-02,  4.659978801825438e-01, -6.742688396559098e-01,  3.946437228199390e-01,  2.094395102393195e+00,  3.190699665014813e-04, -2.775557561562891e-17,  0.000000000000000e+00
  1.200000000000000e+00, -2.713217446525294e-02, -1.912778952117113e-01,  3.628933060834866e-02, -3.989147449508271e-02,  7.176712299049525e-01, -3.797026589059203e-02,  4.659978801825404e-01, -6.742688396559107e-01,  3.946437228199337e-01,  2.094395102393195e+00,  3.190699665014813e-04,  2.775557561562891e-17,  0.000000000000000e+00
  1.210000000000000e+00, -2.713217446525195e-02, -1.912778952117114e-01,  3.628933060834887e-02, -3.989147449508203e-02,  7.176712299049524e-01, -3.797026589059325e-02,  4.659978801825388e-01, -6.742688396559109e-01,  3.946437228199327e-01,  2.094395102393196e+00,  3.190699665010372e-04, -2.775557561562891e-17,  2.775557561562891e-17
  1.220000000000000e+00, -2.713217446525626e-02, -1.912778952117109e-01,  3.628933060834809e-02, -3.989147449507592e-02,  7.176712299049528e-01, -3.797026589059235e-02,  4.659978801825375e-01, -6.742688396559110e-01,  3.946437228199314e-01,  2.094395102393196e+00,  3.190699665005930e-04, -2.775557561562891e-17, -2.775557561562891e-17
  1.230000000000000e+00, -2.713217446525373e-02, -1.912778952117112e-01,  3.628933060834838e-02, -3.989147449507397e-02,  7.176712299049520e-01, -3.797026589059473e-02,  4.659978801825351e-01, -6.742688396559119e-01,  3.946437228199285e-01,  2.094395102393194e+00,  3.190699665012593e-04, -5.551115123125783e-17,  2.775557561562891e-17
  1.240000000000000e+00, -2.713217446525376e-02, -1.912778952117121e-01,  3.628933060834853e-02, -3.989147449507363e-02,  7.176712299049528e-01, -3.797026589059514e-02,  4.659978801825337e-01, -6.742688396559112e-01,  3.946437228199291e-01,  2.094395102393195e+00,  3.190699665014814e-04, -1.665334536937735e-16,  0.000000000000000e+00
  1.250000000000000e+00, -2.713217446525779e-02, -1.912778952117115e-01,  3.628933060834837e-02, -3.989147449506808e-02,  7.176712299049530e-01, -3.797026589059449e-02,  4.659978801825323e-01, -6.742688396559114e-01,  3.946437228199284e-01,  2.094395102393195e+00,  3.190699665012593e-04,  8.326672684688674e-17, -2.775557561562891e-17
  1.260000000000000e+00, -2.713217446525653e-02, -1.912778952117118e-01,  3.628933060834828e-02, -3.989147449506648e-02,  7.176712299049524e-01, -3.797026589059568e-02,  4.659978801825304e-01, -6.742688396559117e-01,  3.946437228199276e-01,  2.094395102393195e+00,  3.190699665013704e-04, -1.665334536937735e-16,  0.000000000000000e+00
  1.270000000000000e+00, -2.713217446524528e-02, -1.912778952117113e-01,  3.628933060834946e-02, -3.989147449507627e-02,  7.176712299049525e-01, -3.797026589060013e-02,  4.659978801825287e-01, -6.742688396559116e-01,  3.946437228199270e-01,  2.094395102393195e+00,  3.190699665014814e-04, -8.326672684688674e-17, -2.775557561562891e-17
  1.280000000000000e+00, -2.713217446524933e-02, -1.912778952117117e-01,  3.628933060834887e-02, -3.989147449507025e-02,  7.176712299049527e-01, -3.797026589059956e-02,  4.659978801825274e-01, -6.742688396559119e-01,  3.946437228199257e-01,  2.094395102393195e+00,  3.190699665012592e-04, -8.326672684688673e-17,  0.000000000000000e+00
  1.290000000000000e+00, -2.713217446524934e-02, -1.912778952117108e-01,  3.628933060834895e-02, -3.989147449506953e-02,  7.176712299049518e-01, -3.797026589059978e-02,  4.659978801825264e-01, -6.742688396559114e-01,  3.946437228199260e-01,  2.094395102393196e+00,  3.190699665011482e-04, -1.665334536937735e-16,  0.000000000000000e+00
  1.300000000000000e+00, -2.713217446524895e-02, -1.912778952117109e-01,  3.628933060834895e-02, -3.989147449506945e-02,  7.176712299049518e-01, -3.797026589060023e-02,  4.659978801825250e-01, -6.742688396559116e-01,  3.946437228199271e-01,  2.094395102393195e+00,  3.190699665013704e-04, -5.551115123125783e-17, -2.775557561562891e-17
  1.310000000000000e+00, -2.713217446524850e-02, -1.912778952117119e-01,  3.628933060834891e-02, -3.989147449506852e-02,  7.176712299049529e-01, -3.797026589060049e-02,  4.659978801825240e-01, -6.742688396559112e-01,  3.946437228199272e-01,  2.094395102393196e+00,  3.190699665012593e-04, -5.551115123125783e-17,  2.775557561562891e-17
  1.320000000000000e+00, -2.713217446524807e-02, -1.912778952117118e-01,  3.628933060834932e-02, -3.989147449506820e-02,  7.176712299049528e-01, -3.797026589060128e-02,  4.659978801825226e-01, -6.742688396559112e-01,  3.946437228199271e-01,  2.094395102393196e+00,  3.190699665015924e-04, -1.387778780781445e-16,  0.000000000000000e+00
  1.330000000000000e+00, -2.713217446524776e-02, -1.912778952117110e-01,  3.628933060834892e-02, -3.989147449506820e-02,  7.176712299049528e-01, -3.797026589060122e-02,  4.659978801825223e-01, -6.742688396559110e-01,  3.946437228199280e-01,  2.094395102393195e+00,  3.190699665018145e-04,  5.551115123125781e-17,  0.000000000000000e+00
  1.340000000000000e+00, -2.713217446524735e-02, -1.912778952117110e-01,  3.628933060834928e-02, -3.989147449506749e-02,  7.176712299049519e-01, -3.797026589060188e-02,  4.659978801825205e-01, -6.742688396559106e-01,  3.946437228199275e-01,  2.094395102393195e+00,  3.190699665014814e-04, -5.551115123125783e-17,  2.775557561562891e-17
  1.350000000000000e+00, -2.713217446524738e-02, -1.912778952117110e-01,  3.628933060834952e-02, -3.989147449506728e-02,  7.176712299049519e-01, -3.797026589060228e-02,  4.659978801825199e-01, -6.742688396559108e-01,  3.946437228199280e-01,  2.094395102393195e+00,  3.190699665013702e-04, -1.665334536937735e-16, -2.775557561562891e-17
  1.360000000000000e+00, -2.713217446525320e-02, -1.912778952117122e-01,  3.628933060834865e-02, -3.989147449506227e-02,  7.176712299049522e-01, -3.797026589059955e-02,  4.659978801825190e-01, -6.742688396559100e-01,  3.946437228199302e-01,  2.094395102393195e+00,  3.190699665015924e-04, -1.942890293094024e-16,  0.000000000000000e+00
  1.370000000000000e+00, -2.713217446524241e-02, -1.912778952117117e-01,  3.628933060834981e-02, -3.989147449507239e-02,  7.176712299049525e-01, -3.797026589060378e-02,  4.659978801825181e-01, -6.742688396559101e-01,  3.946437228199305e-01,  2.094395102393195e+00,  3.190699665017034e-04,  8.326672684688674e-17, -2.775557561562891e-17
  1.380000000000000e+00, -2.713217446525359e-02, -1.912778952117112e-01,  3.628933060834860e-02, -3.989147449506208e-02,  7.176712299049524e-01, -3.797026589059982e-02,  4.659978801825169e-01, -6.742688396559097e-01,  3.946437228199313e-01,  2.094395102393195e+00,  3.190699665014814e-04,  0.000000000000000e+00,  0.000000000000000e+00
  1.390000000000000e+00, -2.713217446524708e-02, -1.912778952117111e-01,  3.628933060834923e-02, -3.989147449506661e-02,  7.176712299049519e-01, -3.797026589060244e-02,  4.659978801825160e-01, -6.742688396559092e-01,  3.946437228199314e-01,  2.094395102393195e+00,  3.190699665014813e-04,  0.000000000000000e+00,  2.775557561562891e-17
  1.400000000000000e+00, -2.713217446524695e-02, -1.912778952117120e-01,  3.628933060834936e-02, -3.989147449506605e-02,  7.176712299049529e-01, -3.797026589060260e-02,  4.659978801825149e-01, -6.742688396559096e-01,  3.946437228199316e-01,  2.094395102393196e+00,  3.190699665014814e-04,  0.000000000000000e+00,  2.775557561562891e-17
  1.410000000000000e+00, -2.713217446524766e-02, -1.912778952117110e-01,  3.628933060834900e-02, -3.989147449506646e-02,  7.176712299049519e-01, -3.797026589060232e-02,  4.659978801825141e-01, -6.742688396559092e-01,  3.946437228199332e-01,  2.094395102393196e+00,  3.190699665020366e-04, -1.942890293094024e-16,  0.000000000000000e+00
  1.420000000000000e+00, -2.713217446524267e-02, -1.912778952117107e-01,  3.628933060834961e-02, -3.989147449507135e-02,  7.176712299049516e-01, -3.797026589060404e-02,  4.659978801825137e-01, -6.742688396559088e-01,  3.946437228199345e-01,  2.094395102393195e+00,  3.190699665017033e-04, -2.220446049250313e-16, -2.775557561562891e-17
  1.430000000000000e+00, -2.713217446524792e-02, -1.912778952117120e-01,  3.628933060834881e-02, -3.989147449506625e-02,  7.176712299049529e-01, -3.797026589060175e-02,  4.659978801825127e-01, -6.742688396559083e-01,  3.946437228199354e-01,  2.094395102393195e+00,  3.190699665014813e-04, -8.326672684688674e-17,  0.000000000000000e+00
  1.440000000000000e+00, -2.713217446524754e-02, -1.912778952117120e-01,  3.628933060834928e-02, -3.989147449506578e-02,  7.176712299049519e-01, -3.797026589060231e-02,  4.659978801825107e-01, -6.742688396559081e-01,  3.946437228199361e-01,  2.094395102393195e+00,  3.190699665017034e-04,  2.775557561562891e-17, -2.775557561562891e-17
  1.450000000000000e+00, -2.713217446524223e-02, -1.912778952117108e-01,  3.628933060834950e-02, -3.989147449507066e-02,  7.176712299049515e-01, -3.797026589060432e-02,  4.659978801825106e-01, -6.742688396559077e-01,  3.946437228199372e-01,  2.094395102393195e+00,  3.190699665015925e-04, -1.665334536937735e-16,  2.775557561562891e-17
  1.460000000000000e+00, -2.713217446524824e-02, -1.912778952117119e-01,  3.628933060834907e-02, -3.989147449506592e-02,  7.176712299049529e-01, -3.797026589060190e-02,  4.659978801825100e-01, -6.742688396559073e-01,  3.946437228199389e-01,  2.094395102393195e+00,  3.190699665015924e-04, -8.326672684688674e-17,  2.775557561562891e-17
  1.470000000000000e+00, -2.713217446524841e-02, -1.912778952117118e-01,  3.628933060834914e-02, -3.989147449506535e-02,  7.176712299049528e-01, -3.797026589060216e-02,  4.659978801825085e-01, -6.742688396559070e-01,  3.946437228199393e-01,  2.094395102393195e+00,  3.190699665015924e-04, -2.220446049250313e-16,  2.775557561562891e-17
  1.480000000000000e+00, -2.713217446524276e-02, -1.912778952117107e-01,  3.628933060834956e-02, -3.989147449506968e-02,  7.176712299049526e-01, -3.797026589060428e-02,  4.659978801825072e-01, -6.742688396559069e-01,  3.946437228199398e-01,  2.094395102393196e+00,  3.190699665014814e-04,  0.000000000000000e+00,  0.000000000000000e+00
  1.490000000000000e+00, -2.713217446524935e-02, -1.912778952117108e-01,  3.628933060834910e-02, -3.989147449506560e-02,  7.176712299049521e-01, -3.797026589060139e-02,  4.659978801825073e-01, -6.742688396559064e-01,  3.946437228199430e-01,  2.094395102393195e+00,  3.190699665018145e-04, -1.942890293094024e-16,  0.000000000000000e+00
  1.500000000000000e+00, -2.713217446524294e-02, -1.912778952117116e-01,  3.628933060834959e-02, -3.989147449506966e-02,  7.176712299049525e-01, -3.797026589060466e-02,  4.659978801825047e-01, -6.742688396559060e-01,  3.946437228199415e-01,  2.094395102393195e+00,  3.190699665018145e-04,  0.000000000000000e+00,  0.000000000000000e+00
  1.510000000000000e+00, -2.713217446524343e-02, -1.912778952117115e-01,  3.628933060834981e-02, -3.989147449506998e-02,  7.176712299049516e-01, -3.797026589060428e-02,  4.659978801825047e-01, -6.742688396559058e-01,  3.946437228199437e-01,  2.094395102393195e+00,  3.190699665017034e-04, -1.387778780781446e-16,  0.000000000000000e+00
  1.520000000000000e+00, -2.713217446524859e-02, -1.912778952117118e-01,  3.628933060834907e-02, -3.989147449506433e-02,  7.176712299049529e-01, -3.797026589060234e-02,  4.659978801825035e-01, -6.742688396559056e-01,  3.946437228199447e-01,  2.094395102393195e+00,  3.190699665013704e-04, -1.110223024625157e-16,  0.000000000000000e+00
  1.530000000000000e+00, -2.713217446525353e-02, -1.912778952117121e-01,  3.628933060834857e-02, -3.989147449505932e-02,  7.176712299049524e-01, -3.797026589060042e-02,  4.659978801825027e-01, -6.742688396559054e-01,  3.946437228199454e-01,  2.094395102393195e+00,  3.190699665015924e-04, -1.942890293094023e-16,  2.775557561562890e-17
  1.540000000000000e+00, -2.713217446524287e-02, -1.912778952117116e-01,  3.628933060834958e-02, -3.989147449506946e-02,  7.176712299049526e-01, -3.797026589060474e-02,  4.659978801825016e-01, -6.742688396559046e-01,  3.946437228199461e-01,  2.094395102393196e+00,  3.190699665017034e-04, -1.387778780781445e-16,  0.000000000000000e+00
  1.550000000000000e+00, -2.713217446524388e-02, -1.912778952117106e-01,  3.628933060834951e-02, -3.989147449506976e-02,  7.176712299049516e-01, -3.797026589060363e-02,  4.659978801825010e-01, -6.742688396559043e-01,  3.946437228199488e-01,  2.094395102393195e+00,  3.190699665014814e-04,  2.775557561562891e-17,  0.000000000000000e+00
  1.560000000000000e+00, -2.713217446524344e-02, -1.912778952117116e-01,  3.628933060834937e-02, -3.989147449506944e-02,  7.176712299049525e-01, -3.797026589060401e-02,  4.659978801824997e-01, -6.742688396559046e-01,  3.946437228199486e-01,  2.094395102393195e+00,  3.190699665014814e-04,  2.775557561562891e-17,  0.000000000000000e+00
  1.570000000000000e+00, -2.713217446524503e-02, -1.912778952117114e-01,  3.628933060834916e-02, -3.989147449507012e-02,  7.176712299049525e-01, -3.797026589060294e-02,  4.659978801825001e-01, -6.742688396559037e-01,  3.946437228199517e-01,  2.094395102393195e+00,  3.190699665012593e-04, -2.775557561562891e-17, -2.775557561562891e-17
  1.580000000000000e+00, -2.713217446524942e-02, -1.912778952117117e-01,  3.628933060834905e-02, -3.989147449506456e-02,  7.176712299049521e-01, -3.797026589060162e-02,  4.659978801824985e-01, -6.742688396559042e-01,  3.946437228199514e-01,  2.094395102393195e+00,  3.190699665015925e-04, -1.387778780781446e-16, -2.775557561562891e-17
  1.590000000000000e+00, -2.713217446524488e-02, -1.912778952117114e-01,  3.628933060834949e-02, -3.989147449506967e-02,  7.176712299049518e-01, -3.797026589060315e-02,  4.659978801824986e-01, -6.742688396559033e-01,  3.946437228199536e-01,  2.094395102393195e+00,  3.190699665012593e-04,  1.110223024625157e-16,  0.000000000000000e+00
  1.600000000000000e+00, -2.713217446523809e-02, -1.912778952117113e-01,  3.628933060834987e-02, -3.989147449507407e-02,  7.176712299049521e-01, -3.797026589060602e-02,  4.659978801824964e-01, -6.742688396559038e-01,  3.946437228199525e-01,  2.094395102393195e+00,  3.190699665012591e-04, -1.942890293094023e-16, -2.775557561562891e-17
  1.610000000000000e+00, -2.713217446524483e-02, -1.912778952117114e-01,  3.628933060834934e-02, -3.989147449506998e-02,  7.176712299049517e-01, -3.797026589060271e-02,  4.659978801824957e-01, -6.742688396559027e-01,  3.946437228199558e-01,  2.094395102393195e+00,  3.190699665011483e-04,  1.387778780781446e-16, -2.775557561562891e-17
  1.620000000000000e+00, -2.713217446524430e-02, -1.912778952117114e-01,  3.628933060834962e-02, -3.989147449506977e-02,  7.176712299049517e-01, -3.797026589060341e-02,  4.659978801824947e-01, -6.742688396559023e-01,  3.946437228199562e-01,  2.094395102393195e+00,  3.190699665012593e-04, -1.665334536937735e-16,  0.000000000000000e+00
  1.630000000000000e+00, -2.713217446524845e-02, -1.912778952117118e-01,  3.628933060834914e-02, -3.989147449506365e-02,  7.176712299049530e-01, -3.797026589060248e-02,  4.659978801824933e-01, -6.742688396559023e-01,  3.946437228199555e-01,  2.094395102393195e+00,  3.190699665015924e-04, -2.775557561562891e-17,  0.000000000000000e+00
  1.640000000000000e+00, -2.713217446524968e-02, -1.912778952117117e-01,  3.628933060834878e-02, -3.989147449506456e-02,  7.176712299049529e-01, -3.797026589060141e-02,  4.659978801824929e-01, -6.742688396559018e-01,  3.946437228199581e-01,  2.094395102393195e+00,  3.190699665011482e-04, -5.551115123125783e-17,  0.000000000000000e+00
  1.650000000000000e+00, -2.713217446525079e-02, -1.912778952117115e-01,  3.628933060834893e-02, -3.989147449506490e-02,  7.176712299049529e-01, -3.797026589060046e-02,  4.659978801824926e-01, -6.742688396559005e-01,  3.946437228199607e-01,  2.094395102393196e+00,  3.190699665011483e-04, -8.326672684688674e-17,  2.775557561562891e-17
  1.660000000000000e+00, -2.713217446524996e-02, -1.912778952117117e-01,  3.628933060834882e-02, -3.989147449506435e-02,  7.176712299049529e-01, -3.797026589060096e-02,  4.659978801824916e-01, -6.742688396559009e-01,  3.946437228199608e-01,  2.094395102393195e+00,  3.190699665009262e-04, -1.665334536937735e-16,  2.775557561562892e-17
  1.670000000000000e+00, -2.713217446524585e-02, -1.912778952117113e-01,  3.628933060834917e-02, -3.989147449506986e-02,  7.176712299049517e-01, -3.797026589060223e-02,  4.659978801824912e-01, -6.742688396559005e-01,  3.946437228199630e-01,  2.094395102393196e+00,  3.190699665011483e-04, -5.551115123125783e-17,  2.775557561562891e-17
  1.680000000000000e+00, -2.713217446524554e-02, -1.912778952117113e-01,  3.628933060834928e-02, -3.989147449506931e-02,  7.176712299049517e-01, -3.797026589060262e-02,  4.659978801824898e-01, -6.742688396559002e-01,  3.946437228199632e-01,  2.094395102393195e+00,  3.190699665007041e-04,  0.000000000000000e+00,  0.000000000000000e+00
  1.690000000000000e+00, -2.713217446524599e-02, -1.912778952117103e-01,  3.628933060834909e-02, -3.989147449506955e-02,  7.176712299049517e-01, -3.797026589060208e-02,  4.659978801824896e-01, -6.742688396558999e-01,  3.946437228199655e-01,  2.094395102393195e+00,  3.190699665010373e-04,  0.000000000000000e+00,  2.775557561562891e-17
  1.700000000000000e+00, -2.713217446523627e-02, -1.912778952117116e-01,  3.628933060835005e-02, -3.989147449508032e-02,  7.176712299049520e-01, -3.797026589060493e-02,  4.659978801824892e-01, -6.742688396558998e-01,  3.946437228199676e-01,  2.094395102393195e+00,  3.190699665011483e-04,  0.000000000000000e+00,  0.000000000000000e+00
  1.710000000000000e+00, -2.713217446524185e-02, -1.912778952117117e-01,  3.628933060834973e-02, -3.989147449507557e-02,  7.176712299049524e-01, -3.797026589060300e-02,  4.659978801824883e-01, -6.742688396558988e-01,  3.946437228199693e-01,  2.094395102393196e+00,  3.190699665011483e-04, -2.498001805406602e-16, -2.775557561562890e-17
  1.720000000000000e+00, -2.713217446524576e-02, -1.912778952117113e-01,  3.628933060834914e-02, -3.989147449507036e-02,  7.176712299049527e-01, -3.797026589060196e-02,  4.659978801824877e-01, -6.742688396558990e-01,  3.946437228199690e-01,  2.094395102393195e+00,  3.190699665009261e-04,  2.775557561562891e-17,  0.000000000000000e+00
  1.730000000000000e+00, -2.713217446525279e-02, -1.912778952117113e-01,  3.628933060834839e-02, -3.989147449506559e-02,  7.176712299049531e-01, -3.797026589059874e-02,  4.659978801824867e-01, -6.742688396558979e-01,  3.946437228199714e-01,  2.094395102393196e+00,  3.190699665009261e-04, -1.942890293094024e-16,  0.000000000000000e+00
  1.740000000000000e+00, -2.713217446524721e-02, -1.912778952117112e-01,  3.628933060834896e-02, -3.989147449507079e-02,  7.176712299049527e-01, -3.797026589060053e-02,  4.659978801824863e-01, -6.742688396558973e-01,  3.946437228199728e-01,  2.094395102393195e+00,  3.190699665007041e-04, -5.551115123125783e-17, -2.775557561562891e-17
  1.750000000000000e+00, -2.713217446525293e-02, -1.912778952117113e-01,  3.628933060834876e-02, -3.989147449506559e-02,  7.176712299049522e-01, -3.797026589059877e-02,  4.659978801824851e-01, -6.742688396558978e-01,  3.946437228199740e-01,  2.094395102393195e+00,  3.190699665009262e-04,  5.551115123125784e-17,  2.775557561562892e-17
  1.760000000000000e+00, -2.713217446524750e-02, -1.912778952117111e-01,  3.628933060834901e-02, -3.989147449507093e-02,  7.176712299049527e-01, -3.797026589060058e-02,  4.659978801824843e-01, -6.742688396558970e-01,  3.946437228199749e-01,  2.094395102393196e+00,  3.190699665008151e-04, -2.775557561562891e-17, -2.775557561562892e-17
  1.770000000000000e+00, -2.713217446524222e-02, -1.912778952117107e-01,  3.628933060834976e-02, -3.989147449507650e-02,  7.176712299049522e-01, -3.797026589060238e-02,  4.659978801824834e-01, -6.742688396558968e-01,  3.946437228199767e-01,  2.094395102393196e+00,  3.190699665010373e-04,  2.775557561562892e-17, -2.775557561562891e-17
  1.780000000000000e+00, -2.713217446524847e-02, -1.912778952117109e-01,  3.628933060834899e-02, -3.989147449507135e-02,  7.176712299049518e-01, -3.797026589059976e-02,  4.659978801824833e-01, -6.742688396558962e-01,  3.946437228199787e-01,  2.094395102393196e+00,  3.190699665008151e-04,  2.775557561562891e-17,  0.000000000000000e+00
  1.790000000000000e+00, -2.713217446525306e-02, -1.912778952117112e-01,  3.628933060834891e-02, -3.989147449506129e-02,  7.176712299049522e-01, -3.797026589060056e-02,  4.659978801824791e-01, -6.742688396558970e-01,  3.946437228199735e-01,  2.094395102393195e+00,  3.190699665009262e-04, -8.326672684688674e-17,  0.000000000000000e+00
  1.800000000000000e+00, -2.713217446524472e-02, -1.912778952117123e-01,  3.628933060834950e-02, -3.989147449506888e-02,  7.176712299049526e-01, -3.797026589060340e-02,  4.659978801824789e-01, -6.742688396558971e-01,  3.946437228199746e-01,  2.094395102393195e+00,  3.190699665005930e-04, -2.775557561562891e-17,  2.775557561562891e-17
  1.810000000000000e+00, -2.713217446524238e-02, -1.912778952117108e-01,  3.628933060834945e-02, -3.989147449507158e-02,  7.176712299049515e-01, -3.797026589060409e-02,  4.659978801824779e-01, -6.742688396558967e-01,  3.946437228199756e-01,  2.094395102393195e+00,  3.190699665008151e-04, -5.551115123125783e-17,  0.000000000000000e+00
  1.820000000000000e+00, -2.713217446524540e-02, -1.912778952117122e-01,  3.628933060834943e-02, -3.989147449506864e-02,  7.176712299049526e-01, -3.797026589060300e-02,  4.659978801824768e-01, -6.742688396558962e-01,  3.946437228199768e-01,  2.094395102393195e+00,  3.190699665010372e-04, -5.551115123125781e-17,  0.000000000000000e+00
  1.830000000000000e+00, -2.713217446524616e-02, -1.912778952117122e-01,  3.628933060834925e-02, -3.989147449506480e-02,  7.176712299049529e-01, -3.797026589060364e-02,  4.659978801824753e-01, -6.742688396558968e-01,  3.946437228199752e-01,  2.094395102393195e+00,  3.190699665009261e-04,  0.000000000000000e+00,  0.000000000000000e+00
  1.840000000000000e+00, -2.713217446523907e-02, -1.912778952117112e-01,  3.628933060835000e-02, -3.989147449507263e-02,  7.176712299049522e-01, -3.797026589060594e-02,  4.659978801824749e-01, -6.742688396558956e-01,  3.946437228199772e-01,  2.094395102393195e+00,  3.190699665008151e-04, -1.942890293094024e-16,  0.000000000000000e+00
  1.850000000000000e+00, -2.713217446524836e-02, -1.912778952117110e-01,  3.628933060834896e-02, -3.989147449506582e-02,  7.176712299049519e-01, -3.797026589060207e-02,  4.659978801824747e-01, -6.742688396558956e-01,  3.946437228199798e-01,  2.094395102393196e+00,  3.190699665010372e-04, -1.387778780781446e-16,  0.000000000000000e+00
  1.860000000000000e+00, -2.713217446524673e-02, -1.912778952117111e-01,  3.628933060834937e-02, -3.989147449506841e-02,  7.176712299049519e-01, -3.797026589060185e-02,  4.659978801824741e-01, -6.742688396558950e-01,  3.946437228199821e-01,  2.094395102393195e+00,  3.190699665012592e-04,  5.551115123125781e-17, -2.775557561562890e-17
  1.870000000000000e+00, -2.713217446523853e-02, -1.912778952117112e-01,  3.628933060835013e-02, -3.989147449507588e-02,  7.176712299049512e-01, -3.797026589060529e-02,  4.659978801824733e-01, -6.742688396558956e-01,  3.946437228199821e-01,  2.094395102393196e+00,  3.190699665012593e-04, -1.387778780781445e-16,  2.775557561562891e-17
  1.880000000000000e+00, -2.713217446524154e-02, -1.912778952117109e-01,  3.628933060834952e-02, -3.989147449507319e-02,  7.176712299049524e-01, -3.797026589060389e-02,  4.659978801824726e-01, -6.742688396558946e-01,  3.946437228199838e-01,  2.094395102393195e+00,  3.190699665011483e-04, -1.942890293094024e-16, -2.775557561562891e-17
  1.890000000000000e+00, -2.713217446524919e-02, -1.912778952117118e-01,  3.628933060834878e-02, -3.989147449506512e-02,  7.176712299049521e-01, -3.797026589060178e-02,  4.659978801824715e-01, -6.742688396558949e-01,  3.946437228199833e-01,  2.094395102393195e+00,  3.190699665009262e-04, -1.942890293094024e-16, -2.775557561562891e-17
  1.900000000000000e+00, -2.713217446524574e-02, -1.912778952117122e-01,  3.628933060834939e-02, -3.989147449506762e-02,  7.176712299049528e-01, -3.797026589060304e-02,  4.659978801824710e-01, -6.742688396558945e-01,  3.946437228199838e-01,  2.094395102393195e+00,  3.190699665009262e-04, -1.942890293094024e-16,  2.775557561562891e-17
  1.910000000000000e+00, -2.713217446524825e-02, -1.912778952117110e-01,  3.628933060834893e-02, -3.989147449506468e-02,  7.176712299049520e-01, -3.797026589060197e-02,  4.659978801824697e-01, -6.742688396558946e-01,  3.946437228199842e-01,  2.094395102393195e+00,  3.190699665007042e-04, -5.551115123125783e-17,  0.000000000000000e+00
  1.920000000000000e+00, -2.713217446524753e-02, -1.912778952117111e-01,  3.628933060834894e-02, -3.989147449506773e-02,  7.176712299049520e-01, -3.797026589060137e-02,  4.659978801824698e-01, -6.742688396558936e-01,  3.946437228199876e-01,  2.094395102393196e+00,  3.190699665011482e-04,  2.775557561562891e-17,  0.000000000000000e+00
  1.930000000000000e+00, -2.713217446524314e-02, -1.912778952117115e-01,  3.628933060834963e-02, -3.989147449506988e-02,  7.176712299049527e-01, -3.797026589060413e-02,  4.659978801824683e-01, -6.742688396558933e-01,  3.946437228199861e-01,  2.094395102393195e+00,  3.190699665009262e-04, -2.775557561562891e-17, -2.775557561562891e-17
  1.940000000000000e+00, -2.713217446524175e-02, -1.912778952117108e-01,  3.628933060834967e-02, -3.989147449507295e-02,  7.176712299049516e-01, -3.797026589060431e-02,  4.659978801824676e-01, -6.742688396558931e-01,  3.946437228199881e-01,  2.094395102393195e+00,  3.190699665009261e-04, -5.551115123125781e-17,  2.775557561562892e-17
  1.950000000000000e+00, -2.713217446524399e-02, -1.912778952117106e-01,  3.628933060834919e-02, -3.989147449507009e-02,  7.176712299049516e-01, -3.797026589060317e-02,  4.659978801824676e-01, -6.742688396558928e-01,  3.946437228199894e-01,  2.094395102393195e+00,  3.190699665009262e-04,  0.000000000000000e+00, -2.775557561562891e-17
  1.960000000000000e+00, -2.713217446525073e-02, -1.912778952117116e-01,  3.628933060834884e-02, -3.989147449506125e-02,  7.176712299049521e-01, -3.797026589060203e-02,  4.659978801824651e-01, -6.742688396558928e-01,  3.946437228199876e-01,  2.094395102393195e+00,  3.190699665012592e-04, -3.053113317719180e-16, -2.775557561562891e-17
  1.970000000000000e+00, -2.713217446524848e-02, -1.912778952117119e-01,  3.628933060834903e-02, -3.989147449506410e-02,  7.176712299049529e-01, -3.797026589060250e-02,  4.659978801824653e-01, -6.742688396558927e-01,  3.946437228199897e-01,  2.094395102393195e+00,  3.190699665009262e-04, -1.942890293094024e-16,  0.000000000000000e+00
  1.980000000000000e+00, -2.713217446524714e-02, -1.912778952117111e-01,  3.628933060834916e-02, -3.989147449506696e-02,  7.176712299049520e-01, -3.797026589060267e-02,  4.659978801824646e-01, -6.742688396558918e-01,  3.946437228199913e-01,  2.094395102393195e+00,  3.190699665011483e-04, -1.942890293094024e-16,  2.775557561562891e-17
  1.990000000000000e+00, -2.713217446524819e-02, -1.912778952117118e-01,  3.628933060834939e-02, -3.989147449506341e-02,  7.176712299049520e-01, -3.797026589060291e-02,  4.659978801824631e-01, -6.742688396558922e-01,  3.946437228199902e-01,  2.094395102393195e+00,  3.190699665008151e-04, -5.551115123125783e-17, -2.775557561562891e-17
  2.000000000000000e+00, -2.713217446524805e-02, -1.912778952117110e-01,  3.628933060834910e-02, -3.989147449506717e-02,  7.176712299049519e-01, -3.797026589060184e-02,  4.659978801824634e-01, -6.742688396558911e-01,  3.946437228199940e-01,  2.094395102393195e+00,  3.190699665004820e-04, -2.775557561562891e-17,  0.000000000000000e+00
  2.010000000000000e+00, -2.713217446524873e-02, -1.912778952117118e-01,  3.628933060834905e-02, -3.989147449506390e-02,  7.176712299049529e-01, -3.797026589060208e-02,  4.659978801824622e-01, -6.742688396558913e-01,  3.946437228199929e-01,  2.094395102393195e+00,  3.190699665007041e-04, -2.775557561562891e-17,  2.775557561562891e-17
  2.020000000000000e+00, -2.713217446524182e-02, -1.912778952117108e-01,  3.628933060834990e-02, -3.989147449507229e-02,  7.176712299049524e-01, -3.797026589060418e-02,  4.659978801824625e-01, -6.742688396558912e-01,  3.946437228199948e-01,  2.094395102393196e+00,  3.190699665011482e-04, -8.326672684688673e-17,  0.000000000000000e+00
  2.030000000000000e+00, -2.713217446524439e-02, -1.912778952117115e-01,  3.628933060834941e-02, -3.989147449506924e-02,  7.176712299049526e-01, -3.797026589060364e-02,  4.659978801824614e-01, -6.742688396558913e-01,  3.946437228199945e-01,  2.094395102393196e+00,  3.190699665010372e-04,  2.775557561562891e-17,  2.775557561562891e-17
  2.040000000000000e+00, -2.713217446524752e-02, -1.912778952117111e-01,  3.628933060834907e-02, -3.989147449506662e-02,  7.176712299049519e-01, -3.797026589060240e-02,  4.659978801824604e-01, -6.742688396558906e-01,  3.946437228199961e-01,  2.094395102393196e+00,  3.190699665010372e-04,  2.775557561562890e-17,  0.000000000000000e+00
  2.050000000000000e+00, -2.713217446524392e-02, -1.912778952117115e-01,  3.628933060834942e-02, -3.989147449506887e-02,  7.176712299049526e-01, -3.797026589060379e-02,  4.659978801824597e-01, -6.742688396558909e-01,  3.946437228199959e-01,  2.094395102393196e+00,  3.190699665012593e-04, -5.551115123125783e-17, -2.775557561562892e-17
  2.060000000000000e+00, -2.713217446524177e-02, -1.912778952117109e-01,  3.628933060834954e-02, -3.989147449507184e-02,  7.176712299049524e-01, -3.797026589060452e-02,  4.659978801824590e-01, -6.742688396558906e-01,  3.946437228199974e-01,  2.094395102393195e+00,  3.190699665009261e-04, -5.551115123125781e-17,  0.000000000000000e+00
  2.070000000000000e+00, -2.713217446524446e-02, -1.912778952117105e-01,  3.628933060834932e-02, -3.989147449506932e-02,  7.176712299049518e-01, -3.797026589060337e-02,  4.659978801824590e-01, -6.742688396558901e-01,  3.946437228199977e-01,  2.094395102393196e+00,  3.190699665005929e-04, -1.387778780781445e-16,  2.775557561562891e-17
  2.080000000000000e+00, -2.713217446524633e-02, -1.912778952117113e-01,  3.628933060834879e-02, -3.989147449506651e-02,  7.176712299049528e-01, -3.797026589060277e-02,  4.659978801824581e-01, -6.742688396558898e-01,  3.946437228199983e-01,  2.094395102393195e+00,  3.190699665007041e-04, -1.387778780781446e-16, -2.775557561562891e-17
  2.090000000000000e+00, -2.713217446524432e-02, -1.912778952117115e-01,  3.628933060834939e-02, -3.989147449506898e-02,  7.176712299049518e-01, -3.797026589060366e-02,  4.659978801824576e-01, -6.742688396558899e-01,  3.946437228199996e-01,  2.094395102393194e+00,  3.190699665008151e-04, -1.665334536937735e-16, -2.775557561562891e-17
  2.100000000000000e+00, -2.713217446524640e-02, -1.912778952117120e-01,  3.628933060834931e-02, -3.989147449506627e-02,  7.176712299049529e-01, -3.797026589060336e-02,  4.659978801824564e-01, -6.742688396558899e-01,  3.946437228199992e-01,  2.094395102393195e+00,  3.190699665008151e-04,  2.775557561562892e-17, -2.775557561562892e-17
  2.110000000000000e+00, -2.713217446524381e-02, -1.912778952117115e-01,  3.628933060834934e-02, -3.989147449506911e-02,  7.176712299049526e-01, -3.797026589060391e-02,  4.659978801824563e-01, -6.742688396558892e-01,  3.946437228200009e-01,  2.094395102393195e+00,  3.190699665010372e-04,  0.000000000000000e+00,  0.000000000000000e+00
  2.120000000000000e+00, -2.713217446525272e-02, -1.912778952117113e-01,  3.628933060834857e-02, -3.989147449506151e-02,  7.176712299049524e-01, -3.797026589060038e-02,  4.659978801824552e-01, -6.742688396558894e-01,  3.946437228200024e-01,  2.094395102393195e+00,  3.190699665010372e-04, -5.551115123125784e-17,  2.775557561562891e-17
  2.130000000000000e+00, -2.713217446525505e-02, -1.912778952117110e-01,  3.628933060834837e-02, -3.989147449505886e-02,  7.176712299049516e-01, -3.797026589059942e-02,  4.659978801824547e-01, -6.742688396558886e-01,  3.946437228200029e-01,  2.094395102393195e+00,  3.190699665008151e-04, -2.775557561562891e-17,  0.000000000000000e+00
  2.140000000000000e+00, -2.713217446524642e-02, -1.912778952117121e-01,  3.628933060834922e-02, -3.989147449506639e-02,  7.176712299049528e-01, -3.797026589060288e-02,  4.659978801824538e-01, -6.742688396558892e-01,  3.946437228200030e-01,  2.094395102393195e+00,  3.190699665007041e-04,  2.775557561562891e-17, -2.775557561562891e-17
  2.150000000000000e+00, -2.713217446523783e-02, -1.912778952117113e-01,  3.628933060835000e-02, -3.989147449507331e-02,  7.176712299049522e-01, -3.797026589060637e-02,  4.659978801824528e-01, -6.742688396558886e-01,  3.946437228200030e-01,  2.094395102393196e+00,  3.190699665004820e-04,  0.000000000000000e+00, -2.775557561562891e-17
  2.160000000000000e+00, -2.713217446524297e-02, -1.912778952117116e-01,  3.628933060834962e-02, -3.989147449507218e-02,  7.176712299049525e-01, -3.797026589060332e-02,  4.659978801824537e-01, -6.742688396558869e-01,  3.946437228200073e-01,  2.094395102393196e+00,  3.190699665007041e-04,  5.551115123125783e-17,  0.000000000000000e+00
  2.170000000000000e+00, -2.713217446524421e-02, -1.912778952117105e-01,  3.628933060834938e-02, -3.989147449506862e-02,  7.176712299049517e-01, -3.797026589060366e-02,  4.659978801824519e-01, -6.742688396558877e-01,  3.946437228200054e-01,  2.094395102393195e+00,  3.190699665007041e-04,  0.000000000000000e+00,  2.775557561562891e-17
  2.180000000000000e+00, -2.713217446524727e-02, -1.912778952117120e-01,  3.628933060834919e-02, -3.989147449506650e-02,  7.176712299049529e-01, -3.797026589060214e-02,  4.659978801824513e-01, -6.742688396558871e-01,  3.946437228200069e-01,  2.094395102393195e+00,  3.190699665005930e-04, -2.775557561562891e-17,  0.000000000000000e+00
  2.190000000000000e+00, -2.713217446524925e-02, -1.912778952117117e-01,  3.628933060834896e-02, -3.989147449506376e-02,  7.176712299049529e-01, -3.797026589060205e-02,  4.659978801824508e-01, -6.742688396558872e-01,  3.946437228200064e-01,  2.094395102393195e+00,  3.190699665009261e-04, -5.551115123125783e-17,  2.775557561562891e-17
  2.200000000000000e+00, -2.713217446524709e-02, -1.912778952117120e-01,  3.628933060834932e-02, -3.989147449506615e-02,  7.176712299049528e-01, -3.797026589060264e-02,  4.659978801824508e-01, -6.742688396558866e-01,  3.946437228200075e-01,  2.094395102393196e+00,  3.190699665004820e-04,  0.000000000000000e+00,  0.000000000000000e+00
  2.210000000000000e+00, -2.713217446524940e-02, -1.912778952117117e-01,  3.628933060834910e-02, -3.989147449506307e-02,  7.176712299049520e-01, -3.797026589060216e-02,  4.659978801824493e-01, -6.742688396558877e-01,  3.946437228200069e-01,  2.094395102393196e+00,  3.190699665007042e-04, -8.326672684688674e-17, -2.775557561562891e-17
  2.220000000000000e+00, -2.713217446524691e-02, -1.912778952117111e-01,  3.628933060834912e-02, -3.989147449506590e-02,  7.176712299049519e-01, -3.797026589060282e-02,  4.659978801824493e-01, -6.742688396558867e-01,  3.946437228200081e-01,  2.094395102393195e+00,  3.190699665004820e-04,  0.000000000000000e+00,  0.000000000000000e+00
  2.230000000000000e+00, -2.713217446524442e-02, -1.912778952117114e-01,  3.628933060834950e-02, -3.989147449506865e-02,  7.176712299049517e-01, -3.797026589060361e-02,  4.659978801824485e-01, -6.742688396558871e-01,  3.946437228200089e-01,  2.094395102393196e+00,  3.190699665007041e-04,  2.775557561562891e-17, -2.775557561562891e-17
  2.240000000000000e+00, -2.713217446523699e-02, -1.912778952117105e-01,  3.628933060834998e-02, -3.989147449507657e-02,  7.176712299049520e-01, -3.797026589060574e-02,  4.659978801824485e-01, -6.742688396558862e-01,  3.946437228200105e-01,  2.094395102393195e+00,  3.190699665004820e-04,  0.000000000000000e+00,  0.000000000000000e+00
  2.250000000000000e+00, -2.713217446524422e-02, -1.912778952117105e-01,  3.628933060834958e-02, -3.989147449506805e-02,  7.176712299049517e-01, -3.797026589060424e-02,  4.659978801824472e-01, -6.742688396558860e-01,  3.946437228200095e-01,  2.094395102393195e+00,  3.190699665002599e-04, -2.220446049250313e-16,  2.775557561562891e-17
  2.260000000000000e+00, -2.713217446524284e-02, -1.912778952117107e-01,  3.628933060834956e-02, -3.989147449507158e-02,  7.176712299049516e-01, -3.797026589060395e-02,  4.659978801824476e-01, -6.742688396558862e-01,  3.946437228200124e-01,  2.094395102393196e+00,  3.190699665005930e-04, -1.110223024625156e-16,  0.000000000000000e+00
  2.270000000000000e+00, -2.713217446525004e-02, -1.912778952117117e-01,  3.628933060834875e-02, -3.989147449506331e-02,  7.176712299049530e-01, -3.797026589060141e-02,  4.659978801824465e-01, -6.742688396558858e-01,  3.946437228200125e-01,  2.094395102393195e+00,  3.190699665004821e-04, -2.498001805406602e-16,  0.000000000000000e+00
  2.280000000000000e+00, -2.713217446525147e-02, -1.912778952117115e-01,  3.628933060834873e-02, -3.989147449506013e-02,  7.176712299049531e-01, -3.797026589060178e-02,  4.659978801824448e-01, -6.742688396558856e-01,  3.946437228200109e-01,  2.094395102393195e+00,  3.190699665003710e-04, -8.326672684688674e-17,  0.000000000000000e+00
  2.290000000000000e+00, -2.713217446525048e-02, -1.912778952117116e-01,  3.628933060834893e-02, -3.989147449506366e-02,  7.176712299049531e-01, -3.797026589060112e-02,  4.659978801824456e-01, -6.742688396558849e-01,  3.946437228200148e-01,  2.094395102393196e+00,  3.190699665000378e-04, -8.326672684688673e-17,  0.000000000000000e+00
  2.300000000000000e+00, -2.713217446524754e-02, -1.912778952117120e-01,  3.628933060834916e-02, -3.989147449506617e-02,  7.176712299049528e-01, -3.797026589060266e-02,  4.659978801824445e-01, -6.742688396558851e-01,  3.946437228200150e-01,  2.094395102393195e+00,  3.190699665000378e-04,  0.000000000000000e+00,  0.000000000000000e+00
  2.310000000000000e+00, -2.713217446525016e-02, -1.912778952117117e-01,  3.628933060834894e-02, -3.989147449506375e-02,  7.176712299049521e-01, -3.797026589060110e-02,  4.659978801824437e-01, -6.742688396558850e-01,  3.946437228200163e-01,  2.094395102393195e+00,  3.190699665001489e-04,  5.551115123125781e-17,  2.775557561562891e-17
  2.320000000000000e+00, -2.713217446524164e-02, -1.912778952117117e-01,  3.628933060834988e-02, -3.989147449507089e-02,  7.176712299049515e-01, -3.797026589060492e-02,  4.659978801824423e-01, -6.742688396558852e-01,  3.946437228200159e-01,  2.094395102393195e+00,  3.190699665001489e-04, -1.942890293094024e-16,  0.000000000000000e+00
  2.330000000000000e+00, -2.713217446524525e-02, -1.912778952117113e-01,  3.628933060834947e-02, -3.989147449506866e-02,  7.176712299049527e-01, -3.797026589060348e-02,  4.659978801824419e-01, -6.742688396558841e-01,  3.946437228200177e-01,  2.094395102393196e+00,  3.190699665007041e-04, -2.220446049250313e-16, -2.775557561562891e-17
  2.340000000000000e+00, -2.713217446524700e-02, -1.912778952117112e-01,  3.628933060834892e-02, -3.989147449506590e-02,  7.176712299049519e-01, -3.797026589060248e-02,  4.659978801824411e-01, -6.742688396558847e-01,  3.946437228200178e-01,  2.094395102393195e+00,  3.190699665001489e-04, -1.110223024625157e-16, -2.775557561562891e-17
  2.350000000000000e+00, -2.713217446524577e-02, -1.912778952117113e-01,  3.628933060834914e-02, -3.989147449506912e-02,  7.176712299049527e-01, -3.797026589060266e-02,  4.659978801824413e-01, -6.742688396558840e-01,  3.946437228200199e-01,  2.094395102393195e+00,  3.190699665005930e-04, -5.551115123125783e-17,  0.000000000000000e+00
  2.360000000000000e+00, -2.713217446524699e-02, -1.912778952117121e-01,  3.628933060834899e-02, -3.989147449506567e-02,  7.176712299049519e-01, -3.797026589060275e-02,  4.659978801824396e-01, -6.742688396558837e-01,  3.946437228200186e-01,  2.094395102393195e+00,  3.190699665004820e-04, -8.326672684688677e-17,  0.000000000000000e+00
  2.370000000000000e+00, -2.713217446524458e-02, -1.912778952117114e-01,  3.628933060834932e-02, -3.989147449506820e-02,  7.176712299049527e-01, -3.797026589060385e-02,  4.659978801824394e-01, -6.742688396558837e-01,  3.946437228200196e-01,  2.094395102393196e+00,  3.190699665004820e-04,  0.000000000000000e+00,  0.000000000000000e+00
  2.380000000000000e+00, -2.713217446524632e-02, -1.912778952117121e-01,  3.628933060834916e-02, -3.989147449506548e-02,  7.176712299049529e-01, -3.797026589060349e-02,  4.659978801824384e-01, -6.742688396558839e-01,  3.946437228200191e-01,  2.094395102393195e+00,  3.190699665007042e-04, -5.551115123125783e-17,  2.775557561562891e-17
  2.390000000000000e+00, -2.713217446524454e-02, -1.912778952117123e-01,  3.628933060834954e-02, -3.989147449506841e-02,  7.176712299049528e-01, -3.797026589060346e-02,  4.659978801824384e-01, -6.742688396558832e-01,  3.946437228200212e-01,  2.094395102393195e+00,  3.190699665008151e-04, -5.551115123125783e-17, -2.775557561562891e-17
  2.400000000000000e+00, -2.713217446524699e-02, -1.912778952117112e-01,  3.628933060834900e-02, -3.989147449506637e-02,  7.176712299049519e-01, -3.797026589060251e-02,  4.659978801824384e-01, -6.742688396558832e-01,  3.946437228200220e-01,  2.094395102393195e+00,  3.190699665007041e-04,  8.326672684688674e-17,  0.000000000000000e+00
  2.410000000000000e+00, -2.713217446524290e-02, -1.912778952117116e-01,  3.628933060834957e-02, -3.989147449506830e-02,  7.176712299049527e-01, -3.797026589060493e-02,  4.659978801824372e-01, -6.742688396558831e-01,  3.946437228200209e-01,  2.094395102393195e+00,  3.190699665007041e-04, -1.110223024625157e-16,  0.000000000000000e+00
  2.420000000000000e+00, -2.713217446524850e-02, -1.912778952117110e-01,  3.628933060834893e-02, -3.989147449506705e-02,  7.176712299049520e-01, -3.797026589060112e-02,  4.659978801824375e-01, -6.742688396558820e-01,  3.946437228200252e-01,  2.094395102393195e+00,  3.190699665005931e-04, -1.665334536937735e-16,  0.000000000000000e+00
  2.430000000000000e+00, -2.713217446524443e-02, -1.912778952117113e-01,  3.628933060834974e-02, -3.989147449506943e-02,  7.176712299049517e-01, -3.797026589060364e-02,  4.659978801824365e-01, -6.742688396558826e-01,  3.946437228200244e-01,  2.094395102393195e+00,  3.190699665007041e-04, -1.110223024625157e-16,  0.000000000000000e+00
  2.440000000000000e+00, -2.713217446524702e-02, -1.912778952117111e-01,  3.628933060834910e-02, -3.989147449506680e-02,  7.176712299049519e-01, -3.797026589060237e-02,  4.659978801824363e-01, -6.742688396558818e-01,  3.946437228200251e-01,  2.094395102393196e+00,  3.190699665010372e-04, -2.775557561562891e-17,  2.775557561562892e-17
  2.450000000000000e+00, -2.713217446524306e-02, -1.912778952117115e-01,  3.628933060834962e-02, -3.989147449506865e-02,  7.176712299049526e-01, -3.797026589060452e-02,  4.659978801824343e-01, -6.742688396558821e-01,  3.946437228200236e-01,  2.094395102393195e+00,  3.190699665008151e-04, -8.326672684688674e-17,  0.000000000000000e+00
  2.460000000000000e+00, -2.713217446525255e-02, -1.912778952117122e-01,  3.628933060834871e-02, -3.989147449506126e-02,  7.176712299049524e-01, -3.797026589060060e-02,  4.659978801824349e-01, -6.742688396558820e-01,  3.946437228200255e-01,  2.094395102393195e+00,  3.190699665010372e-04, -5.551115123125781e-17,  2.775557561562891e-17
  2.470000000000000e+00, -2.713217446523972e-02, -1.912778952117120e-01,  3.628933060834988e-02, -3.989147449507453e-02,  7.176712299049522e-01, -3.797026589060445e-02,  4.659978801824355e-01, -6.742688396558821e-01,  3.946437228200275e-01,  2.094395102393196e+00,  3.190699665009261e-04, -1.110223024625157e-16, -2.775557561562892e-17
  2.480000000000000e+00, -2.713217446523677e-02, -1.912778952117105e-01,  3.628933060835024e-02, -3.989147449507690e-02,  7.176712299049511e-01, -3.797026589060632e-02,  4.659978801824339e-01, -6.742688396558814e-01,  3.946437228200271e-01,  2.094395102393195e+00,  3.190699665008151e-04, -2.775557561562892e-17, -2.775557561562892e-17
  2.490000000000000e+00, -2.713217446524416e-02, -1.912778952117115e-01,  3.628933060834950e-02, -3.989147449506911e-02,  7.176712299049526e-01, -3.797026589060366e-02,  4.659978801824335e-01, -6.742688396558809e-01,  3.946437228200274e-01,  2.094395102393195e+00,  3.190699665008151e-04,  0.000000000000000e+00,  0.000000000000000e+00
  2.500000000000000e+00, -2.713217446524625e-02, -1.912778952117112e-01,  3.628933060834906e-02, -3.989147449506625e-02,  7.176712299049519e-01, -3.797026589060323e-02,  4.659978801824329e-01, -6.742688396558824e-01,  3.946437228200272e-01,  2.094395102393195e+00,  3.190699665009261e-04,  5.551115123125783e-17,  0.000000000000000e+00
  2.510000000000000e+00, -2.713217446523788e-02, -1.912778952117113e-01,  3.628933060835021e-02, -3.989147449507341e-02,  7.176712299049522e-01, -3.797026589060649e-02,  4.659978801824318e-01, -6.742688396558814e-01,  3.946437228200274e-01,  2.094395102393196e+00,  3.190699665009261e-04, -2.775557561562891e-17, -2.775557561562891e-17
  2.520000000000000e+00, -2.713217446524192e-02, -1.912778952117117e-01,  3.628933060834957e-02, -3.989147449507147e-02,  7.176712299049524e-01, -3.797026589060429e-02,  4.659978801824314e-01, -6.742688396558812e-01,  3.946437228200294e-01,  2.094395102393196e+00,  3.190699665005930e-04, -1.942890293094023e-16,  2.775557561562891e-17
  2.530000000000000e+00, -2.713217446524465e-02, -1.912778952117114e-01,  3.628933060834929e-02, -3.989147449506877e-02,  7.176712299049526e-01, -3.797026589060348e-02,  4.659978801824322e-01, -6.742688396558806e-01,  3.946437228200299e-01,  2.094395102393195e+00,  3.190699665009262e-04, -5.551115123125784e-17, -2.775557561562892e-17
  2.540000000000000e+00, -2.713217446524362e-02, -1.912778952117115e-01,  3.628933060834968e-02, -3.989147449507250e-02,  7.176712299049524e-01, -3.797026589060298e-02,  4.659978801824323e-01, -6.742688396558797e-01,  3.946437228200334e-01,  2.094395102393195e+00,  3.190699665012592e-04, -8.326672684688674e-17,  2.775557561562891e-17
  2.550000000000000e+00, -2.713217446524916e-02, -1.912778952117118e-01,  3.628933060834869e-02, -3.989147449506297e-02,  7.176712299049530e-01, -3.797026589060189e-02,  4.659978801824304e-01, -6.742688396558804e-01,  3.946437228200302e-01,  2.094395102393196e+00,  3.190699665007042e-04,  0.000000000000000e+00,  2.775557561562892e-17
  2.560000000000000e+00, -2.713217446524780e-02, -1.912778952117110e-01,  3.628933060834935e-02, -3.989147449506648e-02,  7.176712299049519e-01, -3.797026589060231e-02,  4.659978801824299e-01, -6.742688396558798e-01,  3.946437228200322e-01,  2.094395102393195e+00,  3.190699665008151e-04, -1.110223024625156e-16,  0.000000000000000e+00
  2.570000000000000e+00, -2.713217446523904e-02, -1.912778952117112e-01,  3.628933060835019e-02, -3.989147449507342e-02,  7.176712299049522e-01, -3.797026589060613e-02,  4.659978801824289e-01, -6.742688396558799e-01,  3.946437228200312e-01,  2.094395102393195e+00,  3.190699665007041e-04,  0.000000000000000e+00, -2.775557561562891e-17
  2.580000000000000e+00, -2.713217446525288e-02, -1.912778952117113e-01,  3.628933060834875e-02, -3.989147449506102e-02,  7.176712299049522e-01, -3.797026589060067e-02,  4.659978801824290e-01, -6.742688396558800e-01,  3.946437228200330e-01,  2.094395102393195e+00,  3.190699665007041e-04,  8.326672684688673e-17,  0.000000000000000e+00
  2.590000000000000e+00, -2.713217446524444e-02, -1.912778952117123e-01,  3.628933060834945e-02, -3.989147449506864e-02,  7.176712299049526e-01, -3.797026589060355e-02,  4.659978801824284e-01, -6.742688396558801e-01,  3.946437228200331e-01,  2.094395102393195e+00,  3.190699665002599e-04, -1.665334536937735e-16,  0.000000000000000e+00
  2.600000000000000e+00, -2.713217446524757e-02, -1.912778952117110e-01,  3.628933060834916e-02, -3.989147449506571e-02,  7.176712299049529e-01, -3.797026589060275e-02,  4.659978801824284e-01, -6.742688396558795e-01,  3.946437228200332e-01,  2.094395102393195e+00,  3.190699665008152e-04, -1.387778780781446e-16, -2.775557561562891e-17
  2.610000000000000e+00, -2.713217446525048e-02, -1.912778952117116e-01,  3.628933060834878e-02, -3.989147449506308e-02,  7.176712299049522e-01, -3.797026589060151e-02,  4.659978801824276e-01, -6.742688396558790e-01,  3.946437228200345e-01,  2.094395102393196e+00,  3.190699665009262e-04,  5.551115123125783e-17,  0.000000000000000e+00
  2.620000000000000e+00, -2.713217446524785e-02, -1.912778952117120e-01,  3.628933060834879e-02, -3.989147449506569e-02,  7.176712299049528e-01, -3.797026589060210e-02,  4.659978801824275e-01, -6.742688396558789e-01,  3.946437228200354e-01,  2.094395102393196e+00,  3.190699665000378e-04,  5.551115123125781e-17,  2.775557561562891e-17
  2.630000000000000e+00, -2.713217446524619e-02, -1.912778952117112e-01,  3.628933060834928e-02, -3.989147449506842e-02,  7.176712299049519e-01, -3.797026589060238e-02,  4.659978801824265e-01, -6.742688396558784e-01,  3.946437228200368e-01,  2.094395102393195e+00,  3.190699665008151e-04, -1.110223024625157e-16, -2.775557561562890e-17
  2.640000000000000e+00, -2.713217446524779e-02, -1.912778952117110e-01,  3.628933060834900e-02, -3.989147449506571e-02,  7.176712299049528e-01, -3.797026589060189e-02,  4.659978801824260e-01, -6.742688396558788e-01,  3.946437228200364e-01,  2.094395102393195e+00,  3.190699665009261e-04, -1.387778780781446e-16,  0.000000000000000e+00
  2.650000000000000e+00, -2.713217446525023e-02, -1.912778952117116e-01,  3.628933060834886e-02, -3.989147449506299e-02,  7.176712299049531e-01, -3.797026589060124e-02,  4.659978801824252e-01, -6.742688396558786e-01,  3.946437228200369e-01,  2.094395102393195e+00,  3.190699665004820e-04,  0.000000000000000e+00,  0.000000000000000e+00
  2.660000000000000e+00, -2.713217446524673e-02, -1.912778952117111e-01,  3.628933060834933e-02, -3.989147449506887e-02,  7.176712299049519e-01, -3.797026589060186e-02,  4.659978801824257e-01, -6.742688396558785e-01,  3.946437228200397e-01,  2.094395102393196e+00,  3.190699665003710e-04,  5.551115123125783e-17, -2.775557561562891e-17
  2.670000000000000e+00, -2.713217446525028e-02, -1.912778952117117e-01,  3.628933060834878e-02, -3.989147449506344e-02,  7.176712299049531e-01, -3.797026589060112e-02,  4.659978801824247e-01, -6.742688396558779e-01,  3.946437228200383e-01,  2.094395102393195e+00,  3.190699665007041e-04, -1.942890293094024e-16,  0.000000000000000e+00
  2.680000000000000e+00, -2.713217446525090e-02, -1.912778952117106e-01,  3.628933060834880e-02, -3.989147449506363e-02,  7.176712299049514e-01, -3.797026589060087e-02,  4.659978801824241e-01, -6.742688396558777e-01,  3.946437228200396e-01,  2.094395102393195e+00,  3.190699665004820e-04, -1.665334536937735e-16,  0.000000000000000e+00
  2.690000000000000e+00, -2.713217446525021e-02, -1.912778952117116e-01,  3.628933060834892e-02, -3.989147449506321e-02,  7.176712299049522e-01, -3.797026589060149e-02,  4.659978801824235e-01, -6.742688396558781e-01,  3.946437228200393e-01,  2.094395102393195e+00,  3.190699665003710e-04,  1.110223024625157e-16,  2.775557561562891e-17
  2.700000000000000e+00, -2.713217446525037e-02, -1.912778952117117e-01,  3.628933060834864e-02, -3.989147449506332e-02,  7.176712299049530e-01, -3.797026589060118e-02,  4.659978801824235e-01, -6.742688396558776e-01,  3.946437228200402e-01,  2.094395102393195e+00,  3.190699665002599e-04, -8.326672684688674e-17,  0.000000000000000e+00
  2.710000000000000e+00, -2.713217446524007e-02, -1.912778952117110e-01,  3.628933060835002e-02, -3.989147449507363e-02,  7.176712299049522e-01, -3.797026589060531e-02,  4.659978801824228e-01, -6.742688396558769e-01,  3.946437228200409e-01,  2.094395102393195e+00,  3.190699665004820e-04, -1.110223024625156e-16,  2.775557561562891e-17
  2.720000000000000e+00, -2.713217446524439e-02, -1.912778952117114e-01,  3.628933060834937e-02, -3.989147449506809e-02,  7.176712299049526e-01, -3.797026589060385e-02,  4.659978801824221e-01, -6.742688396558778e-01,  3.946437228200407e-01,  2.094395102393195e+00,  3.190699665009261e-04, -1.387778780781446e-16,  0.000000000000000e+00
  2.730000000000000e+00, -2.713217446524903e-02, -1.912778952117118e-01,  3.628933060834858e-02, -3.989147449506197e-02,  7.176712299049530e-01, -3.797026589060259e-02,  4.659978801824201e-01, -6.742688396558773e-01,  3.946437228200394e-01,  2.094395102393195e+00,  3.190699665008151e-04,  5.551115123125783e-17,  0.000000000000000e+00
  2.740000000000000e+00, -2.713217446525151e-02, -1.912778952117114e-01,  3.628933060834905e-02, -3.989147449506353e-02,  7.176712299049522e-01, -3.797026589060059e-02,  4.659978801824212e-01, -6.742688396558764e-01,  3.946437228200438e-01,  2.094395102393195e+00,  3.190699665009262e-04,  0.000000000000000e+00, -2.775557561562891e-17
  2.750000000000000e+00, -2.713217446524563e-02, -1.912778952117122e-01,  3.628933060834953e-02, -3.989147449506809e-02,  7.176712299049535e-01, -3.797026589060291e-02,  4.659978801824199e-01, -6.742688396558764e-01,  3.946437228200430e-01,  2.094395102393195e+00,  3.190699665007041e-04,  0.000000000000000e+00, -2.775557561562891e-17
