Main.Studies.MarkerTracking.t,Main.Studies.MarkerTracking.JointAngleOutputs.OutputFile_LeftArm.ThoraxClavicula[0],Main.Studies.MarkerTracking.JointAngleOutputs.OutputFile_LeftArm.ThoraxClavicula[1],Main.Studies.MarkerTracking.JointAngleOutputs.OutputFile_LeftArm.ThoraxClavicula[2],Main.Studies.MarkerTracking.JointAngleOutputs.OutputFile_LeftArm.ClaviculaScapula[0],Main.Studies.MarkerTracking.JointAngleOutputs.OutputFile_LeftArm.ClaviculaScapula[1],Main.Studies.MarkerTracking.JointAngleOutputs.OutputFile_LeftArm.ClaviculaScapula[2],Main.Studies.MarkerTracking.JointAngleOutputs.OutputFile_LeftArm.ScapulaHumerus[0],Main.Studies.MarkerTracking.JointAngleOutputs.OutputFile_LeftArm.ScapulaHumerus[1],Main.Studies.MarkerTracking.JointAngleOutputs.OutputFile_LeftArm.ScapulaHumerus[2],Main.Studies.MarkerTracking.JointAngleOutputs.OutputFile_LeftArm.HumerusUlna,Main.Studies.MarkerTracking.JointAngleOutputs.OutputFile_LeftArm.UlnaRadius,Main.Studies.MarkerTracking.JointAngleOutputs.OutputFile_LeftArm.RadiusWrist,Main.Studies.MarkerTracking.JointAngleOutputs.OutputFile_LeftArm.WristHand
  8.000000000000000e-01, -2.713217446547797e-02, -1.912778952117112e-01,  3.628933060832516e-02, -3.989147449523477e-02,  7.176712299049619e-01, -3.797026589037244e-02,  4.462574602165155e-01, -5.897366361396644e-01,  4.126686416255184e-01,  2.094395102393195e+00,  3.190646267593243e-04,  4.163336342344337e-17,  1.110223024625156e-16
  8.100000000000001e-01, -2.713217446546571e-02, -1.912778952117160e-01,  3.628933060832823e-02, -3.989147449521663e-02,  7.176712299049646e-01, -3.797026589038881e-02,  4.462574602165040e-01, -5.897366361396704e-01,  4.126686416254902e-01,  2.094395102393195e+00,  3.190794965391577e-04,  0.000000000000000e+00,  0.000000000000000e+00
  8.200000000000001e-01, -2.713217446547800e-02, -1.912778952117154e-01,  3.628933060832718e-02, -3.989147449523444e-02,  7.176712299049651e-01, -3.797026589037334e-02,  4.462574602165131e-01, -5.897366361396643e-01,  4.126686416255210e-01,  2.094395102393195e+00,  3.190794965391588e-04, -4.163336342344337e-17,  0.000000000000000e+00
  8.300000000000001e-01, -2.713217446549380e-02, -1.912778952117153e-01,  3.628933060832554e-02, -3.989147449525407e-02,  7.176712299049655e-01, -3.797026589035451e-02,  4.462574602165228e-01, -5.897366361396564e-01,  4.126686416255561e-01,  2.094395102393195e+00,  3.190794965393817e-04, -5.551115123125780e-17,  8.326672684688673e-17
  8.400000000000001e-01, -2.713217446551478e-02, -1.912778952117164e-01,  3.628933060832339e-02, -3.989147449527006e-02,  7.176712299049673e-01, -3.797026589033321e-02,  4.462574602165345e-01, -5.897366361396486e-01,  4.126686416255932e-01,  2.094395102393196e+00,  3.190794965386052e-04,  5.551115123125783e-17,  1.110223024625157e-16
  8.500000000000001e-01, -2.713217446554348e-02, -1.912778952117164e-01,  3.628933060832077e-02, -3.989147449528154e-02,  7.176712299049687e-01, -3.797026589030861e-02,  4.462574602165459e-01, -5.897366361396399e-01,  4.126686416256325e-01,  2.094395102393195e+00,  3.190794965387139e-04,  5.551115123125783e-17,  1.665334536937735e-16
  8.600000000000001e-01, -2.713217446556102e-02, -1.912778952117179e-01,  3.628933060831897e-02, -3.989147449530252e-02,  7.176712299049700e-01, -3.797026589028820e-02,  4.462574602165576e-01, -5.897366361396322e-01,  4.126686416256712e-01,  2.094395102393196e+00,  3.190794965390478e-04, -9.714451465470120e-17,  1.110223024625157e-16
  8.700000000000001e-01, -2.713217446558961e-02, -1.912778952117171e-01,  3.628933060831614e-02, -3.989147449531467e-02,  7.176712299049711e-01, -3.797026589026271e-02,  4.462574602165696e-01, -5.897366361396227e-01,  4.126686416257118e-01,  2.094395102393196e+00,  3.190794965388242e-04, -1.526556658859590e-16,  2.220446049250314e-16
  8.800000000000000e-01, -2.713217446524956e-02, -1.912778952117117e-01,  3.628933060834882e-02, -3.989147449506424e-02,  7.176712299049527e-01, -3.797026589060164e-02,  4.462574602163817e-01, -5.897366361397451e-01,  4.126686416251375e-01,  2.094395102393195e+00,  3.190794965381605e-04,  4.163336342344337e-17,  2.775557561562891e-16
  8.900000000000000e-01, -2.713217446524683e-02, -1.912778952117111e-01,  3.628933060834926e-02, -3.989147449506639e-02,  7.176712299049526e-01, -3.797026589060285e-02,  4.462574602163806e-01, -5.897366361397449e-01,  4.126686416251377e-01,  2.094395102393196e+00,  3.190794965386025e-04, -2.775557561562891e-17,  3.885780586188046e-16
  9.000000000000000e-01, -2.713217446524993e-02, -1.912778952117117e-01,  3.628933060834866e-02, -3.989147449506401e-02,  7.176712299049529e-01, -3.797026589060137e-02,  4.462574602163800e-01, -5.897366361397443e-01,  4.126686416251392e-01,  2.094395102393195e+00,  3.190794965387127e-04, -1.110223024625157e-16,  4.163336342344336e-16
  9.100000000000000e-01, -2.713217446524706e-02, -1.912778952117111e-01,  3.628933060834907e-02, -3.989147449506593e-02,  7.176712299049524e-01, -3.797026589060298e-02,  4.462574602163789e-01, -5.897366361397444e-01,  4.126686416251388e-01,  2.094395102393195e+00,  3.190794965387164e-04, -1.526556658859590e-16,  4.440892098500626e-16
  9.200000000000000e-01, -2.713217446524449e-02, -1.912778952117114e-01,  3.628933060834951e-02, -3.989147449506832e-02,  7.176712299049529e-01, -3.797026589060394e-02,  4.462574602163781e-01, -5.897366361397440e-01,  4.126686416251403e-01,  2.094395102393196e+00,  3.190794965386043e-04, -6.938893903907228e-17,  4.996003610813204e-16
  9.300000000000000e-01, -2.713217446524742e-02, -1.912778952117120e-01,  3.628933060834929e-02, -3.989147449506560e-02,  7.176712299049527e-01, -3.797026589060306e-02,  4.462574602163770e-01, -5.897366361397438e-01,  4.126686416251410e-01,  2.094395102393196e+00,  3.190794965383818e-04, -1.387778780781446e-16,  3.885780586188048e-16
  9.400000000000001e-01, -2.713217446524432e-02, -1.912778952117123e-01,  3.628933060834966e-02, -3.989147449506799e-02,  7.176712299049534e-01, -3.797026589060450e-02,  4.462574602163761e-01, -5.897366361397436e-01,  4.126686416251409e-01,  2.094395102393196e+00,  3.190794965382719e-04, -2.775557561562891e-17,  4.440892098500625e-16
  9.500000000000001e-01, -2.713217446524144e-02, -1.912778952117110e-01,  3.628933060834950e-02, -3.989147449507082e-02,  7.176712299049526e-01, -3.797026589060506e-02,  4.462574602163755e-01, -5.897366361397428e-01,  4.126686416251428e-01,  2.094395102393195e+00,  3.190794965383800e-04,  1.387778780781446e-17,  3.608224830031759e-16
  9.600000000000001e-01, -2.713217446524446e-02, -1.912778952117114e-01,  3.628933060834941e-02, -3.989147449506775e-02,  7.176712299049528e-01, -3.797026589060400e-02,  4.462574602163747e-01, -5.897366361397428e-01,  4.126686416251438e-01,  2.094395102393196e+00,  3.190794965379371e-04,  0.000000000000000e+00,  4.996003610813204e-16
  9.700000000000000e-01, -2.713217446524310e-02, -1.912778952117116e-01,  3.628933060834956e-02, -3.989147449507082e-02,  7.176712299049532e-01, -3.797026589060371e-02,  4.462574602163740e-01, -5.897366361397423e-01,  4.126686416251468e-01,  2.094395102393196e+00,  3.190794965383815e-04,  0.000000000000000e+00,  4.440892098500626e-16
  9.800000000000001e-01, -2.713217446525162e-02, -1.912778952117114e-01,  3.628933060834891e-02, -3.989147449506287e-02,  7.176712299049526e-01, -3.797026589060105e-02,  4.462574602163727e-01, -5.897366361397417e-01,  4.126686416251472e-01,  2.094395102393195e+00,  3.190794965381586e-04,  2.775557561562891e-17,  3.885780586188046e-16
  9.900000000000001e-01, -2.713217446524800e-02, -1.912778952117110e-01,  3.628933060834880e-02, -3.989147449506480e-02,  7.176712299049524e-01, -3.797026589060233e-02,  4.462574602163713e-01, -5.897366361397413e-01,  4.126686416251475e-01,  2.094395102393195e+00,  3.190794965388253e-04, -6.938893903907227e-17,  4.440892098500624e-16
  1.000000000000000e+00, -2.713217446524610e-02, -1.912778952117112e-01,  3.628933060834920e-02, -3.989147449506752e-02,  7.176712299049528e-01, -3.797026589060305e-02,  4.462574602163705e-01, -5.897366361397418e-01,  4.126686416251484e-01,  2.094395102393196e+00,  3.190794965383827e-04, -6.938893903907228e-17,  3.885780586188047e-16
  1.010000000000000e+00, -2.713217446524839e-02, -1.912778952117118e-01,  3.628933060834912e-02, -3.989147449506446e-02,  7.176712299049529e-01, -3.797026589060278e-02,  4.462574602163696e-01, -5.897366361397413e-01,  4.126686416251487e-01,  2.094395102393195e+00,  3.190794965384927e-04, -1.110223024625157e-16,  3.330669073875470e-16
  1.020000000000000e+00, -2.713217446525144e-02, -1.912778952117115e-01,  3.628933060834844e-02, -3.989147449506220e-02,  7.176712299049534e-01, -3.797026589060109e-02,  4.462574602163685e-01, -5.897366361397408e-01,  4.126686416251501e-01,  2.094395102393195e+00,  3.190794965381584e-04,  0.000000000000000e+00,  3.885780586188048e-16
  1.030000000000000e+00, -2.713217446524268e-02, -1.912778952117117e-01,  3.628933060834947e-02, -3.989147449506924e-02,  7.176712299049529e-01, -3.797026589060481e-02,  4.462574602163675e-01, -5.897366361397409e-01,  4.126686416251505e-01,  2.094395102393196e+00,  3.190794965388247e-04, -6.938893903907227e-17,  3.885780586188048e-16
  1.040000000000000e+00, -2.713217446525154e-02, -1.912778952117123e-01,  3.628933060834891e-02, -3.989147449506186e-02,  7.176712299049531e-01, -3.797026589060132e-02,  4.462574602163667e-01, -5.897366361397407e-01,  4.126686416251523e-01,  2.094395102393196e+00,  3.190794965384930e-04, -5.551115123125783e-17,  3.885780586188048e-16
  1.050000000000000e+00, -2.713217446524409e-02, -1.912778952117123e-01,  3.628933060834963e-02, -3.989147449506980e-02,  7.176712299049534e-01, -3.797026589060356e-02,  4.462574602163662e-01, -5.897366361397399e-01,  4.126686416251545e-01,  2.094395102393195e+00,  3.190794965387140e-04, -1.110223024625157e-16,  3.330669073875470e-16
  1.060000000000000e+00, -2.713217446524575e-02, -1.912778952117122e-01,  3.628933060834917e-02, -3.989147449506593e-02,  7.176712299049531e-01, -3.797026589060353e-02,  4.462574602163645e-01, -5.897366361397401e-01,  4.126686416251534e-01,  2.094395102393195e+00,  3.190794965390487e-04, -5.551115123125783e-17,  3.885780586188049e-16
  1.070000000000000e+00, -2.713217446524431e-02, -1.912778952117123e-01,  3.628933060834968e-02, -3.989147449506924e-02,  7.176712299049529e-01, -3.797026589060386e-02,  4.462574602163636e-01, -5.897366361397397e-01,  4.126686416251560e-01,  2.094395102393196e+00,  3.190794965387148e-04, -6.938893903907228e-17,  3.608224830031759e-16
  1.080000000000000e+00, -2.713217446524073e-02, -1.912778952117119e-01,  3.628933060834991e-02, -3.989147449507115e-02,  7.176712299049528e-01, -3.797026589060543e-02,  4.462574602163619e-01, -5.897366361397389e-01,  4.126686416251562e-01,  2.094395102393195e+00,  3.190794965389379e-04, -4.163336342344335e-17,  3.885780586188048e-16
  1.090000000000000e+00, -2.713217446524368e-02, -1.912778952117115e-01,  3.628933060834943e-02, -3.989147449506900e-02,  7.176712299049529e-01, -3.797026589060401e-02,  4.462574602163611e-01, -5.897366361397381e-01,  4.126686416251579e-01,  2.094395102393195e+00,  3.190794965386038e-04, -2.081668171172169e-16,  3.885780586188048e-16
  1.100000000000000e+00, -2.713217446524700e-02, -1.912778952117119e-01,  3.628933060834964e-02, -3.989147449506640e-02,  7.176712299049529e-01, -3.797026589060312e-02,  4.462574602163603e-01, -5.897366361397383e-01,  4.126686416251593e-01,  2.094395102393196e+00,  3.190794965389356e-04, -1.804112415015879e-16,  4.163336342344336e-16
  1.110000000000000e+00, -2.713217446523867e-02, -1.912778952117112e-01,  3.628933060835025e-02, -3.989147449507387e-02,  7.176712299049525e-01, -3.797026589060620e-02,  4.462574602163593e-01, -5.897366361397381e-01,  4.126686416251605e-01,  2.094395102393195e+00,  3.190794965388265e-04, -9.714451465470120e-17,  4.163336342344337e-16
  1.120000000000000e+00, -2.713217446524124e-02, -1.912778952117109e-01,  3.628933060834959e-02, -3.989147449507047e-02,  7.176712299049520e-01, -3.797026589060511e-02,  4.462574602163578e-01, -5.897366361397377e-01,  4.126686416251609e-01,  2.094395102393196e+00,  3.190794965387145e-04,  1.110223024625156e-16,  4.440892098500624e-16
  1.130000000000000e+00, -2.713217446524501e-02, -1.912778952117105e-01,  3.628933060834914e-02, -3.989147449506842e-02,  7.176712299049517e-01, -3.797026589060348e-02,  4.462574602163572e-01, -5.897366361397376e-01,  4.126686416251633e-01,  2.094395102393196e+00,  3.190794965387137e-04,  1.526556658859590e-16,  4.163336342344338e-16
  1.140000000000000e+00, -2.713217446525244e-02, -1.912778952117114e-01,  3.628933060834852e-02, -3.989147449505970e-02,  7.176712299049531e-01, -3.797026589060132e-02,  4.462574602163557e-01, -5.897366361397365e-01,  4.126686416251634e-01,  2.094395102393195e+00,  3.190794965386044e-04, -9.714451465470116e-17,  4.440892098500625e-16
  1.150000000000000e+00, -2.713217446525127e-02, -1.912778952117115e-01,  3.628933060834882e-02, -3.989147449506310e-02,  7.176712299049528e-01, -3.797026589060111e-02,  4.462574602163548e-01, -5.897366361397363e-01,  4.126686416251662e-01,  2.094395102393195e+00,  3.190794965387169e-04, -1.110223024625157e-16,  3.885780586188047e-16
  1.160000000000000e+00, -2.713217446524347e-02, -1.912778952117106e-01,  3.628933060834954e-02, -3.989147449507036e-02,  7.176712299049520e-01, -3.797026589060392e-02,  4.462574602163537e-01, -5.897366361397364e-01,  4.126686416251675e-01,  2.094395102393195e+00,  3.190794965388263e-04, -1.942890293094024e-16,  4.996003610813203e-16
  1.170000000000000e+00, -2.713217446524610e-02, -1.912778952117113e-01,  3.628933060834925e-02, -3.989147449506764e-02,  7.176712299049529e-01, -3.797026589060289e-02,  4.462574602163521e-01, -5.897366361397350e-01,  4.126686416251694e-01,  2.094395102393195e+00,  3.190794965387125e-04, -1.665334536937735e-16,  4.718447854656915e-16
  1.180000000000000e+00, -2.713217446524420e-02, -1.912778952117114e-01,  3.628933060834953e-02, -3.989147449507047e-02,  7.176712299049520e-01, -3.797026589060361e-02,  4.462574602163514e-01, -5.897366361397353e-01,  4.126686416251713e-01,  2.094395102393195e+00,  3.190794965389373e-04,  2.775557561562891e-17,  4.996003610813204e-16
  1.190000000000000e+00, -2.713217446524486e-02, -1.912778952117123e-01,  3.628933060834943e-02, -3.989147449506684e-02,  7.176712299049531e-01, -3.797026589060429e-02,  4.462574602163489e-01, -5.897366361397349e-01,  4.126686416251694e-01,  2.094395102393195e+00,  3.190794965386051e-04, -1.387778780781446e-16,  4.996003610813204e-16
  1.200000000000000e+00, -2.713217446525280e-02, -1.912778952117113e-01,  3.628933060834853e-02, -3.989147449506242e-02,  7.176712299049528e-01, -3.797026589059994e-02,  4.462574602163492e-01, -5.897366361397335e-01,  4.126686416251745e-01,  2.094395102393195e+00,  3.190794965389347e-04, -9.714451465470120e-17,  4.440892098500626e-16
  1.210000000000000e+00, -2.713217446524158e-02, -1.912778952117108e-01,  3.628933060834978e-02, -3.989147449507263e-02,  7.176712299049525e-01, -3.797026589060441e-02,  4.462574602163473e-01, -5.897366361397332e-01,  4.126686416251745e-01,  2.094395102393195e+00,  3.190794965389387e-04, -5.551115123125781e-17,  4.996003610813203e-16
  1.220000000000000e+00, -2.713217446524612e-02, -1.912778952117112e-01,  3.628933060834933e-02, -3.989147449506628e-02,  7.176712299049529e-01, -3.797026589060336e-02,  4.462574602163456e-01, -5.897366361397334e-01,  4.126686416251742e-01,  2.094395102393196e+00,  3.190794965387154e-04, -1.942890293094023e-16,  4.718447854656915e-16
  1.230000000000000e+00, -2.713217446524651e-02, -1.912778952117112e-01,  3.628933060834937e-02, -3.989147449506661e-02,  7.176712299049520e-01, -3.797026589060315e-02,  4.462574602163448e-01, -5.897366361397335e-01,  4.126686416251767e-01,  2.094395102393195e+00,  3.190794965389357e-04,  6.938893903907227e-17,  5.551115123125783e-16
  1.240000000000000e+00, -2.713217446523673e-02, -1.912778952117114e-01,  3.628933060835045e-02, -3.989147449507672e-02,  7.176712299049521e-01, -3.797026589060645e-02,  4.462574602163434e-01, -5.897366361397328e-01,  4.126686416251787e-01,  2.094395102393196e+00,  3.190794965392718e-04,  0.000000000000000e+00,  5.551115123125782e-16
  1.250000000000000e+00, -2.713217446524216e-02, -1.912778952117117e-01,  3.628933060834964e-02, -3.989147449507104e-02,  7.176712299049528e-01, -3.797026589060432e-02,  4.462574602163420e-01, -5.897366361397317e-01,  4.126686416251801e-01,  2.094395102393195e+00,  3.190794965390490e-04, -2.775557561562891e-17,  5.828670879282072e-16
  1.260000000000000e+00, -2.713217446523555e-02, -1.912778952117116e-01,  3.628933060835030e-02, -3.989147449507536e-02,  7.176712299049532e-01, -3.797026589060792e-02,  4.462574602163402e-01, -5.897366361397320e-01,  4.126686416251790e-01,  2.094395102393195e+00,  3.190794965391591e-04, -1.942890293094024e-16,  5.828670879282072e-16
  1.270000000000000e+00, -2.713217446524113e-02, -1.912778952117109e-01,  3.628933060834989e-02, -3.989147449507013e-02,  7.176712299049525e-01, -3.797026589060579e-02,  4.462574602163384e-01, -5.897366361397309e-01,  4.126686416251804e-01,  2.094395102393195e+00,  3.190794965390468e-04, -2.775557561562891e-17,  3.885780586188047e-16
  1.280000000000000e+00, -2.713217446524318e-02, -1.912778952117116e-01,  3.628933060834972e-02, -3.989147449507104e-02,  7.176712299049526e-01, -3.797026589060386e-02,  4.462574602163380e-01, -5.897366361397307e-01,  4.126686416251853e-01,  2.094395102393195e+00,  3.190794965393804e-04, -1.110223024625156e-16,  3.885780586188047e-16
  1.290000000000000e+00, -2.713217446524806e-02, -1.912778952117119e-01,  3.628933060834913e-02, -3.989147449506491e-02,  7.176712299049529e-01, -3.797026589060270e-02,  4.462574602163358e-01, -5.897366361397299e-01,  4.126686416251852e-01,  2.094395102393196e+00,  3.190794965388238e-04, -2.775557561562891e-17,  4.718447854656915e-16
  1.300000000000000e+00, -2.713217446524784e-02, -1.912778952117119e-01,  3.628933060834907e-02, -3.989147449506402e-02,  7.176712299049530e-01, -3.797026589060291e-02,  4.462574602163345e-01, -5.897366361397295e-01,  4.126686416251861e-01,  2.094395102393196e+00,  3.190794965389358e-04, -2.636779683484746e-16,  3.053113317719180e-16
  1.310000000000000e+00, -2.713217446524291e-02, -1.912778952117116e-01,  3.628933060834945e-02, -3.989147449506945e-02,  7.176712299049531e-01, -3.797026589060449e-02,  4.462574602163334e-01, -5.897366361397299e-01,  4.126686416251875e-01,  2.094395102393195e+00,  3.190794965391577e-04, -9.714451465470121e-17,  2.775557561562891e-16
  1.320000000000000e+00, -2.713217446525363e-02, -1.912778952117121e-01,  3.628933060834844e-02, -3.989147449505925e-02,  7.176712299049535e-01, -3.797026589060063e-02,  4.462574602163318e-01, -5.897366361397284e-01,  4.126686416251892e-01,  2.094395102393195e+00,  3.190794965393820e-04, -1.387778780781446e-17,  2.220446049250313e-16
  1.330000000000000e+00, -2.713217446524914e-02, -1.912778952117118e-01,  3.628933060834875e-02, -3.989147449506424e-02,  7.176712299049534e-01, -3.797026589060211e-02,  4.462574602163304e-01, -5.897366361397280e-01,  4.126686416251918e-01,  2.094395102393195e+00,  3.190794965393800e-04,  1.387778780781446e-17,  2.775557561562892e-16
  1.340000000000000e+00, -2.713217446523776e-02, -1.912778952117122e-01,  3.628933060835018e-02, -3.989147449507365e-02,  7.176712299049530e-01, -3.797026589060679e-02,  4.462574602163287e-01, -5.897366361397285e-01,  4.126686416251917e-01,  2.094395102393195e+00,  3.190794965396032e-04,  5.551115123125783e-17,  2.498001805406602e-16
  1.350000000000000e+00, -2.713217446523940e-02, -1.912778952117111e-01,  3.628933060834994e-02, -3.989147449507410e-02,  7.176712299049519e-01, -3.797026589060517e-02,  4.462574602163283e-01, -5.897366361397275e-01,  4.126686416251961e-01,  2.094395102393196e+00,  3.190794965397140e-04, -9.714451465470120e-17,  2.498001805406602e-16
  1.360000000000000e+00, -2.713217446523863e-02, -1.912778952117112e-01,  3.628933060835008e-02, -3.989147449507331e-02,  7.176712299049522e-01, -3.797026589060611e-02,  4.462574602163255e-01, -5.897366361397270e-01,  4.126686416251958e-01,  2.094395102393195e+00,  3.190794965394899e-04, -8.326672684688673e-17,  2.498001805406602e-16
  1.370000000000000e+00, -2.713217446523832e-02, -1.912778952117104e-01,  3.628933060834984e-02, -3.989147449507275e-02,  7.176712299049524e-01, -3.797026589060654e-02,  4.462574602163238e-01, -5.897366361397266e-01,  4.126686416251965e-01,  2.094395102393195e+00,  3.190794965394911e-04,  9.714451465470120e-17,  1.665334536937735e-16
  1.380000000000000e+00, -2.713217446524398e-02, -1.912778952117116e-01,  3.628933060834922e-02, -3.989147449506752e-02,  7.176712299049532e-01, -3.797026589060426e-02,  4.462574602163224e-01, -5.897366361397258e-01,  4.126686416251986e-01,  2.094395102393196e+00,  3.190794965400481e-04,  1.942890293094024e-16,  1.942890293094024e-16
  1.390000000000000e+00, -2.713217446524479e-02, -1.912778952117115e-01,  3.628933060834887e-02, -3.989147449506786e-02,  7.176712299049528e-01, -3.797026589060344e-02,  4.462574602163209e-01, -5.897366361397256e-01,  4.126686416252012e-01,  2.094395102393195e+00,  3.190794965400494e-04, -1.387778780781446e-16,  1.665334536937735e-16
  1.400000000000000e+00, -2.713217446524502e-02, -1.912778952117114e-01,  3.628933060834910e-02, -3.989147449506820e-02,  7.176712299049528e-01, -3.797026589060350e-02,  4.462574602163195e-01, -5.897366361397255e-01,  4.126686416252032e-01,  2.094395102393195e+00,  3.190794965399373e-04, -1.110223024625156e-16,  2.220446049250313e-16
  1.410000000000000e+00, -2.713217446525059e-02, -1.912778952117116e-01,  3.628933060834892e-02, -3.989147449506298e-02,  7.176712299049527e-01, -3.797026589060142e-02,  4.462574602163186e-01, -5.897366361397244e-01,  4.126686416252057e-01,  2.094395102393195e+00,  3.190794965399372e-04, -1.249000902703301e-16,  1.942890293094024e-16
  1.420000000000000e+00, -2.713217446525085e-02, -1.912778952117116e-01,  3.628933060834875e-02, -3.989147449506299e-02,  7.176712299049529e-01, -3.797026589060123e-02,  4.462574602163166e-01, -5.897366361397239e-01,  4.126686416252068e-01,  2.094395102393195e+00,  3.190794965392694e-04, -9.714451465470120e-17,  1.942890293094024e-16
  1.430000000000000e+00, -2.713217446524102e-02, -1.912778952117109e-01,  3.628933060834991e-02, -3.989147449507342e-02,  7.176712299049519e-01, -3.797026589060443e-02,  4.462574602163155e-01, -5.897366361397233e-01,  4.126686416252106e-01,  2.094395102393195e+00,  3.190794965393818e-04, -2.220446049250313e-16,  1.387778780781446e-16
  1.440000000000000e+00, -2.713217446524609e-02, -1.912778952117112e-01,  3.628933060834953e-02, -3.989147449506820e-02,  7.176712299049522e-01, -3.797026589060305e-02,  4.462574602163138e-01, -5.897366361397222e-01,  4.126686416252113e-01,  2.094395102393195e+00,  3.190794965397156e-04,  1.387778780781445e-17,  1.110223024625157e-16
  1.450000000000000e+00, -2.713217446524453e-02, -1.912778952117114e-01,  3.628933060834925e-02, -3.989147449506684e-02,  7.176712299049531e-01, -3.797026589060426e-02,  4.462574602163119e-01, -5.897366361397225e-01,  4.126686416252102e-01,  2.094395102393195e+00,  3.190794965396015e-04, -1.665334536937735e-16,  8.326672684688670e-17
  1.460000000000000e+00, -2.713217446523411e-02, -1.912778952117109e-01,  3.628933060835019e-02, -3.989147449507694e-02,  7.176712299049522e-01, -3.797026589060795e-02,  4.462574602163097e-01, -5.897366361397217e-01,  4.126686416252121e-01,  2.094395102393195e+00,  3.190794965396038e-04, -2.220446049250313e-16,  1.665334536937735e-16
  1.470000000000000e+00, -2.713217446524018e-02, -1.912778952117120e-01,  3.628933060834982e-02, -3.989147449507206e-02,  7.176712299049532e-01, -3.797026589060557e-02,  4.462574602163086e-01, -5.897366361397209e-01,  4.126686416252148e-01,  2.094395102393195e+00,  3.190794965392694e-04,  1.387778780781446e-17,  1.942890293094023e-16
  1.480000000000000e+00, -2.713217446525150e-02, -1.912778952117114e-01,  3.628933060834895e-02, -3.989147449506185e-02,  7.176712299049526e-01, -3.797026589060162e-02,  4.462574602163070e-01, -5.897366361397210e-01,  4.126686416252166e-01,  2.094395102393195e+00,  3.190794965396026e-04, -2.359223927328458e-16,  1.665334536937735e-16
  1.490000000000000e+00, -2.713217446523997e-02, -1.912778952117120e-01,  3.628933060834986e-02, -3.989147449507139e-02,  7.176712299049530e-01, -3.797026589060589e-02,  4.462574602163045e-01, -5.897366361397198e-01,  4.126686416252178e-01,  2.094395102393196e+00,  3.190794965398262e-04,  1.387778780781446e-17,  1.942890293094024e-16
  1.500000000000000e+00, -2.713217446524134e-02, -1.912778952117109e-01,  3.628933060834962e-02, -3.989147449507195e-02,  7.176712299049528e-01, -3.797026589060480e-02,  4.462574602163035e-01, -5.897366361397193e-01,  4.126686416252211e-01,  2.094395102393196e+00,  3.190794965396010e-04, -2.775557561562891e-17,  1.665334536937735e-16
  1.510000000000000e+00, -2.713217446524206e-02, -1.912778952117117e-01,  3.628933060834968e-02, -3.989147449507172e-02,  7.176712299049528e-01, -3.797026589060454e-02,  4.462574602163018e-01, -5.897366361397187e-01,  4.126686416252236e-01,  2.094395102393195e+00,  3.190794965396041e-04, -1.249000902703301e-16,  1.665334536937735e-16
  1.520000000000000e+00, -2.713217446524683e-02, -1.912778952117112e-01,  3.628933060834910e-02, -3.989147449506650e-02,  7.176712299049526e-01, -3.797026589060267e-02,  4.462574602162998e-01, -5.897366361397177e-01,  4.126686416252252e-01,  2.094395102393196e+00,  3.190794965400474e-04, -9.714451465470117e-17,  1.665334536937735e-16
  1.530000000000000e+00, -2.713217446524260e-02, -1.912778952117116e-01,  3.628933060835009e-02, -3.989147449507104e-02,  7.176712299049528e-01, -3.797026589060463e-02,  4.462574602162985e-01, -5.897366361397177e-01,  4.126686416252270e-01,  2.094395102393196e+00,  3.190794965400452e-04, -1.526556658859590e-16,  1.665334536937735e-16
  1.540000000000000e+00, -2.713217446524246e-02, -1.912778952117107e-01,  3.628933060834950e-02, -3.989147449507093e-02,  7.176712299049521e-01, -3.797026589060449e-02,  4.462574602162965e-01, -5.897366361397173e-01,  4.126686416252289e-01,  2.094395102393196e+00,  3.190794965399342e-04, -4.163336342344336e-17,  1.387778780781445e-16
  1.550000000000000e+00, -2.713217446524263e-02, -1.912778952117108e-01,  3.628933060834925e-02, -3.989147449507058e-02,  7.176712299049524e-01, -3.797026589060417e-02,  4.462574602162944e-01, -5.897366361397168e-01,  4.126686416252308e-01,  2.094395102393195e+00,  3.190794965401594e-04, -1.595945597898663e-16,  1.387778780781446e-16
  1.560000000000000e+00, -2.713217446524150e-02, -1.912778952117118e-01,  3.628933060834973e-02, -3.989147449507002e-02,  7.176712299049530e-01, -3.797026589060548e-02,  4.462574602162924e-01, -5.897366361397162e-01,  4.126686416252307e-01,  2.094395102393195e+00,  3.190794965403791e-04, -1.249000902703301e-16,  1.110223024625157e-16
  1.570000000000000e+00, -2.713217446524714e-02, -1.912778952117121e-01,  3.628933060834898e-02, -3.989147449506492e-02,  7.176712299049531e-01, -3.797026589060310e-02,  4.462574602162906e-01, -5.897366361397156e-01,  4.126686416252334e-01,  2.094395102393195e+00,  3.190794965403783e-04, -1.040834085586084e-16,  1.665334536937735e-16
  1.580000000000000e+00, -2.713217446524319e-02, -1.912778952117116e-01,  3.628933060834934e-02, -3.989147449507024e-02,  7.176712299049522e-01, -3.797026589060386e-02,  4.462574602162894e-01, -5.897366361397147e-01,  4.126686416252370e-01,  2.094395102393195e+00,  3.190794965404918e-04,  0.000000000000000e+00,  1.387778780781446e-16
  1.590000000000000e+00, -2.713217446524141e-02, -1.912778952117118e-01,  3.628933060834982e-02, -3.989147449506911e-02,  7.176712299049529e-01, -3.797026589060565e-02,  4.462574602162869e-01, -5.897366361397147e-01,  4.126686416252362e-01,  2.094395102393195e+00,  3.190794965401590e-04,  4.857225732735059e-17,  1.387778780781446e-16
  1.600000000000000e+00, -2.713217446525538e-02, -1.912778952117110e-01,  3.628933060834818e-02, -3.989147449506082e-02,  7.176712299049521e-01, -3.797026589059898e-02,  4.462574602162862e-01, -5.897366361397129e-01,  4.126686416252426e-01,  2.094395102393195e+00,  3.190794965407122e-04, -1.249000902703301e-16,  8.326672684688674e-17
  1.610000000000000e+00, -2.713217446524367e-02, -1.912778952117106e-01,  3.628933060834929e-02, -3.989147449506979e-02,  7.176712299049524e-01, -3.797026589060383e-02,  4.462574602162835e-01, -5.897366361397126e-01,  4.126686416252429e-01,  2.094395102393195e+00,  3.190794965404913e-04,  6.938893903907228e-17,  8.326672684688674e-17
  1.620000000000000e+00, -2.713217446524920e-02, -1.912778952117117e-01,  3.628933060834898e-02, -3.989147449506446e-02,  7.176712299049522e-01, -3.797026589060199e-02,  4.462574602162816e-01, -5.897366361397125e-01,  4.126686416252447e-01,  2.094395102393195e+00,  3.190794965402678e-04, -1.040834085586084e-16,  5.551115123125781e-17
  1.630000000000000e+00, -2.713217446524898e-02, -1.912778952117118e-01,  3.628933060834901e-02, -3.989147449506423e-02,  7.176712299049527e-01, -3.797026589060216e-02,  4.462574602162800e-01, -5.897366361397118e-01,  4.126686416252459e-01,  2.094395102393195e+00,  3.190794965402685e-04, -4.857225732735060e-17,  2.775557561562891e-17
  1.640000000000000e+00, -2.713217446524929e-02, -1.912778952117118e-01,  3.628933060834887e-02, -3.989147449506390e-02,  7.176712299049527e-01, -3.797026589060180e-02,  4.462574602162787e-01, -5.897366361397112e-01,  4.126686416252485e-01,  2.094395102393195e+00,  3.190794965404928e-04, -5.551115123125781e-17,  8.326672684688673e-17
  1.650000000000000e+00, -2.713217446524872e-02, -1.912778952117118e-01,  3.628933060834907e-02, -3.989147449506342e-02,  7.176712299049528e-01, -3.797026589060266e-02,  4.462574602162755e-01, -5.897366361397107e-01,  4.126686416252488e-01,  2.094395102393195e+00,  3.190794965404901e-04,  1.457167719820518e-16,  0.000000000000000e+00
  1.660000000000000e+00, -2.713217446525035e-02, -1.912778952117107e-01,  3.628933060834891e-02, -3.989147449506458e-02,  7.176712299049524e-01, -3.797026589060114e-02,  4.462574602162749e-01, -5.897366361397097e-01,  4.126686416252536e-01,  2.094395102393195e+00,  3.190794965407128e-04, -1.734723475976807e-16,  2.775557561562891e-17
  1.670000000000000e+00, -2.713217446523941e-02, -1.912778952117111e-01,  3.628933060835018e-02, -3.989147449507445e-02,  7.176712299049521e-01, -3.797026589060545e-02,  4.462574602162732e-01, -5.897366361397088e-01,  4.126686416252551e-01,  2.094395102393195e+00,  3.190794965407130e-04, -2.081668171172169e-16,  8.326672684688673e-17
  1.680000000000000e+00, -2.713217446523851e-02, -1.912778952117113e-01,  3.628933060834986e-02, -3.989147449507343e-02,  7.176712299049520e-01, -3.797026589060605e-02,  4.462574602162705e-01, -5.897366361397089e-01,  4.126686416252554e-01,  2.094395102393195e+00,  3.190794965404924e-04,  4.163336342344337e-17,  2.775557561562891e-17
  1.690000000000000e+00, -2.713217446524526e-02, -1.912778952117113e-01,  3.628933060834937e-02, -3.989147449506877e-02,  7.176712299049525e-01, -3.797026589060324e-02,  4.462574602162688e-01, -5.897366361397085e-01,  4.126686416252588e-01,  2.094395102393195e+00,  3.190794965408225e-04,  7.632783294297950e-17,  2.775557561562891e-17
  1.700000000000000e+00, -2.713217446525072e-02, -1.912778952117116e-01,  3.628933060834878e-02, -3.989147449506367e-02,  7.176712299049528e-01, -3.797026589060092e-02,  4.462574602162669e-01, -5.897366361397074e-01,  4.126686416252611e-01,  2.094395102393195e+00,  3.190794965410485e-04, -1.457167719820518e-16,  5.551115123125783e-17
  1.710000000000000e+00, -2.713217446524445e-02, -1.912778952117114e-01,  3.628933060834962e-02, -3.989147449506832e-02,  7.176712299049531e-01, -3.797026589060378e-02,  4.462574602162649e-01, -5.897366361397069e-01,  4.126686416252618e-01,  2.094395102393195e+00,  3.190794965407124e-04,  6.245004513516503e-17,  5.551115123125781e-17
  1.720000000000000e+00, -2.713217446524509e-02, -1.912778952117122e-01,  3.628933060834934e-02, -3.989147449506752e-02,  7.176712299049534e-01, -3.797026589060364e-02,  4.462574602162631e-01, -5.897366361397058e-01,  4.126686416252635e-01,  2.094395102393196e+00,  3.190794965407133e-04, -2.844946500601962e-16,  1.110223024625156e-16
  1.730000000000000e+00, -2.713217446524060e-02, -1.912778952117119e-01,  3.628933060834983e-02, -3.989147449507251e-02,  7.176712299049530e-01, -3.797026589060516e-02,  4.462574602162619e-01, -5.897366361397057e-01,  4.126686416252666e-01,  2.094395102393195e+00,  3.190794965410458e-04, -2.081668171172169e-17,  1.110223024625157e-16
  1.740000000000000e+00, -2.713217446524147e-02, -1.912778952117118e-01,  3.628933060835002e-02, -3.989147449507308e-02,  7.176712299049529e-01, -3.797026589060440e-02,  4.462574602162604e-01, -5.897366361397050e-01,  4.126686416252698e-01,  2.094395102393196e+00,  3.190794965411570e-04, -6.245004513516504e-17,  8.326672684688673e-17
  1.750000000000000e+00, -2.713217446524173e-02, -1.912778952117108e-01,  3.628933060834967e-02, -3.989147449507320e-02,  7.176712299049519e-01, -3.797026589060398e-02,  4.462574602162583e-01, -5.897366361397042e-01,  4.126686416252724e-01,  2.094395102393195e+00,  3.190794965411556e-04,  5.551115123125780e-17,  5.551115123125781e-17
  1.760000000000000e+00, -2.713217446524716e-02, -1.912778952117111e-01,  3.628933060834914e-02, -3.989147449506786e-02,  7.176712299049521e-01, -3.797026589060213e-02,  4.462574602162568e-01, -5.897366361397031e-01,  4.126686416252746e-01,  2.094395102393196e+00,  3.190794965409378e-04,  2.081668171172169e-17,  8.326672684688674e-17
  1.770000000000000e+00, -2.713217446524175e-02, -1.912778952117108e-01,  3.628933060834970e-02, -3.989147449507241e-02,  7.176712299049527e-01, -3.797026589060441e-02,  4.462574602162538e-01, -5.897366361397026e-01,  4.126686416252748e-01,  2.094395102393195e+00,  3.190794965410488e-04,  9.714451465470120e-17,  1.387778780781446e-16
  1.780000000000000e+00, -2.713217446524646e-02, -1.912778952117112e-01,  3.628933060834933e-02, -3.989147449506672e-02,  7.176712299049524e-01, -3.797026589060317e-02,  4.462574602162521e-01, -5.897366361397033e-01,  4.126686416252757e-01,  2.094395102393196e+00,  3.190794965407112e-04, -5.551115123125783e-17,  1.387778780781446e-16
  1.790000000000000e+00, -2.713217446524733e-02, -1.912778952117111e-01,  3.628933060834906e-02, -3.989147449506639e-02,  7.176712299049530e-01, -3.797026589060262e-02,  4.462574602162507e-01, -5.897366361397020e-01,  4.126686416252781e-01,  2.094395102393195e+00,  3.190794965410480e-04, -8.326672684688673e-17,  2.220446049250313e-16
  1.800000000000000e+00, -2.713217446524697e-02, -1.912778952117121e-01,  3.628933060834903e-02, -3.989147449506559e-02,  7.176712299049528e-01, -3.797026589060335e-02,  4.462574602162486e-01, -5.897366361397013e-01,  4.126686416252788e-01,  2.094395102393195e+00,  3.190794965410470e-04, -1.526556658859590e-16,  2.498001805406602e-16
  1.810000000000000e+00, -2.713217446524183e-02, -1.912778952117118e-01,  3.628933060834951e-02, -3.989147449507093e-02,  7.176712299049535e-01, -3.797026589060461e-02,  4.462574602162471e-01, -5.897366361397004e-01,  4.126686416252818e-01,  2.094395102393195e+00,  3.190794965409367e-04, -1.040834085586084e-16,  2.220446049250313e-16
  1.820000000000000e+00, -2.713217446524697e-02, -1.912778952117120e-01,  3.628933060834922e-02, -3.989147449506503e-02,  7.176712299049531e-01, -3.797026589060296e-02,  4.462574602162443e-01, -5.897366361397001e-01,  4.126686416252829e-01,  2.094395102393196e+00,  3.190794965409371e-04, -1.665334536937735e-16,  2.498001805406602e-16
  1.830000000000000e+00, -2.713217446524707e-02, -1.912778952117120e-01,  3.628933060834898e-02, -3.989147449506526e-02,  7.176712299049528e-01, -3.797026589060316e-02,  4.462574602162432e-01, -5.897366361396998e-01,  4.126686416252854e-01,  2.094395102393195e+00,  3.190794965410467e-04, -6.245004513516504e-17,  3.053113317719179e-16
  1.840000000000000e+00, -2.713217446524249e-02, -1.912778952117108e-01,  3.628933060834947e-02, -3.989147449507070e-02,  7.176712299049525e-01, -3.797026589060420e-02,  4.462574602162416e-01, -5.897366361396984e-01,  4.126686416252882e-01,  2.094395102393195e+00,  3.190794965409337e-04, -1.318389841742373e-16,  2.775557561562891e-16
  1.850000000000000e+00, -2.713217446523546e-02, -1.912778952117116e-01,  3.628933060835014e-02, -3.989147449507433e-02,  7.176712299049529e-01, -3.797026589060815e-02,  4.462574602162384e-01, -5.897366361396994e-01,  4.126686416252865e-01,  2.094395102393195e+00,  3.190794965410485e-04, -1.387778780781446e-16,  3.053113317719180e-16
  1.860000000000000e+00, -2.713217446524276e-02, -1.912778952117107e-01,  3.628933060834950e-02, -3.989147449507058e-02,  7.176712299049522e-01, -3.797026589060432e-02,  4.462574602162380e-01, -5.897366361396977e-01,  4.126686416252920e-01,  2.094395102393195e+00,  3.190794965413808e-04, -1.734723475976807e-16,  2.498001805406602e-16
  1.870000000000000e+00, -2.713217446524399e-02, -1.912778952117106e-01,  3.628933060834945e-02, -3.989147449507161e-02,  7.176712299049520e-01, -3.797026589060307e-02,  4.462574602162365e-01, -5.897366361396967e-01,  4.126686416252964e-01,  2.094395102393196e+00,  3.190794965410474e-04,  1.318389841742373e-16,  2.775557561562891e-16
  1.880000000000000e+00, -2.713217446524234e-02, -1.912778952117108e-01,  3.628933060834932e-02, -3.989147449506991e-02,  7.176712299049525e-01, -3.797026589060443e-02,  4.462574602162332e-01, -5.897366361396963e-01,  4.126686416252949e-01,  2.094395102393196e+00,  3.190794965410481e-04, -2.706168622523819e-16,  2.498001805406602e-16
  1.890000000000000e+00, -2.713217446524266e-02, -1.912778952117107e-01,  3.628933060834948e-02, -3.989147449506968e-02,  7.176712299049522e-01, -3.797026589060463e-02,  4.462574602162315e-01, -5.897366361396958e-01,  4.126686416252973e-01,  2.094395102393196e+00,  3.190794965412679e-04, -6.938893903907228e-18,  2.498001805406602e-16
  1.900000000000000e+00, -2.713217446523796e-02, -1.912778952117113e-01,  3.628933060835013e-02, -3.989147449507558e-02,  7.176712299049524e-01, -3.797026589060608e-02,  4.462574602162305e-01, -5.897366361396954e-01,  4.126686416253008e-01,  2.094395102393195e+00,  3.190794965413791e-04, -3.469446951953614e-17,  1.942890293094023e-16
  1.910000000000000e+00, -2.713217446523771e-02, -1.912778952117113e-01,  3.628933060835005e-02, -3.989147449507513e-02,  7.176712299049524e-01, -3.797026589060633e-02,  4.462574602162280e-01, -5.897366361396943e-01,  4.126686416253023e-01,  2.094395102393196e+00,  3.190794965409359e-04, -9.714451465470122e-17,  2.498001805406602e-16
  1.920000000000000e+00, -2.713217446524445e-02, -1.912778952117114e-01,  3.628933060834955e-02, -3.989147449507093e-02,  7.176712299049529e-01, -3.797026589060302e-02,  4.462574602162268e-01, -5.897366361396933e-01,  4.126686416253064e-01,  2.094395102393196e+00,  3.190794965410451e-04, -4.857225732735059e-17,  3.053113317719180e-16
  1.930000000000000e+00, -2.713217446524621e-02, -1.912778952117122e-01,  3.628933060834919e-02, -3.989147449506741e-02,  7.176712299049530e-01, -3.797026589060301e-02,  4.462574602162241e-01, -5.897366361396934e-01,  4.126686416253063e-01,  2.094395102393196e+00,  3.190794965408241e-04, -9.714451465470120e-17,  3.053113317719180e-16
  1.940000000000000e+00, -2.713217446523765e-02, -1.912778952117122e-01,  3.628933060835039e-02, -3.989147449507432e-02,  7.176712299049528e-01, -3.797026589060675e-02,  4.462574602162222e-01, -5.897366361396931e-01,  4.126686416253073e-01,  2.094395102393195e+00,  3.190794965403819e-04, -6.938893903907228e-17,  2.775557561562891e-16
  1.950000000000000e+00, -2.713217446525273e-02, -1.912778952117113e-01,  3.628933060834887e-02, -3.989147449506185e-02,  7.176712299049521e-01, -3.797026589060054e-02,  4.462574602162206e-01, -5.897366361396923e-01,  4.126686416253111e-01,  2.094395102393196e+00,  3.190794965409364e-04, -6.938893903907227e-18,  2.498001805406601e-16
  1.960000000000000e+00, -2.713217446524561e-02, -1.912778952117113e-01,  3.628933060834932e-02, -3.989147449506968e-02,  7.176712299049522e-01, -3.797026589060258e-02,  4.462574602162191e-01, -5.897366361396912e-01,  4.126686416253141e-01,  2.094395102393195e+00,  3.190794965403815e-04,  6.245004513516506e-17,  2.498001805406602e-16
  1.970000000000000e+00, -2.713217446524186e-02, -1.912778952117117e-01,  3.628933060834979e-02, -3.989147449507117e-02,  7.176712299049527e-01, -3.797026589060498e-02,  4.462574602162168e-01, -5.897366361396904e-01,  4.126686416253140e-01,  2.094395102393195e+00,  3.190794965406036e-04,  0.000000000000000e+00,  2.498001805406602e-16
  1.980000000000000e+00, -2.713217446523834e-02, -1.912778952117113e-01,  3.628933060834991e-02, -3.989147449507297e-02,  7.176712299049526e-01, -3.797026589060639e-02,  4.462574602162145e-01, -5.897366361396900e-01,  4.126686416253154e-01,  2.094395102393195e+00,  3.190794965407137e-04, -7.632783294297951e-17,  1.665334536937735e-16
  1.990000000000000e+00, -2.713217446524652e-02, -1.912778952117121e-01,  3.628933060834902e-02, -3.989147449506537e-02,  7.176712299049531e-01, -3.797026589060350e-02,  4.462574602162125e-01, -5.897366361396895e-01,  4.126686416253171e-01,  2.094395102393195e+00,  3.190794965409349e-04, -6.245004513516504e-17,  1.942890293094023e-16
  2.000000000000000e+00, -2.713217446524609e-02, -1.912778952117112e-01,  3.628933060834930e-02, -3.989147449506945e-02,  7.176712299049526e-01, -3.797026589060248e-02,  4.462574602162119e-01, -5.897366361396883e-01,  4.126686416253231e-01,  2.094395102393196e+00,  3.190794965408230e-04, -5.551115123125781e-17,  1.665334536937735e-16
  2.010000000000000e+00, -2.713217446523609e-02, -1.912778952117106e-01,  3.628933060835024e-02, -3.989147449507603e-02,  7.176712299049526e-01, -3.797026589060684e-02,  4.462574602162093e-01, -5.897366361396880e-01,  4.126686416253221e-01,  2.094395102393195e+00,  3.190794965409341e-04, -1.387778780781446e-16,  1.665334536937735e-16
  2.020000000000000e+00, -2.713217446525047e-02, -1.912778952117115e-01,  3.628933060834900e-02, -3.989147449506344e-02,  7.176712299049528e-01, -3.797026589060128e-02,  4.462574602162071e-01, -5.897366361396875e-01,  4.126686416253250e-01,  2.094395102393196e+00,  3.190794965411558e-04, -1.665334536937735e-16,  1.942890293094023e-16
  2.030000000000000e+00, -2.713217446524752e-02, -1.912778952117120e-01,  3.628933060834916e-02, -3.989147449506503e-02,  7.176712299049532e-01, -3.797026589060310e-02,  4.462574602162051e-01, -5.897366361396873e-01,  4.126686416253255e-01,  2.094395102393195e+00,  3.190794965407154e-04, -7.632783294297951e-17,  1.942890293094024e-16
  2.040000000000000e+00, -2.713217446524564e-02, -1.912778952117112e-01,  3.628933060834930e-02, -3.989147449506867e-02,  7.176712299049519e-01, -3.797026589060297e-02,  4.462574602162037e-01, -5.897366361396865e-01,  4.126686416253295e-01,  2.094395102393195e+00,  3.190794965406004e-04, -1.387778780781446e-16,  1.942890293094024e-16
  2.050000000000000e+00, -2.713217446524221e-02, -1.912778952117108e-01,  3.628933060834970e-02, -3.989147449507093e-02,  7.176712299049522e-01, -3.797026589060472e-02,  4.462574602162012e-01, -5.897366361396854e-01,  4.126686416253306e-01,  2.094395102393195e+00,  3.190794965410475e-04, -2.081668171172169e-17,  1.387778780781445e-16
  2.060000000000000e+00, -2.713217446524436e-02, -1.912778952117115e-01,  3.628933060834934e-02, -3.989147449506809e-02,  7.176712299049529e-01, -3.797026589060401e-02,  4.462574602161997e-01, -5.897366361396851e-01,  4.126686416253323e-01,  2.094395102393195e+00,  3.190794965409377e-04, -8.326672684688674e-17,  1.110223024625157e-16
  2.070000000000000e+00, -2.713217446524716e-02, -1.912778952117120e-01,  3.628933060834923e-02, -3.989147449506503e-02,  7.176712299049528e-01, -3.797026589060312e-02,  4.462574602161975e-01, -5.897366361396850e-01,  4.126686416253339e-01,  2.094395102393195e+00,  3.190794965406015e-04, -2.289834988289385e-16,  8.326672684688674e-17
  2.080000000000000e+00, -2.713217446524531e-02, -1.912778952117103e-01,  3.628933060834945e-02, -3.989147449506832e-02,  7.176712299049524e-01, -3.797026589060332e-02,  4.462574602161968e-01, -5.897366361396841e-01,  4.126686416253376e-01,  2.094395102393195e+00,  3.190794965406039e-04, -6.245004513516504e-17,  1.110223024625156e-16
  2.090000000000000e+00, -2.713217446524287e-02, -1.912778952117107e-01,  3.628933060834930e-02, -3.989147449507071e-02,  7.176712299049527e-01, -3.797026589060399e-02,  4.462574602161941e-01, -5.897366361396830e-01,  4.126686416253391e-01,  2.094395102393195e+00,  3.190794965406020e-04,  4.163336342344338e-17,  1.110223024625157e-16
  2.100000000000000e+00, -2.713217446525146e-02, -1.912778952117115e-01,  3.628933060834851e-02, -3.989147449506298e-02,  7.176712299049526e-01, -3.797026589060065e-02,  4.462574602161926e-01, -5.897366361396826e-01,  4.126686416253421e-01,  2.094395102393196e+00,  3.190794965402700e-04, -2.151057110211241e-16,  1.665334536937735e-16
  2.110000000000000e+00, -2.713217446524840e-02, -1.912778952117119e-01,  3.628933060834895e-02, -3.989147449506491e-02,  7.176712299049532e-01, -3.797026589060219e-02,  4.462574602161906e-01, -5.897366361396816e-01,  4.126686416253433e-01,  2.094395102393195e+00,  3.190794965401598e-04, -1.249000902703301e-16,  8.326672684688673e-17
  2.120000000000000e+00, -2.713217446524552e-02, -1.912778952117122e-01,  3.628933060834951e-02, -3.989147449506764e-02,  7.176712299049534e-01, -3.797026589060341e-02,  4.462574602161881e-01, -5.897366361396810e-01,  4.126686416253447e-01,  2.094395102393195e+00,  3.190794965403818e-04, -1.526556658859590e-16,  1.665334536937734e-16
  2.130000000000000e+00, -2.713217446524363e-02, -1.912778952117115e-01,  3.628933060834979e-02, -3.989147449507058e-02,  7.176712299049524e-01, -3.797026589060406e-02,  4.462574602161867e-01, -5.897366361396810e-01,  4.126686416253476e-01,  2.094395102393195e+00,  3.190794965407130e-04, -6.938893903907231e-17,  1.665334536937735e-16
  2.140000000000000e+00, -2.713217446524579e-02, -1.912778952117113e-01,  3.628933060834941e-02, -3.989147449506696e-02,  7.176712299049527e-01, -3.797026589060359e-02,  4.462574602161844e-01, -5.897366361396802e-01,  4.126686416253482e-01,  2.094395102393195e+00,  3.190794965407156e-04, -2.081668171172169e-16,  1.387778780781445e-16
  2.150000000000000e+00, -2.713217446524860e-02, -1.912778952117118e-01,  3.628933060834922e-02, -3.989147449506514e-02,  7.176712299049531e-01, -3.797026589060214e-02,  4.462574602161828e-01, -5.897366361396794e-01,  4.126686416253515e-01,  2.094395102393194e+00,  3.190794965409342e-04, -1.942890293094024e-16,  1.110223024625157e-16
  2.160000000000000e+00, -2.713217446524037e-02, -1.912778952117110e-01,  3.628933060834968e-02, -3.989147449507240e-02,  7.176712299049524e-01, -3.797026589060486e-02,  4.462574602161808e-01, -5.897366361396796e-01,  4.126686416253524e-01,  2.094395102393196e+00,  3.190794965406028e-04,  1.249000902703301e-16,  1.665334536937734e-16
  2.170000000000000e+00, -2.713217446525163e-02, -1.912778952117115e-01,  3.628933060834876e-02, -3.989147449506174e-02,  7.176712299049522e-01, -3.797026589060143e-02,  4.462574602161791e-01, -5.897366361396787e-01,  4.126686416253544e-01,  2.094395102393196e+00,  3.190794965404931e-04, -1.249000902703301e-16,  1.110223024625157e-16
  2.180000000000000e+00, -2.713217446525245e-02, -1.912778952117114e-01,  3.628933060834841e-02, -3.989147449506299e-02,  7.176712299049529e-01, -3.797026589060007e-02,  4.462574602161780e-01, -5.897366361396771e-01,  4.126686416253591e-01,  2.094395102393195e+00,  3.190794965406027e-04,  2.775557561562891e-17,  1.110223024625157e-16
  2.190000000000000e+00, -2.713217446524532e-02, -1.912778952117113e-01,  3.628933060834935e-02, -3.989147449506639e-02,  7.176712299049529e-01, -3.797026589060386e-02,  4.462574602161748e-01, -5.897366361396774e-01,  4.126686416253577e-01,  2.094395102393196e+00,  3.190794965407155e-04, -9.714451465470120e-17,  2.775557561562891e-17
  2.200000000000000e+00, -2.713217446523995e-02, -1.912778952117120e-01,  3.628933060835007e-02, -3.989147449507206e-02,  7.176712299049529e-01, -3.797026589060568e-02,  4.462574602161730e-01, -5.897366361396766e-01,  4.126686416253601e-01,  2.094395102393196e+00,  3.190794965406012e-04, -1.387778780781446e-17, -2.775557561562891e-17
  2.210000000000000e+00, -2.713217446524597e-02, -1.912778952117112e-01,  3.628933060834945e-02, -3.989147449506752e-02,  7.176712299049525e-01, -3.797026589060301e-02,  4.462574602161713e-01, -5.897366361396754e-01,  4.126686416253635e-01,  2.094395102393195e+00,  3.190794965402686e-04,  7.632783294297951e-17,  0.000000000000000e+00
  2.220000000000000e+00, -2.713217446525105e-02, -1.912778952117115e-01,  3.628933060834859e-02, -3.989147449506231e-02,  7.176712299049529e-01, -3.797026589060128e-02,  4.462574602161696e-01, -5.897366361396750e-01,  4.126686416253649e-01,  2.094395102393195e+00,  3.190794965401581e-04,  9.020562075079394e-17, -2.775557561562891e-17
  2.230000000000000e+00, -2.713217446525168e-02, -1.912778952117115e-01,  3.628933060834853e-02, -3.989147449506208e-02,  7.176712299049532e-01, -3.797026589060091e-02,  4.462574602161678e-01, -5.897366361396744e-01,  4.126686416253671e-01,  2.094395102393195e+00,  3.190794965401565e-04, -6.938893903907230e-18,  0.000000000000000e+00
  2.240000000000000e+00, -2.713217446525131e-02, -1.912778952117124e-01,  3.628933060834889e-02, -3.989147449506129e-02,  7.176712299049534e-01, -3.797026589060169e-02,  4.462574602161654e-01, -5.897366361396741e-01,  4.126686416253684e-01,  2.094395102393195e+00,  3.190794965398260e-04, -2.775557561562891e-17,  2.775557561562891e-17
  2.250000000000000e+00, -2.713217446524624e-02, -1.912778952117112e-01,  3.628933060834923e-02, -3.989147449506639e-02,  7.176712299049525e-01, -3.797026589060333e-02,  4.462574602161636e-01, -5.897366361396733e-01,  4.126686416253706e-01,  2.094395102393195e+00,  3.190794965398241e-04,  9.020562075079394e-17, -5.551115123125783e-17
  2.260000000000000e+00, -2.713217446524093e-02, -1.912778952117119e-01,  3.628933060834977e-02, -3.989147449507229e-02,  7.176712299049528e-01, -3.797026589060495e-02,  4.462574602161624e-01, -5.897366361396730e-01,  4.126686416253735e-01,  2.094395102393196e+00,  3.190794965400463e-04,  9.714451465470117e-17, -5.551115123125781e-17
  2.270000000000000e+00, -2.713217446524652e-02, -1.912778952117122e-01,  3.628933060834898e-02, -3.989147449506673e-02,  7.176712299049534e-01, -3.797026589060293e-02,  4.462574602161605e-01, -5.897366361396723e-01,  4.126686416253750e-01,  2.094395102393195e+00,  3.190794965399369e-04,  1.040834085586084e-16,  0.000000000000000e+00
  2.280000000000000e+00, -2.713217446524071e-02, -1.912778952117110e-01,  3.628933060834955e-02, -3.989147449507184e-02,  7.176712299049527e-01, -3.797026589060520e-02,  4.462574602161581e-01, -5.897366361396713e-01,  4.126686416253764e-01,  2.094395102393196e+00,  3.190794965399340e-04,  0.000000000000000e+00,  5.551115123125781e-17
  2.290000000000000e+00, -2.713217446524087e-02, -1.912778952117118e-01,  3.628933060834989e-02, -3.989147449507128e-02,  7.176712299049527e-01, -3.797026589060532e-02,  4.462574602161565e-01, -5.897366361396712e-01,  4.126686416253785e-01,  2.094395102393195e+00,  3.190794965402711e-04, -1.179611963664229e-16,  2.775557561562891e-17
  2.300000000000000e+00, -2.713217446524674e-02, -1.912778952117120e-01,  3.628933060834921e-02, -3.989147449506639e-02,  7.176712299049532e-01, -3.797026589060290e-02,  4.462574602161546e-01, -5.897366361396704e-01,  4.126686416253810e-01,  2.094395102393196e+00,  3.190794965396044e-04, -4.857225732735059e-17,  2.775557561562891e-17
  2.310000000000000e+00, -2.713217446524180e-02, -1.912778952117108e-01,  3.628933060834957e-02, -3.989147449507195e-02,  7.176712299049524e-01, -3.797026589060429e-02,  4.462574602161533e-01, -5.897366361396698e-01,  4.126686416253837e-01,  2.094395102393196e+00,  3.190794965400452e-04, -2.359223927328458e-16,  5.551115123125784e-17
  2.320000000000000e+00, -2.713217446524687e-02, -1.912778952117121e-01,  3.628933060834916e-02, -3.989147449506582e-02,  7.176712299049530e-01, -3.797026589060290e-02,  4.462574602161508e-01, -5.897366361396692e-01,  4.126686416253845e-01,  2.094395102393195e+00,  3.190794965399355e-04, -4.857225732735060e-17,  0.000000000000000e+00
  2.330000000000000e+00, -2.713217446524783e-02, -1.912778952117120e-01,  3.628933060834882e-02, -3.989147449506639e-02,  7.176712299049532e-01, -3.797026589060185e-02,  4.462574602161498e-01, -5.897366361396682e-01,  4.126686416253882e-01,  2.094395102393196e+00,  3.190794965396040e-04,  0.000000000000000e+00,  0.000000000000000e+00
  2.340000000000000e+00, -2.713217446524277e-02, -1.912778952117107e-01,  3.628933060834960e-02, -3.989147449507070e-02,  7.176712299049526e-01, -3.797026589060409e-02,  4.462574602161473e-01, -5.897366361396676e-01,  4.126686416253894e-01,  2.094395102393195e+00,  3.190794965401591e-04, -7.632783294297952e-17,  0.000000000000000e+00
  2.350000000000000e+00, -2.713217446525334e-02, -1.912778952117113e-01,  3.628933060834832e-02, -3.989147449505992e-02,  7.176712299049529e-01, -3.797026589060069e-02,  4.462574602161451e-01, -5.897366361396672e-01,  4.126686416253903e-01,  2.094395102393196e+00,  3.190794965399373e-04, -4.163336342344336e-17,  5.551115123125783e-17
  2.360000000000000e+00, -2.713217446524257e-02, -1.912778952117107e-01,  3.628933060834982e-02, -3.989147449506945e-02,  7.176712299049521e-01, -3.797026589060502e-02,  4.462574602161434e-01, -5.897366361396666e-01,  4.126686416253919e-01,  2.094395102393196e+00,  3.190794965397142e-04, -9.714451465470120e-17,  5.551115123125781e-17
  2.370000000000000e+00, -2.713217446524418e-02, -1.912778952117115e-01,  3.628933060834943e-02, -3.989147449507081e-02,  7.176712299049524e-01, -3.797026589060309e-02,  4.462574602161430e-01, -5.897366361396660e-01,  4.126686416253971e-01,  2.094395102393195e+00,  3.190794965399357e-04,  2.081668171172168e-17,  0.000000000000000e+00
  2.380000000000000e+00, -2.713217446524926e-02, -1.912778952117118e-01,  3.628933060834885e-02, -3.989147449506458e-02,  7.176712299049530e-01, -3.797026589060175e-02,  4.462574602161403e-01, -5.897366361396653e-01,  4.126686416253971e-01,  2.094395102393196e+00,  3.190794965402695e-04, -6.938893903907228e-18,  5.551115123125783e-17
  2.390000000000000e+00, -2.713217446524343e-02, -1.912778952117107e-01,  3.628933060834938e-02, -3.989147449506979e-02,  7.176712299049525e-01, -3.797026589060409e-02,  4.462574602161388e-01, -5.897366361396648e-01,  4.126686416253987e-01,  2.094395102393195e+00,  3.190794965404906e-04, -2.775557561562891e-17,  5.551115123125784e-17
  2.400000000000000e+00, -2.713217446524809e-02, -1.912778952117110e-01,  3.628933060834892e-02, -3.989147449506412e-02,  7.176712299049529e-01, -3.797026589060293e-02,  4.462574602161363e-01, -5.897366361396643e-01,  4.126686416253993e-01,  2.094395102393196e+00,  3.190794965406007e-04, -1.040834085586084e-16,  1.110223024625156e-16
  2.410000000000000e+00, -2.713217446525501e-02, -1.912778952117110e-01,  3.628933060834849e-02, -3.989147449506004e-02,  7.176712299049528e-01, -3.797026589059953e-02,  4.462574602161353e-01, -5.897366361396639e-01,  4.126686416254037e-01,  2.094395102393195e+00,  3.190794965404899e-04, -1.595945597898663e-16,  1.110223024625157e-16
  2.420000000000000e+00, -2.713217446524838e-02, -1.912778952117118e-01,  3.628933060834937e-02, -3.989147449506390e-02,  7.176712299049532e-01, -3.797026589060276e-02,  4.462574602161324e-01, -5.897366361396632e-01,  4.126686416254030e-01,  2.094395102393195e+00,  3.190794965403815e-04, -4.163336342344337e-17,  1.665334536937735e-16
  2.430000000000000e+00, -2.713217446525039e-02, -1.912778952117116e-01,  3.628933060834897e-02, -3.989147449506480e-02,  7.176712299049530e-01, -3.797026589060103e-02,  4.462574602161321e-01, -5.897366361396620e-01,  4.126686416254080e-01,  2.094395102393196e+00,  3.190794965407139e-04, -9.020562075079398e-17,  1.387778780781446e-16
  2.440000000000000e+00, -2.713217446524389e-02, -1.912778952117106e-01,  3.628933060834950e-02, -3.989147449506888e-02,  7.176712299049521e-01, -3.797026589060398e-02,  4.462574602161302e-01, -5.897366361396624e-01,  4.126686416254079e-01,  2.094395102393195e+00,  3.190794965407138e-04,  9.714451465470120e-17,  8.326672684688674e-17
  2.450000000000000e+00, -2.713217446524479e-02, -1.912778952117114e-01,  3.628933060834923e-02, -3.989147449506889e-02,  7.176712299049529e-01, -3.797026589060344e-02,  4.462574602161280e-01, -5.897366361396614e-01,  4.126686416254107e-01,  2.094395102393195e+00,  3.190794965409353e-04,  4.163336342344337e-17,  1.665334536937735e-16
  2.460000000000000e+00, -2.713217446523937e-02, -1.912778952117112e-01,  3.628933060834982e-02, -3.989147449507410e-02,  7.176712299049526e-01, -3.797026589060505e-02,  4.462574602161266e-01, -5.897366361396600e-01,  4.126686416254128e-01,  2.094395102393196e+00,  3.190794965408244e-04, -5.551115123125783e-17,  1.665334536937735e-16
  2.470000000000000e+00, -2.713217446524542e-02, -1.912778952117123e-01,  3.628933060834919e-02, -3.989147449506878e-02,  7.176712299049530e-01, -3.797026589060328e-02,  4.462574602161245e-01, -5.897366361396604e-01,  4.126686416254146e-01,  2.094395102393195e+00,  3.190794965409344e-04, -1.110223024625157e-16,  2.498001805406602e-16
  2.480000000000000e+00, -2.713217446524162e-02, -1.912778952117117e-01,  3.628933060834979e-02, -3.989147449507082e-02,  7.176712299049529e-01, -3.797026589060492e-02,  4.462574602161224e-01, -5.897366361396599e-01,  4.126686416254151e-01,  2.094395102393195e+00,  3.190794965404915e-04, -1.249000902703301e-16,  2.498001805406602e-16
  2.490000000000000e+00, -2.713217446524508e-02, -1.912778952117113e-01,  3.628933060834964e-02, -3.989147449506820e-02,  7.176712299049524e-01, -3.797026589060383e-02,  4.462574602161208e-01, -5.897366361396592e-01,  4.126686416254172e-01,  2.094395102393195e+00,  3.190794965403812e-04, -1.110223024625157e-16,  3.330669073875470e-16
  2.500000000000000e+00, -2.713217446524774e-02, -1.912778952117119e-01,  3.628933060834923e-02, -3.989147449506492e-02,  7.176712299049535e-01, -3.797026589060299e-02,  4.462574602161195e-01, -5.897366361396589e-01,  4.126686416254181e-01,  2.094395102393196e+00,  3.190794965404921e-04, -1.942890293094024e-16,  3.053113317719180e-16
  2.510000000000000e+00, -2.713217446525057e-02, -1.912778952117116e-01,  3.628933060834868e-02, -3.989147449506299e-02,  7.176712299049528e-01, -3.797026589060160e-02,  4.462574602161178e-01, -5.897366361396581e-01,  4.126686416254208e-01,  2.094395102393195e+00,  3.190794965404898e-04, -1.665334536937735e-16,  3.053113317719180e-16
  2.520000000000000e+00, -2.713217446524353e-02, -1.912778952117115e-01,  3.628933060834937e-02, -3.989147449507036e-02,  7.176712299049522e-01, -3.797026589060375e-02,  4.462574602161167e-01, -5.897366361396578e-01,  4.126686416254234e-01,  2.094395102393196e+00,  3.190794965402673e-04,  2.775557561562892e-17,  3.330669073875470e-16
  2.530000000000000e+00, -2.713217446524093e-02, -1.912778952117110e-01,  3.628933060834957e-02, -3.989147449507321e-02,  7.176712299049522e-01, -3.797026589060475e-02,  4.462574602161145e-01, -5.897366361396569e-01,  4.126686416254253e-01,  2.094395102393195e+00,  3.190794965401591e-04, -1.387778780781446e-16,  3.330669073875470e-16
  2.540000000000000e+00, -2.713217446524248e-02, -1.912778952117108e-01,  3.628933060834968e-02, -3.989147449507013e-02,  7.176712299049522e-01, -3.797026589060485e-02,  4.462574602161128e-01, -5.897366361396562e-01,  4.126686416254258e-01,  2.094395102393195e+00,  3.190794965402702e-04, -4.163336342344337e-17,  3.885780586188048e-16
  2.550000000000000e+00, -2.713217446525133e-02, -1.912778952117105e-01,  3.628933060834882e-02, -3.989147449506298e-02,  7.176712299049524e-01, -3.797026589060122e-02,  4.462574602161116e-01, -5.897366361396560e-01,  4.126686416254290e-01,  2.094395102393196e+00,  3.190794965404920e-04,  2.775557561562891e-17,  3.330669073875469e-16
  2.560000000000000e+00, -2.713217446524847e-02, -1.912778952117109e-01,  3.628933060834897e-02, -3.989147449506548e-02,  7.176712299049521e-01, -3.797026589060210e-02,  4.462574602161102e-01, -5.897366361396551e-01,  4.126686416254304e-01,  2.094395102393195e+00,  3.190794965406033e-04,  1.110223024625157e-16,  3.053113317719180e-16
  2.570000000000000e+00, -2.713217446524565e-02, -1.912778952117112e-01,  3.628933060834943e-02, -3.989147449506832e-02,  7.176712299049522e-01, -3.797026589060330e-02,  4.462574602161083e-01, -5.897366361396549e-01,  4.126686416254319e-01,  2.094395102393195e+00,  3.190794965407126e-04, -4.163336342344337e-17,  3.885780586188048e-16
  2.580000000000000e+00, -2.713217446524838e-02, -1.912778952117110e-01,  3.628933060834882e-02, -3.989147449506593e-02,  7.176712299049521e-01, -3.797026589060185e-02,  4.462574602161066e-01, -5.897366361396542e-01,  4.126686416254347e-01,  2.094395102393196e+00,  3.190794965407119e-04, -1.249000902703301e-16,  3.330669073875471e-16
  2.590000000000000e+00, -2.713217446524596e-02, -1.912778952117113e-01,  3.628933060834910e-02, -3.989147449506866e-02,  7.176712299049522e-01, -3.797026589060244e-02,  4.462574602161050e-01, -5.897366361396535e-01,  4.126686416254369e-01,  2.094395102393195e+00,  3.190794965404905e-04,  1.387778780781445e-17,  3.330669073875470e-16
  2.600000000000000e+00, -2.713217446524200e-02, -1.912778952117108e-01,  3.628933060834966e-02, -3.989147449507047e-02,  7.176712299049526e-01, -3.797026589060492e-02,  4.462574602161029e-01, -5.897366361396533e-01,  4.126686416254359e-01,  2.094395102393195e+00,  3.190794965408241e-04, -1.387778780781445e-16,  2.775557561562891e-16
  2.610000000000000e+00, -2.713217446524528e-02, -1.912778952117113e-01,  3.628933060834923e-02, -3.989147449506786e-02,  7.176712299049527e-01, -3.797026589060327e-02,  4.462574602161016e-01, -5.897366361396529e-01,  4.126686416254386e-01,  2.094395102393195e+00,  3.190794965409336e-04,  5.551115123125781e-17,  2.775557561562891e-16
  2.620000000000000e+00, -2.713217446524294e-02, -1.912778952117116e-01,  3.628933060834955e-02, -3.989147449507059e-02,  7.176712299049526e-01, -3.797026589060409e-02,  4.462574602161001e-01, -5.897366361396524e-01,  4.126686416254402e-01,  2.094395102393195e+00,  3.190794965408237e-04,  1.387778780781446e-17,  2.498001805406602e-16
  2.630000000000000e+00, -2.713217446525044e-02, -1.912778952117116e-01,  3.628933060834884e-02, -3.989147449506208e-02,  7.176712299049534e-01, -3.797026589060196e-02,  4.462574602160985e-01, -5.897366361396520e-01,  4.126686416254405e-01,  2.094395102393195e+00,  3.190794965406020e-04, -1.942890293094023e-16,  2.775557561562891e-16
  2.640000000000000e+00, -2.713217446524309e-02, -1.912778952117107e-01,  3.628933060834926e-02, -3.989147449506957e-02,  7.176712299049525e-01, -3.797026589060407e-02,  4.462574602160973e-01, -5.897366361396517e-01,  4.126686416254430e-01,  2.094395102393196e+00,  3.190794965408261e-04, -9.714451465470120e-17,  3.053113317719180e-16
  2.650000000000000e+00, -2.713217446524612e-02, -1.912778952117112e-01,  3.628933060834921e-02, -3.989147449506730e-02,  7.176712299049529e-01, -3.797026589060299e-02,  4.462574602160955e-01, -5.897366361396502e-01,  4.126686416254450e-01,  2.094395102393195e+00,  3.190794965403822e-04,  6.938893903907228e-17,  3.053113317719180e-16
  2.660000000000000e+00, -2.713217446524234e-02, -1.912778952117117e-01,  3.628933060834948e-02, -3.989147449506946e-02,  7.176712299049532e-01, -3.797026589060490e-02,  4.462574602160942e-01, -5.897366361396509e-01,  4.126686416254450e-01,  2.094395102393196e+00,  3.190794965412705e-04, -9.714451465470121e-17,  2.775557561562891e-16
  2.670000000000000e+00, -2.713217446524069e-02, -1.912778952117109e-01,  3.628933060834989e-02, -3.989147449507262e-02,  7.176712299049525e-01, -3.797026589060488e-02,  4.462574602160929e-01, -5.897366361396496e-01,  4.126686416254484e-01,  2.094395102393195e+00,  3.190794965407124e-04, -9.714451465470120e-17,  3.885780586188048e-16
  2.680000000000000e+00, -2.713217446524761e-02, -1.912778952117120e-01,  3.628933060834915e-02, -3.989147449506424e-02,  7.176712299049532e-01, -3.797026589060290e-02,  4.462574602160909e-01, -5.897366361396493e-01,  4.126686416254483e-01,  2.094395102393196e+00,  3.190794965414886e-04, -1.665334536937735e-16,  4.718447854656914e-16
  2.690000000000000e+00, -2.713217446524342e-02, -1.912778952117115e-01,  3.628933060834989e-02, -3.989147449506945e-02,  7.176712299049526e-01, -3.797026589060418e-02,  4.462574602160896e-01, -5.897366361396486e-01,  4.126686416254511e-01,  2.094395102393195e+00,  3.190794965410487e-04, -6.938893903907227e-17,  4.996003610813202e-16
  2.700000000000000e+00, -2.713217446524758e-02, -1.912778952117120e-01,  3.628933060834888e-02, -3.989147449506378e-02,  7.176712299049531e-01, -3.797026589060352e-02,  4.462574602160879e-01, -5.897366361396492e-01,  4.126686416254502e-01,  2.094395102393196e+00,  3.190794965408261e-04, -9.714451465470120e-17,  5.551115123125783e-16
  2.710000000000000e+00, -2.713217446524859e-02, -1.912778952117118e-01,  3.628933060834895e-02, -3.989147449506378e-02,  7.176712299049534e-01, -3.797026589060242e-02,  4.462574602160868e-01, -5.897366361396480e-01,  4.126686416254532e-01,  2.094395102393195e+00,  3.190794965410468e-04, -2.775557561562891e-17,  4.718447854656916e-16
  2.720000000000000e+00, -2.713217446524926e-02, -1.912778952117117e-01,  3.628933060834897e-02, -3.989147449506412e-02,  7.176712299049530e-01, -3.797026589060231e-02,  4.462574602160859e-01, -5.897366361396477e-01,  4.126686416254549e-01,  2.094395102393195e+00,  3.190794965411579e-04, -1.110223024625157e-16,  5.828670879282072e-16
  2.730000000000000e+00, -2.713217446525003e-02, -1.912778952117117e-01,  3.628933060834900e-02, -3.989147449506457e-02,  7.176712299049530e-01, -3.797026589060122e-02,  4.462574602160850e-01, -5.897366361396468e-01,  4.126686416254581e-01,  2.094395102393196e+00,  3.190794965409348e-04,  0.000000000000000e+00,  5.828670879282072e-16
  2.740000000000000e+00, -2.713217446524384e-02, -1.912778952117115e-01,  3.628933060834942e-02, -3.989147449506900e-02,  7.176712299049529e-01, -3.797026589060384e-02,  4.462574602160833e-01, -5.897366361396467e-01,  4.126686416254581e-01,  2.094395102393195e+00,  3.190794965410474e-04,  1.387778780781446e-17,  5.551115123125783e-16
  2.750000000000000e+00, -2.713217446524920e-02, -1.912778952117118e-01,  3.628933060834874e-02, -3.989147449506458e-02,  7.176712299049530e-01, -3.797026589060180e-02,  4.462574602160824e-01, -5.897366361396458e-01,  4.126686416254602e-01,  2.094395102393195e+00,  3.190794965407124e-04,  5.551115123125783e-17,  6.106226635438360e-16
  2.760000000000000e+00, -2.713217446524873e-02, -1.912778952117117e-01,  3.628933060834928e-02, -3.989147449506389e-02,  7.176712299049527e-01, -3.797026589060295e-02,  4.462574602160801e-01, -5.897366361396460e-01,  4.126686416254598e-01,  2.094395102393195e+00,  3.190794965410462e-04,  4.163336342344336e-17,  6.106226635438358e-16
  2.770000000000000e+00, -2.713217446525049e-02, -1.912778952117116e-01,  3.628933060834901e-02, -3.989147449506446e-02,  7.176712299049530e-01, -3.797026589060122e-02,  4.462574602160799e-01, -5.897366361396448e-01,  4.126686416254637e-01,  2.094395102393196e+00,  3.190794965410482e-04,  2.775557561562891e-17,  7.216449660063518e-16
  2.780000000000000e+00, -2.713217446524995e-02, -1.912778952117116e-01,  3.628933060834901e-02, -3.989147449506435e-02,  7.176712299049527e-01, -3.797026589060129e-02,  4.462574602160780e-01, -5.897366361396446e-01,  4.126686416254650e-01,  2.094395102393195e+00,  3.190794965411567e-04, -2.775557561562891e-16,  6.938893903907226e-16
  2.790000000000000e+00, -2.713217446524380e-02, -1.912778952117115e-01,  3.628933060834959e-02, -3.989147449506957e-02,  7.176712299049528e-01, -3.797026589060409e-02,  4.462574602160764e-01, -5.897366361396446e-01,  4.126686416254650e-01,  2.094395102393195e+00,  3.190794965410462e-04,  0.000000000000000e+00,  6.938893903907228e-16
  2.800000000000000e+00, -2.713217446524190e-02, -1.912778952117117e-01,  3.628933060834971e-02, -3.989147449507229e-02,  7.176712299049530e-01, -3.797026589060453e-02,  4.462574602160759e-01, -5.897366361396442e-01,  4.126686416254672e-01,  2.094395102393196e+00,  3.190794965412695e-04, -1.110223024625156e-16,  7.494005416219807e-16
  2.810000000000000e+00, -2.713217446524398e-02, -1.912778952117114e-01,  3.628933060834978e-02, -3.989147449506957e-02,  7.176712299049524e-01, -3.797026589060395e-02,  4.462574602160744e-01, -5.897366361396440e-01,  4.126686416254682e-01,  2.094395102393196e+00,  3.190794965408238e-04, -1.387778780781446e-16,  6.661338147750941e-16
  2.820000000000000e+00, -2.713217446524188e-02, -1.912778952117108e-01,  3.628933060834999e-02, -3.989147449507219e-02,  7.176712299049522e-01, -3.797026589060451e-02,  4.462574602160735e-01, -5.897366361396429e-01,  4.126686416254705e-01,  2.094395102393195e+00,  3.190794965409357e-04,  0.000000000000000e+00,  7.216449660063516e-16
  2.830000000000000e+00, -2.713217446523946e-02, -1.912778952117112e-01,  3.628933060834971e-02, -3.989147449507502e-02,  7.176712299049524e-01, -3.797026589060506e-02,  4.462574602160725e-01, -5.897366361396428e-01,  4.126686416254716e-01,  2.094395102393195e+00,  3.190794965403811e-04,  1.387778780781445e-17,  6.661338147750938e-16
  2.840000000000000e+00, -2.713217446524170e-02, -1.912778952117117e-01,  3.628933060834971e-02, -3.989147449507195e-02,  7.176712299049528e-01, -3.797026589060476e-02,  4.462574602160708e-01, -5.897366361396421e-01,  4.126686416254720e-01,  2.094395102393196e+00,  3.190794965404926e-04, -2.775557561562891e-16,  7.216449660063518e-16
  2.850000000000001e+00, -2.713217446524520e-02, -1.912778952117114e-01,  3.628933060834921e-02, -3.989147449507002e-02,  7.176712299049526e-01, -3.797026589060282e-02,  4.462574602160705e-01, -5.897366361396419e-01,  4.126686416254746e-01,  2.094395102393195e+00,  3.190794965406031e-04,  9.714451465470117e-17,  7.216449660063515e-16
  2.860000000000000e+00, -2.713217446523694e-02, -1.912778952117114e-01,  3.628933060835002e-02, -3.989147449507775e-02,  7.176712299049527e-01, -3.797026589060543e-02,  4.462574602160693e-01, -5.897366361396416e-01,  4.126686416254757e-01,  2.094395102393195e+00,  3.190794965407134e-04, -2.220446049250313e-16,  7.771561172376094e-16
  2.870000000000000e+00, -2.713217446525022e-02, -1.912778952117117e-01,  3.628933060834864e-02, -3.989147449506469e-02,  7.176712299049532e-01, -3.797026589060096e-02,  4.462574602160684e-01, -5.897366361396414e-01,  4.126686416254762e-01,  2.094395102393196e+00,  3.190794965403798e-04, -1.387778780781446e-17,  7.216449660063518e-16
  2.880000000000000e+00, -2.713217446523838e-02, -1.912778952117113e-01,  3.628933060835008e-02, -3.989147449507399e-02,  7.176712299049526e-01, -3.797026589060612e-02,  4.462574602160666e-01, -5.897366361396412e-01,  4.126686416254754e-01,  2.094395102393196e+00,  3.190794965403809e-04, -9.714451465470120e-17,  6.938893903907228e-16
  2.890000000000000e+00, -2.713217446524959e-02, -1.912778952117117e-01,  3.628933060834894e-02, -3.989147449506344e-02,  7.176712299049534e-01, -3.797026589060201e-02,  4.462574602160654e-01, -5.897366361396408e-01,  4.126686416254767e-01,  2.094395102393196e+00,  3.190794965402691e-04, -5.551115123125783e-17,  7.771561172376096e-16
  2.900000000000000e+00, -2.713217446524156e-02, -1.912778952117109e-01,  3.628933060834954e-02, -3.989147449507127e-02,  7.176712299049522e-01, -3.797026589060482e-02,  4.462574602160648e-01, -5.897366361396406e-01,  4.126686416254783e-01,  2.094395102393195e+00,  3.190794965408265e-04,  4.163336342344337e-17,  6.938893903907226e-16
  2.910000000000000e+00, -2.713217446524442e-02, -1.912778952117123e-01,  3.628933060834957e-02, -3.989147449506878e-02,  7.176712299049530e-01, -3.797026589060392e-02,  4.462574602160637e-01, -5.897366361396404e-01,  4.126686416254792e-01,  2.094395102393196e+00,  3.190794965402672e-04,  2.775557561562891e-17,  8.326672684688674e-16
  2.920000000000000e+00, -2.713217446524680e-02, -1.912778952117112e-01,  3.628933060834887e-02, -3.989147449506639e-02,  7.176712299049525e-01, -3.797026589060256e-02,  4.462574602160622e-01, -5.897366361396402e-01,  4.126686416254801e-01,  2.094395102393195e+00,  3.190794965402692e-04,  0.000000000000000e+00,  7.216449660063518e-16
  2.930000000000000e+00, -2.713217446523864e-02, -1.912778952117103e-01,  3.628933060834995e-02, -3.989147449507421e-02,  7.176712299049522e-01, -3.797026589060604e-02,  4.462574602160623e-01, -5.897366361396400e-01,  4.126686416254813e-01,  2.094395102393196e+00,  3.190794965403803e-04, -1.942890293094024e-16,  8.604228440844963e-16
  2.940000000000000e+00, -2.713217446524641e-02, -1.912778952117121e-01,  3.628933060834935e-02, -3.989147449506594e-02,  7.176712299049531e-01, -3.797026589060341e-02,  4.462574602160606e-01, -5.897366361396394e-01,  4.126686416254812e-01,  2.094395102393195e+00,  3.190794965410452e-04, -2.081668171172168e-16,  8.326672684688672e-16
  2.950000000000000e+00, -2.713217446524469e-02, -1.912778952117113e-01,  3.628933060834959e-02, -3.989147449506911e-02,  7.176712299049529e-01, -3.797026589060376e-02,  4.462574602160602e-01, -5.897366361396386e-01,  4.126686416254837e-01,  2.094395102393195e+00,  3.190794965407137e-04,  6.938893903907228e-17,  8.881784197001252e-16
  2.960000000000000e+00, -2.713217446524188e-02, -1.912778952117109e-01,  3.628933060834950e-02, -3.989147449507115e-02,  7.176712299049521e-01, -3.797026589060475e-02,  4.462574602160591e-01, -5.897366361396388e-01,  4.126686416254841e-01,  2.094395102393196e+00,  3.190794965406014e-04,  2.775557561562891e-17,  9.159339953157539e-16
  2.970000000000000e+00, -2.713217446523974e-02, -1.912778952117111e-01,  3.628933060834982e-02, -3.989147449507377e-02,  7.176712299049520e-01, -3.797026589060561e-02,  4.462574602160585e-01, -5.897366361396383e-01,  4.126686416254854e-01,  2.094395102393195e+00,  3.190794965402715e-04, -8.326672684688677e-17,  8.049116928532386e-16
  2.980000000000000e+00, -2.713217446524629e-02, -1.912778952117121e-01,  3.628933060834916e-02, -3.989147449506503e-02,  7.176712299049528e-01, -3.797026589060351e-02,  4.462574602160567e-01, -5.897366361396382e-01,  4.126686416254844e-01,  2.094395102393195e+00,  3.190794965406043e-04, -1.665334536937735e-16,  8.326672684688674e-16
  2.990000000000000e+00, -2.713217446524491e-02, -1.912778952117113e-01,  3.628933060834930e-02, -3.989147449506934e-02,  7.176712299049528e-01, -3.797026589060319e-02,  4.462574602160567e-01, -5.897366361396373e-01,  4.126686416254883e-01,  2.094395102393195e+00,  3.190794965407122e-04,  1.387778780781446e-17,  8.881784197001254e-16
  3.000000000000000e+00, -2.713217446524231e-02, -1.912778952117108e-01,  3.628933060834959e-02, -3.989147449507184e-02,  7.176712299049525e-01, -3.797026589060401e-02,  4.462574602160553e-01, -5.897366361396370e-01,  4.126686416254889e-01,  2.094395102393195e+00,  3.190794965409344e-04,  1.387778780781446e-17,  8.604228440844961e-16
  3.010000000000001e+00, -2.713217446523874e-02, -1.912778952117112e-01,  3.628933060835013e-02, -3.989147449507410e-02,  7.176712299049525e-01, -3.797026589060558e-02,  4.462574602160549e-01, -5.897366361396368e-01,  4.126686416254896e-01,  2.094395102393195e+00,  3.190794965408263e-04, -1.110223024625156e-16,  8.326672684688672e-16
  3.020000000000000e+00, -2.713217446524725e-02, -1.912778952117121e-01,  3.628933060834882e-02, -3.989147449506650e-02,  7.176712299049532e-01, -3.797026589060221e-02,  4.462574602160539e-01, -5.897366361396364e-01,  4.126686416254908e-01,  2.094395102393194e+00,  3.190794965409366e-04, -4.163336342344336e-17,  8.326672684688672e-16
  3.030000000000000e+00, -2.713217446524501e-02, -1.912778952117105e-01,  3.628933060834938e-02, -3.989147449506968e-02,  7.176712299049524e-01, -3.797026589060287e-02,  4.462574602160536e-01, -5.897366361396367e-01,  4.126686416254919e-01,  2.094395102393195e+00,  3.190794965406005e-04, -5.551115123125783e-17,  8.881784197001252e-16
  3.040000000000000e+00, -2.713217446523570e-02, -1.912778952117116e-01,  3.628933060835043e-02, -3.989147449507672e-02,  7.176712299049531e-01, -3.797026589060734e-02,  4.462574602160518e-01, -5.897366361396364e-01,  4.126686416254909e-01,  2.094395102393196e+00,  3.190794965407141e-04, -9.714451465470121e-17,  8.881784197001252e-16
  3.050000000000001e+00, -2.713217446524433e-02, -1.912778952117115e-01,  3.628933060834937e-02, -3.989147449506890e-02,  7.176712299049528e-01, -3.797026589060368e-02,  4.462574602160513e-01, -5.897366361396359e-01,  4.126686416254928e-01,  2.094395102393196e+00,  3.190794965409335e-04, -1.526556658859590e-16,  9.436895709313829e-16
  3.060000000000000e+00, -2.713217446524730e-02, -1.912778952117120e-01,  3.628933060834910e-02, -3.989147449506605e-02,  7.176712299049534e-01, -3.797026589060264e-02,  4.462574602160505e-01, -5.897366361396358e-01,  4.126686416254932e-01,  2.094395102393195e+00,  3.190794965410451e-04,  6.938893903907228e-17,  9.714451465470120e-16
  3.070000000000000e+00, -2.713217446524688e-02, -1.912778952117120e-01,  3.628933060834930e-02, -3.989147449506582e-02,  7.176712299049525e-01, -3.797026589060328e-02,  4.462574602160495e-01, -5.897366361396358e-01,  4.126686416254937e-01,  2.094395102393196e+00,  3.190794965410469e-04,  1.387778780781445e-17,  9.992007221626405e-16
  3.080000000000000e+00, -2.713217446524085e-02, -1.912778952117119e-01,  3.628933060834975e-02, -3.989147449507070e-02,  7.176712299049526e-01, -3.797026589060560e-02,  4.462574602160488e-01, -5.897366361396358e-01,  4.126686416254940e-01,  2.094395102393195e+00,  3.190794965412689e-04, -2.359223927328458e-16,  9.714451465470120e-16
  3.090000000000000e+00, -2.713217446524195e-02, -1.912778952117117e-01,  3.628933060834978e-02, -3.989147449507149e-02,  7.176712299049526e-01, -3.797026589060438e-02,  4.462574602160484e-01, -5.897366361396355e-01,  4.126686416254958e-01,  2.094395102393196e+00,  3.190794965408239e-04, -2.081668171172168e-16,  9.159339953157539e-16
  3.100000000000001e+00, -2.713217446524163e-02, -1.912778952117118e-01,  3.628933060834962e-02, -3.989147449507149e-02,  7.176712299049530e-01, -3.797026589060464e-02,  4.462574602160477e-01, -5.897366361396346e-01,  4.126686416254963e-01,  2.094395102393196e+00,  3.190794965409338e-04,  5.551115123125783e-17,  8.604228440844961e-16
  3.110000000000000e+00, -2.713217446524776e-02, -1.912778952117119e-01,  3.628933060834903e-02, -3.989147449506684e-02,  7.176712299049528e-01, -3.797026589060225e-02,  4.462574602160469e-01, -5.897366361396341e-01,  4.126686416254980e-01,  2.094395102393195e+00,  3.190794965410451e-04,  0.000000000000000e+00,  8.881784197001252e-16
  3.120000000000000e+00, -2.713217446524142e-02, -1.912778952117110e-01,  3.628933060834934e-02, -3.989147449507116e-02,  7.176712299049527e-01, -3.797026589060473e-02,  4.462574602160460e-01, -5.897366361396342e-01,  4.126686416254977e-01,  2.094395102393196e+00,  3.190794965410483e-04, -2.775557561562891e-17,  7.771561172376093e-16
  3.130000000000000e+00, -2.713217446524128e-02, -1.912778952117118e-01,  3.628933060834971e-02, -3.989147449507082e-02,  7.176712299049528e-01, -3.797026589060537e-02,  4.462574602160450e-01, -5.897366361396342e-01,  4.126686416254977e-01,  2.094395102393195e+00,  3.190794965409360e-04,  4.163336342344337e-17,  8.326672684688674e-16
  3.140000000000001e+00, -2.713217446524435e-02, -1.912778952117115e-01,  3.628933060834928e-02, -3.989147449506855e-02,  7.176712299049528e-01, -3.797026589060397e-02,  4.462574602160447e-01, -5.897366361396340e-01,  4.126686416254993e-01,  2.094395102393196e+00,  3.190794965407124e-04, -1.804112415015880e-16,  8.049116928532386e-16
  3.150000000000000e+00, -2.713217446524184e-02, -1.912778952117117e-01,  3.628933060834977e-02, -3.989147449507172e-02,  7.176712299049531e-01, -3.797026589060441e-02,  4.462574602160441e-01, -5.897366361396335e-01,  4.126686416255007e-01,  2.094395102393195e+00,  3.190794965407128e-04, -1.110223024625156e-16,  8.604228440844961e-16
  3.160000000000000e+00, -2.713217446524957e-02, -1.912778952117117e-01,  3.628933060834902e-02, -3.989147449506310e-02,  7.176712299049531e-01, -3.797026589060228e-02,  4.462574602160431e-01, -5.897366361396337e-01,  4.126686416255004e-01,  2.094395102393195e+00,  3.190794965408229e-04, -1.249000902703301e-16,  8.881784197001250e-16
  3.170000000000000e+00, -2.713217446589595e-02, -1.912778952117240e-01,  3.628933060828667e-02, -3.989147449554024e-02,  7.176712299049881e-01, -3.797026588995781e-02,  4.462574602163986e-01, -5.897366361394014e-01,  4.126686416265959e-01,  2.094395102393195e+00,  3.190794965408245e-04, -1.526556658859590e-16,  8.881784197001250e-16
  3.180000000000001e+00, -2.713217446582740e-02, -1.912778952117225e-01,  3.628933060829312e-02, -3.989147449549020e-02,  7.176712299049850e-01, -3.797026589002572e-02,  4.462574602163601e-01, -5.897366361394248e-01,  4.126686416264809e-01,  2.094395102393196e+00,  3.190794965404917e-04,  4.163336342344337e-17,  9.159339953157543e-16
  3.190000000000000e+00, -2.713217446575844e-02, -1.912778952117200e-01,  3.628933060830022e-02, -3.989147449544051e-02,  7.176712299049798e-01, -3.797026589009438e-02,  4.462574602163218e-01, -5.897366361394500e-01,  4.126686416263662e-01,  2.094395102393195e+00,  3.190794965407139e-04,  0.000000000000000e+00,  9.436895709313831e-16
  3.200000000000000e+00, -2.713217446569318e-02, -1.912778952117190e-01,  3.628933060830614e-02, -3.989147449539363e-02,  7.176712299049762e-01, -3.797026589015891e-02,  4.462574602162856e-01, -5.897366361394729e-01,  4.126686416262577e-01,  2.094395102393195e+00,  3.190794965406020e-04, -2.775557561562891e-17,  8.881784197001252e-16
  3.210000000000000e+00, -2.713217446563351e-02, -1.912778952117181e-01,  3.628933060831201e-02, -3.989147449534996e-02,  7.176712299049735e-01, -3.797026589021815e-02,  4.462574602162521e-01, -5.897366361394938e-01,  4.126686416261580e-01,  2.094395102393195e+00,  3.190794965402702e-04, -5.551115123125783e-17,  8.326672684688676e-16
  3.220000000000000e+00, -2.713217446557246e-02, -1.912778952117174e-01,  3.628933060831813e-02, -3.989147449531465e-02,  7.176712299049700e-01, -3.797026589027539e-02,  4.462574602162208e-01, -5.897366361395133e-01,  4.126686416260654e-01,  2.094395102393195e+00,  3.190794965403783e-04, -2.775557561562892e-17,  8.326672684688672e-16
  3.230000000000000e+00, -2.713217446553277e-02, -1.912778952117168e-01,  3.628933060832178e-02, -3.989147449526780e-02,  7.176712299049678e-01, -3.797026589032126e-02,  4.462574602161927e-01, -5.897366361395312e-01,  4.126686416259814e-01,  2.094395102393195e+00,  3.190794965403805e-04, -8.326672684688675e-17,  8.326672684688674e-16
  3.240000000000000e+00, -2.713217446548747e-02, -1.912778952117160e-01,  3.628933060832616e-02, -3.989147449523524e-02,  7.176712299049659e-01, -3.797026589036640e-02,  4.462574602161674e-01, -5.897366361395469e-01,  4.126686416259058e-01,  2.094395102393195e+00,  3.190794965404922e-04,  0.000000000000000e+00,  8.604228440844961e-16
  3.250000000000000e+00, -2.713217446544702e-02, -1.912778952117156e-01,  3.628933060832996e-02, -3.989147449520607e-02,  7.176712299049638e-01, -3.797026589040645e-02,  4.462574602161448e-01, -5.897366361395611e-01,  4.126686416258388e-01,  2.094395102393195e+00,  3.190794965403816e-04,  5.551115123125781e-17,  8.049116928532385e-16
  3.260000000000000e+00, -2.713217446540755e-02, -1.912778952117141e-01,  3.628933060833379e-02, -3.989147449518656e-02,  7.176712299049609e-01, -3.797026589044245e-02,  4.462574602161252e-01, -5.897366361395733e-01,  4.126686416257819e-01,  2.094395102393195e+00,  3.190794965398252e-04,  0.000000000000000e+00,  8.049116928532383e-16
  3.270000000000000e+00, -2.713217446537617e-02, -1.912778952117134e-01,  3.628933060833675e-02, -3.989147449516421e-02,  7.176712299049590e-01, -3.797026589047330e-02,  4.462574602161076e-01, -5.897366361395844e-01,  4.126686416257309e-01,  2.094395102393195e+00,  3.190794965398266e-04, -1.665334536937735e-16,  8.049116928532385e-16
  3.280000000000000e+00, -2.713217446535587e-02, -1.912778952117132e-01,  3.628933060833858e-02, -3.989147449514059e-02,  7.176712299049584e-01, -3.797026589049649e-02,  4.462574602160933e-01, -5.897366361395932e-01,  4.126686416256888e-01,  2.094395102393195e+00,  3.190794965398247e-04, -2.498001805406602e-16,  6.938893903907228e-16
  3.290000000000000e+00, -2.713217446532822e-02, -1.912778952117129e-01,  3.628933060834118e-02, -3.989147449512959e-02,  7.176712299049571e-01, -3.797026589052064e-02,  4.462574602160807e-01, -5.897366361396010e-01,  4.126686416256518e-01,  2.094395102393196e+00,  3.190794965396045e-04,  1.110223024625156e-16,  7.494005416219805e-16
  3.300000000000000e+00, -2.713217446530446e-02, -1.912778952117132e-01,  3.628933060834353e-02, -3.989147449512097e-02,  7.176712299049561e-01, -3.797026589054097e-02,  4.462574602160697e-01, -5.897366361396076e-01,  4.126686416256210e-01,  2.094395102393195e+00,  3.190794965401582e-04, -1.110223024625157e-16,  8.049116928532385e-16
  3.310000000000000e+00, -2.713217446529525e-02, -1.912778952117125e-01,  3.628933060834461e-02, -3.989147449510520e-02,  7.176712299049550e-01, -3.797026589055325e-02,  4.462574602160608e-01, -5.897366361396126e-01,  4.126686416255970e-01,  2.094395102393196e+00,  3.190794965399351e-04, -1.665334536937735e-16,  7.494005416219805e-16
  3.320000000000000e+00, -2.713217446528331e-02, -1.912778952117122e-01,  3.628933060834556e-02, -3.989147449509624e-02,  7.176712299049546e-01, -3.797026589056547e-02,  4.462574602160537e-01, -5.897366361396161e-01,  4.126686416255773e-01,  2.094395102393195e+00,  3.190794965398259e-04, -2.775557561562891e-16,  7.494005416219805e-16
  3.330000000000000e+00, -2.713217446527454e-02, -1.912778952117123e-01,  3.628933060834637e-02, -3.989147449508999e-02,  7.176712299049541e-01, -3.797026589057415e-02,  4.462574602160482e-01, -5.897366361396192e-01,  4.126686416255631e-01,  2.094395102393196e+00,  3.190794965398243e-04,  5.551115123125783e-17,  7.494005416219805e-16
  3.340000000000000e+00, -2.713217446526182e-02, -1.912778952117111e-01,  3.628933060834785e-02, -3.989147449508931e-02,  7.176712299049530e-01, -3.797026589058367e-02,  4.462574602160434e-01, -5.897366361396217e-01,  4.126686416255513e-01,  2.094395102393196e+00,  3.190794965394930e-04, -1.665334536937735e-16,  7.494005416219807e-16
  3.350000000000001e+00, -2.713217446526080e-02, -1.912778952117113e-01,  3.628933060834752e-02, -3.989147449507989e-02,  7.176712299049531e-01, -3.797026589058758e-02,  4.462574602160394e-01, -5.897366361396241e-01,  4.126686416255418e-01,  2.094395102393195e+00,  3.190794965394941e-04,  5.551115123125783e-17,  7.494005416219807e-16
  3.360000000000000e+00, -2.713217446526199e-02, -1.912778952117120e-01,  3.628933060834760e-02, -3.989147449507138e-02,  7.176712299049532e-01, -3.797026589059038e-02,  4.462574602160365e-01, -5.897366361396253e-01,  4.126686416255347e-01,  2.094395102393195e+00,  3.190794965397127e-04,  8.326672684688674e-17,  7.494005416219807e-16
  3.370000000000000e+00, -2.713217446525121e-02, -1.912778952117115e-01,  3.628933060834844e-02, -3.989147449507251e-02,  7.176712299049534e-01, -3.797026589059732e-02,  4.462574602160326e-01, -5.897366361396269e-01,  4.126686416255262e-01,  2.094395102393195e+00,  3.190794965396008e-04,  8.326672684688674e-17,  8.326672684688674e-16
  3.380000000000001e+00, -2.713217446525656e-02, -1.912778952117118e-01,  3.628933060834830e-02, -3.989147449506662e-02,  7.176712299049531e-01, -3.797026589059583e-02,  4.462574602160323e-01, -5.897366361396266e-01,  4.126686416255261e-01,  2.094395102393195e+00,  3.190794965396046e-04, -1.665334536937734e-16,  8.049116928532383e-16
  3.390000000000001e+00, -2.713217446525443e-02, -1.912778952117120e-01,  3.628933060834841e-02, -3.989147449506526e-02,  7.176712299049531e-01, -3.797026589059757e-02,  4.462574602160302e-01, -5.897366361396270e-01,  4.126686416255237e-01,  2.094395102393195e+00,  3.190794965399343e-04,  2.775557561562891e-17,  8.326672684688672e-16
  3.400000000000000e+00, -2.713217446524803e-02, -1.912778952117119e-01,  3.628933060834894e-02, -3.989147449506968e-02,  7.176712299049530e-01, -3.797026589060103e-02,  4.462574602160297e-01, -5.897366361396277e-01,  4.126686416255221e-01,  2.094395102393195e+00,  3.190794965400489e-04, -1.110223024625157e-16,  8.049116928532385e-16
  3.410000000000000e+00, -2.713217446524603e-02, -1.912778952117113e-01,  3.628933060834912e-02, -3.989147449506888e-02,  7.176712299049526e-01, -3.797026589060243e-02,  4.462574602160280e-01, -5.897366361396280e-01,  4.126686416255197e-01,  2.094395102393195e+00,  3.190794965397117e-04, -2.498001805406602e-16,  8.049116928532385e-16
  3.420000000000000e+00, -2.713217446525254e-02, -1.912778952117122e-01,  3.628933060834866e-02, -3.989147449506390e-02,  7.176712299049529e-01, -3.797026589059978e-02,  4.462574602160277e-01, -5.897366361396273e-01,  4.126686416255217e-01,  2.094395102393196e+00,  3.190794965397133e-04, -1.942890293094024e-16,  8.326672684688674e-16
  3.430000000000001e+00, -2.713217446523997e-02, -1.912778952117111e-01,  3.628933060834972e-02, -3.989147449507309e-02,  7.176712299049520e-01, -3.797026589060503e-02,  4.462574602160270e-01, -5.897366361396281e-01,  4.126686416255201e-01,  2.094395102393195e+00,  3.190794965400474e-04, -1.942890293094024e-16,  8.049116928532385e-16
  3.440000000000000e+00, -2.713217446524507e-02, -1.912778952117114e-01,  3.628933060834902e-02, -3.989147449506765e-02,  7.176712299049527e-01, -3.797026589060348e-02,  4.462574602160255e-01, -5.897366361396276e-01,  4.126686416255194e-01,  2.094395102393195e+00,  3.190794965394908e-04, -1.665334536937735e-16,  8.604228440844963e-16
  3.450000000000000e+00, -2.713217446524511e-02, -1.912778952117113e-01,  3.628933060834935e-02, -3.989147449506798e-02,  7.176712299049528e-01, -3.797026589060358e-02,  4.462574602160250e-01, -5.897366361396279e-01,  4.126686416255204e-01,  2.094395102393196e+00,  3.190794965399353e-04,  5.551115123125783e-17,  8.326672684688674e-16
  3.460000000000000e+00, -2.713217446524641e-02, -1.912778952117111e-01,  3.628933060834930e-02, -3.989147449506888e-02,  7.176712299049521e-01, -3.797026589060225e-02,  4.462574602160254e-01, -5.897366361396268e-01,  4.126686416255233e-01,  2.094395102393196e+00,  3.190794965400463e-04, -1.387778780781446e-16,  7.771561172376094e-16
  3.470000000000001e+00, -2.713217446544560e-02, -1.912778952117123e-01,  3.628933060832915e-02, -3.989147449521718e-02,  7.176712299049618e-01, -3.797026589040303e-02,  4.462574602161353e-01, -5.897366361395543e-01,  4.126686416258617e-01,  2.094395102393196e+00,  3.190794965396029e-04, -1.387778780781446e-16,  8.049116928532385e-16
  3.480000000000000e+00, -2.713217446544930e-02, -1.912778952117119e-01,  3.628933060832861e-02, -3.989147449521559e-02,  7.176712299049608e-01, -3.797026589040082e-02,  4.462574602161362e-01, -5.897366361395542e-01,  4.126686416258650e-01,  2.094395102393195e+00,  3.190794965398236e-04, -1.942890293094024e-16,  9.159339953157541e-16
  3.490000000000000e+00, -2.713217446544506e-02, -1.912778952117123e-01,  3.628933060832924e-02, -3.989147449521719e-02,  7.176712299049613e-01, -3.797026589040321e-02,  4.462574602161344e-01, -5.897366361395544e-01,  4.126686416258628e-01,  2.094395102393195e+00,  3.190794965400452e-04,  5.551115123125783e-17,  8.326672684688674e-16
  3.500000000000000e+00, -2.713217446544961e-02, -1.912778952117118e-01,  3.628933060832880e-02, -3.989147449521559e-02,  7.176712299049606e-01, -3.797026589040085e-02,  4.462574602161345e-01, -5.897366361395540e-01,  4.126686416258659e-01,  2.094395102393195e+00,  3.190794965399340e-04, -1.665334536937735e-16,  8.604228440844963e-16
