Main.Studies.MarkerTracking.t,Main.Studies.MarkerTracking.JointAngleOutputs.OutputFile_LeftLeg.HipFlexion,Main.Studies.MarkerTracking.JointAngleOutputs.OutputFile_LeftLeg.HipAbduction,Main.Studies.MarkerTracking.JointAngleOutputs.OutputFile_LeftLeg.HipExternalRotation,Main.Studies.MarkerTracking.JointAngleOutputs.OutputFile_LeftLeg.KneeFlexion,Main.Studies.MarkerTracking.JointAngleOutputs.OutputFile_LeftLeg.AnklePlantarFlexion,Main.Studies.MarkerTracking.JointAngleOutputs.OutputFile_LeftLeg.SubTalarEversion
  5.000000000000000e-01, -1.269242721814880e-02,  2.036677133501552e-02,  2.137005338170816e-01,  1.182278059310680e-01, -7.139874378707780e-04,  8.371151763456428e-02
  5.100000000000000e-01, -1.207972481107645e-02,  2.040929869370101e-02,  2.138178859970728e-01,  1.180988942825100e-01, -4.787308201205324e-04,  8.402675920795183e-02
  5.200000000000000e-01, -1.145123025420359e-02,  2.045236955355345e-02,  2.139361083423029e-01,  1.179671738664968e-01, -2.362267587011624e-04,  8.434976956159453e-02
  5.300000000000000e-01, -1.080403288319224e-02,  2.049605408364008e-02,  2.140554043095929e-01,  1.178314916954094e-01,  1.575587651221474e-05,  8.468243291625958e-02
  5.400000000000000e-01, -1.013711860206130e-02,  2.054035581885172e-02,  2.141757144355518e-01,  1.176916552675650e-01,  2.778331739327008e-04,  8.502518289901440e-02
  5.500000000000000e-01, -9.451491964200771e-03,  2.058522092564763e-02,  2.142968759890502e-01,  1.175478014426035e-01,  5.497736578798848e-04,  8.537757145648571e-02
  5.600000000000001e-01, -8.747434054980654e-03,  2.063061884082540e-02,  2.144187634614178e-01,  1.173999453550097e-01,  8.316496475435166e-04,  8.573947344015011e-02
  5.700000000000001e-01, -8.025272236410936e-03,  2.067652002401621e-02,  2.145412499855814e-01,  1.172481126091722e-01,  1.123508983652597e-03,  8.611073508929536e-02
  5.800000000000000e-01, -7.285382183220196e-03,  2.072289624280699e-02,  2.146642077298026e-01,  1.170923398360508e-01,  1.425374412118408e-03,  8.649117188494136e-02
  5.900000000000000e-01, -6.528188503642068e-03,  2.076972031923785e-02,  2.147875069771714e-01,  1.169326754366310e-01,  1.737242942777216e-03,  8.688056930590990e-02
  6.000000000000000e-01, -5.754165292863174e-03,  2.081696606587591e-02,  2.149110160576166e-01,  1.167691806294869e-01,  2.059085610414135e-03,  8.727868147625063e-02
  6.100000000000000e-01, -4.963836709630122e-03,  2.086460830860837e-02,  2.150346022700230e-01,  1.166019304063846e-01,  2.390846574948342e-03,  8.768522900645026e-02
  6.200000000000000e-01, -4.157777947148709e-03,  2.091262229327295e-02,  2.151581316977966e-01,  1.164310135604071e-01,  2.732440841870853e-03,  8.809990187287577e-02
  6.300000000000000e-01, -3.336616263637742e-03,  2.096098272484936e-02,  2.152814677170861e-01,  1.162565319840649e-01,  3.083751625449223e-03,  8.852236697609142e-02
  6.400000000000000e-01, -2.501031753356223e-03,  2.100966331687815e-02,  2.154044705226995e-01,  1.160786001624537e-01,  3.444628936281577e-03,  8.895227307913019e-02
  6.500000000000000e-01, -1.651758002859470e-03,  2.105863685344600e-02,  2.155269983743884e-01,  1.158973450840283e-01,  3.814889078177222e-03,  8.938925026924599e-02
  6.600000000000000e-01, -7.895828361841802e-04,  2.110787532022806e-02,  2.156489085749575e-01,  1.157129062229658e-01,  4.194313369190900e-03,  8.983290820156506e-02
  6.700000000000000e-01,  8.465093407524156e-05,  2.115735026354293e-02,  2.157700568641119e-01,  1.155254358577264e-01,  4.582646245106164e-03,  9.028283512344086e-02
  6.799999999999999e-01,  9.700453936590042e-04,  2.120703339126639e-02,  2.158902954558828e-01,  1.153351002135979e-01,  4.979594088012034e-03,  9.073859775036400e-02
  6.899999999999999e-01,  1.865648529763234e-03,  2.125689685036303e-02,  2.160094701132217e-01,  1.151420812570706e-01,  5.384824307169783e-03,  9.119974508980445e-02
  7.000000000000000e-01,  2.770455521435576e-03,  2.130691304611032e-02,  2.161274166468855e-01,  1.149465784811098e-01,  5.797963468369817e-03,  9.166581759309080e-02
  7.100000000000000e-01,  3.683409140527175e-03,  2.135705455741754e-02,  2.162439584887498e-01,  1.147488099533286e-01,  6.218594882939230e-03,  9.213635711138143e-02
  7.200000000000000e-01,  4.603400070110586e-03,  2.140729467686708e-02,  2.163589080386778e-01,  1.145490125809592e-01,  6.646257409376901e-03,  9.261091072022055e-02
  7.300000000000000e-01,  5.529269046557469e-03,  2.145760861534263e-02,  2.164720715316749e-01,  1.143474422147536e-01,  7.080446389616267e-03,  9.308902683864489e-02
  7.400000000000000e-01,  6.459810722998500e-03,  2.150797502454171e-02,  2.165832542225068e-01,  1.141443734360324e-01,  7.520615859267344e-03,  9.357024881400181e-02
  7.500000000000000e-01,  7.393778638572227e-03,  2.155837761218860e-02,  2.166922643878555e-01,  1.139400987018710e-01,  7.966181151838100e-03,  9.405410964903518e-02
  7.600000000000000e-01,  8.329892493378363e-03,  2.160880683418509e-02,  2.167989162846243e-01,  1.137349275961393e-01,  8.416521713535576e-03,  9.454012844188443e-02
  7.700000000000000e-01,  9.266847695284139e-03,  2.165926147758612e-02,  2.169030319240884e-01,  1.135291861966639e-01,  8.870983783825157e-03,  9.502781066437700e-02
  7.800000000000000e-01,  1.020332463642256e-02,  2.170974977161344e-02,  2.170044418042272e-01,  1.133232152377477e-01,  9.328882717390517e-03,  9.551665363740817e-02
  7.900000000000000e-01,  1.113799586529421e-02,  2.176028973107025e-02,  2.171029851270065e-01,  1.131173664290186e-01,  9.789505228324634e-03,  9.600615531176478e-02
  8.000000000000000e-01,  1.206953162427860e-02,  2.181090891658011e-02,  2.171985098578565e-01,  1.129119975623657e-01,  1.025211196536433e-02,  9.649582317763518e-02
  8.100000000000001e-01,  1.299660474432049e-02,  2.186164452861217e-02,  2.172908735759199e-01,  1.127074673884277e-01,  1.071594097072223e-02,  9.698517912168222e-02
  8.200000000000001e-01,  1.391789491603207e-02,  2.191254457605263e-02,  2.173799463392445e-01,  1.125041306899790e-01,  1.118021224464020e-02,  9.747375841772304e-02
  8.300000000000001e-01,  1.483209213683803e-02,  2.196366973188257e-02,  2.174656144737317e-01,  1.123023333320677e-01,  1.164413257227092e-02,  9.796110665252956e-02
  8.400000000000001e-01,  1.573789965134446e-02,  2.201509492100207e-02,  2.175477826908577e-01,  1.121024074979346e-01,  1.210689976174677e-02,  9.844677844520935e-02
  8.500000000000000e-01,  1.663403703903446e-02,  2.206691008441175e-02,  2.176263741811472e-01,  1.119046681187117e-01,  1.256770624561181e-02,  9.893033809684636e-02
  8.600000000000000e-01,  1.751924368383789e-02,  2.211922013146106e-02,  2.177013303673964e-01,  1.117094108545922e-01,  1.302574216622769e-02,  9.941136153975932e-02
  8.700000000000000e-01,  1.839228207707268e-02,  2.217214433052916e-02,  2.177726108266330e-01,  1.115169109178265e-01,  1.348019827615702e-02,  9.988943972882985e-02
  8.800000000000000e-01,  1.925194061535963e-02,  2.222581532564161e-02,  2.178401920989707e-01,  1.113274223098881e-01,  1.393026880521725e-02,  1.003641842770425e-01
  8.900000000000000e-01,  2.009703623035810e-02,  2.228037803570171e-02,  2.179040646484031e-01,  1.111411776303749e-01,  1.437515349358589e-02,  1.008352355374816e-01
  9.000000000000000e-01,  2.092641761995132e-02,  2.233598886793176e-02,  2.179642296767474e-01,  1.109583888907097e-01,  1.481405867011390e-02,  1.013022691648779e-01
  9.099999999999999e-01,  2.173896969766776e-02,  2.239281533390436e-02,  2.180206976908124e-01,  1.107792497221201e-01,  1.524619867168031e-02,  1.017649965701452e-01
  9.199999999999999e-01,  2.253361819111927e-02,  2.245103566850659e-02,  2.180734872979155e-01,  1.106039381632519e-01,  1.567079818165755e-02,  1.022231624138727e-01
  9.299999999999999e-01,  2.330933249253812e-02,  2.251083816066202e-02,  2.181226223604641e-01,  1.104326187886874e-01,  1.608709519336471e-02,  1.026765438596860e-01
  9.399999999999999e-01,  2.406512665454275e-02,  2.257242033635465e-02,  2.181681296202101e-01,  1.102654445089407e-01,  1.649434469737721e-02,  1.031249476638729e-01
  9.500000000000000e-01,  2.480005946231094e-02,  2.263598819703194e-02,  2.182100387194187e-01,  1.101025587140595e-01,  1.689182246122688e-02,  1.035682020862277e-01
  9.600000000000000e-01,  2.551323396670229e-02,  2.270175530070961e-02,  2.182483825172297e-01,  1.099440971176872e-01,  1.727882744283785e-02,  1.040061503421692e-01
  9.700000000000000e-01,  2.620379692962950e-02,  2.276994135786659e-02,  2.182831954673154e-01,  1.097901886601396e-01,  1.765468282792670e-02,  1.044386505119019e-01
  9.800000000000000e-01,  2.687093867951034e-02,  2.284077046062860e-02,  2.183145110984330e-01,  1.096409559351351e-01,  1.801873674410064e-02,  1.048655784092624e-01
  9.900000000000000e-01,  2.751389323473047e-02,  2.291446944334830e-02,  2.183423612434431e-01,  1.094965158323341e-01,  1.837036325998344e-02,  1.052868281873476e-01
  1.000000000000000e+00,  2.813193844070091e-02,  2.299126675576080e-02,  2.183667774798756e-01,  1.093569803412903e-01,  1.870896415867219e-02,  1.057023089029899e-01
  1.010000000000000e+00,  2.872439623452093e-02,  2.307139175754047e-02,  2.183877926444051e-01,  1.092224569708042e-01,  1.903397149647221e-02,  1.061119395340855e-01
  1.020000000000000e+00,  2.929063313154576e-02,  2.315507413252993e-02,  2.184054415795492e-01,  1.090930486598391e-01,  1.934485029718499e-02,  1.065156451846352e-01
  1.030000000000000e+00,  2.983006083486485e-02,  2.324254314172847e-02,  2.184197618676365e-01,  1.089688533699268e-01,  1.964110104074188e-02,  1.069133553176533e-01
  1.040000000000000e+00,  3.034213666227005e-02,  2.333402635992332e-02,  2.184307942882809e-01,  1.088499631535547e-01,  1.992226213080597e-02,  1.073050048482848e-01
  1.050000000000000e+00,  3.082636372134948e-02,  2.342974791752517e-02,  2.184385824606111e-01,  1.087364625584707e-01,  2.018791231968549e-02,  1.076905383012962e-01
  1.060000000000000e+00,  3.128229165094265e-02,  2.352992688952504e-02,  2.184431724378925e-01,  1.086284270196396e-01,  2.043767233989032e-02,  1.080699152228829e-01
  1.070000000000000e+00,  3.170951850849622e-02,  2.363477617240828e-02,  2.184446136874220e-01,  1.085259219644172e-01,  2.067120536472801e-02,  1.084431140109149e-01
  1.080000000000000e+00,  3.210769317094415e-02,  2.374450149575025e-02,  2.184429612851697e-01,  1.084290024536297e-01,  2.088821725652355e-02,  1.088101337069601e-01
  1.090000000000000e+00,  3.247651804513952e-02,  2.385930043614426e-02,  2.184382775489896e-01,  1.083377128642427e-01,  2.108845762426115e-02,  1.091709945613487e-01
  1.100000000000000e+00,  3.281575296656126e-02,  2.397936158206981e-02,  2.184306330481945e-01,  1.082520866478823e-01,  2.127172127783637e-02,  1.095257365144187e-01
  1.110000000000000e+00,  3.312522036871773e-02,  2.410486360917630e-02,  2.184201084923293e-01,  1.081721462293819e-01,  2.143784909016863e-02,  1.098744169743536e-01
  1.120000000000000e+00,  3.340481048353163e-02,  2.423597391652166e-02,  2.184067971398145e-01,  1.080979026531685e-01,  2.158672848293704e-02,  1.102171113064338e-01
  1.130000000000000e+00,  3.365448559431768e-02,  2.437284680177743e-02,  2.183908063455636e-01,  1.080293547799222e-01,  2.171829395517911e-02,  1.105539156307279e-01
  1.140000000000000e+00,  3.387428350142131e-02,  2.451562154728104e-02,  2.183722589445359e-01,  1.079664885264791e-01,  2.183252752105893e-02,  1.108849474953988e-01
  1.150000000000000e+00,  3.406432075030962e-02,  2.466442075658115e-02,  2.183512957077736e-01,  1.079092765561217e-01,  2.192945974606582e-02,  1.112103418530218e-01
  1.160000000000000e+00,  3.422479558595633e-02,  2.481934873579084e-02,  2.183280781051868e-01,  1.078576780387272e-01,  2.200917169516455e-02,  1.115302454586044e-01
  1.170000000000000e+00,  3.435598999635379e-02,  2.498048970686573e-02,  2.183027905055885e-01,  1.078116380683861e-01,  2.207179640162994e-02,  1.118448127926081e-01
  1.180000000000000e+00,  3.445827061258899e-02,  2.514790603330619e-02,  2.182756422759848e-01,  1.077710870349407e-01,  2.211751882195297e-02,  1.121542021694049e-01
  1.190000000000000e+00,  3.453208914355438e-02,  2.532163660037079e-02,  2.182468700481963e-01,  1.077359404069581e-01,  2.214657495307457e-02,  1.124585703861922e-01
  1.200000000000000e+00,  3.457798259700362e-02,  2.550169533489455e-02,  2.182167396677749e-01,  1.077060987538678e-01,  2.215925124727785e-02,  1.127580666451409e-01
  1.210000000000000e+00,  3.459657227313217e-02,  2.568806960376691e-02,  2.181855472709519e-01,  1.076814473389324e-01,  2.215588457434182e-02,  1.130528286857515e-01
  1.220000000000000e+00,  3.458856081679450e-02,  2.588071797690583e-02,  2.181536190226559e-01,  1.076618549335280e-01,  2.213686182675847e-02,  1.133429842505533e-01
  1.230000000000000e+00,  3.455472800073846e-02,  2.607956759237240e-02,  2.181213095010941e-01,  1.076471723522431e-01,  2.210261788813254e-02,  1.136286549830982e-01
  1.240000000000000e+00,  3.449592623363715e-02,  2.628451238074159e-02,  2.180889996863489e-01,  1.076372317510688e-01,  2.205363203258228e-02,  1.139099548790155e-01
  1.250000000000000e+00,  3.441307593087539e-02,  2.649541263484156e-02,  2.180570950934482e-01,  1.076318471968146e-01,  2.199042426046928e-02,  1.141869824520817e-01
  1.260000000000000e+00,  3.430716015260018e-02,  2.671209497198723e-02,  2.180260232387935e-01,  1.076308159468780e-01,  2.191355240719850e-02,  1.144598135487745e-01
  1.270000000000000e+00,  3.417921819501635e-02,  2.693435184806914e-02,  2.179962297698367e-01,  1.076339198028822e-01,  2.182360938980392e-02,  1.147284987108327e-01
  1.280000000000000e+00,  3.403033869681296e-02,  2.716194067792155e-02,  2.179681737052225e-01,  1.076409268809640e-01,  2.172121975400002e-02,  1.149930630066997e-01
  1.290000000000000e+00,  3.386165292150980e-02,  2.739458303063613e-02,  2.179423229856614e-01,  1.076515944651016e-01,  2.160703588142549e-02,  1.152535037030737e-01
  1.300000000000000e+00,  3.367432790605804e-02,  2.763196412083935e-02,  2.179191507985614e-01,  1.076656726270374e-01,  2.148173501874166e-02,  1.155097842665122e-01
  1.310000000000000e+00,  3.346955862286476e-02,  2.787373231630896e-02,  2.178991321462497e-01,  1.076829076561236e-01,  2.134601736108682e-02,  1.157618274988521e-01
  1.320000000000000e+00,  3.324855841692301e-02,  2.811949842579775e-02,  2.178827412111002e-01,  1.077030444868316e-01,  2.120060418584883e-02,  1.160095099084082e-01
  1.330000000000000e+00,  3.301254802438410e-02,  2.836883490735609e-02,  2.178704498779769e-01,  1.077258279665421e-01,  2.104623506586598e-02,  1.162526589167422e-01
  1.340000000000000e+00,  3.276274618946740e-02,  2.862127538877801e-02,  2.178627255003009e-01,  1.077510047573632e-01,  2.088366442438306e-02,  1.164910524830953e-01
  1.350000000000000e+00,  3.250036430853486e-02,  2.887631477328134e-02,  2.178600269066440e-01,  1.077783274451873e-01,  2.071365867125135e-02,  1.167244171211753e-01
  1.360000000000000e+00,  3.222660293980449e-02,  2.913340959819610e-02,  2.178627999371057e-01,  1.078075588741094e-01,  2.053699422666230e-02,  1.169524253518230e-01
  1.370000000000000e+00,  3.194264772171710e-02,  2.939197852785003e-02,  2.178714735062341e-01,  1.078384746527968e-01,  2.035445552062986e-02,  1.171746967961869e-01
  1.380000000000000e+00,  3.164966520113851e-02,  2.965140364408447e-02,  2.178864565893602e-01,  1.078708648373631e-01,  2.016683260565410e-02,  1.173908002797608e-01
  1.390000000000000e+00,  3.134879916344578e-02,  2.991103267753759e-02,  2.179081358354670e-01,  1.079045357156323e-01,  1.997491839046456e-02,  1.176002546879982e-01
  1.400000000000000e+00,  3.104116722655924e-02,  3.017018148621342e-02,  2.179368721587442e-01,  1.079393109318535e-01,  1.977950479960004e-02,  1.178025338159527e-01
  1.410000000000000e+00,  3.072785775923838e-02,  3.042813649815690e-02,  2.179729958643550e-01,  1.079750314552973e-01,  1.958137758354563e-02,  1.179970775000289e-01
  1.420000000000000e+00,  3.040992745079832e-02,  3.068415766254007e-02,  2.180168024886408e-01,  1.080115549398432e-01,  1.938131118788095e-02,  1.181833026468143e-01
  1.430000000000000e+00,  3.008839946642838e-02,  3.093748245638217e-02,  2.180685508495546e-01,  1.080487549305770e-01,  1.918006554839852e-02,  1.183606095949657e-01
  1.440000000000000e+00,  2.976426155065285e-02,  3.118733088516534e-02,  2.181284629754595e-01,  1.080865199180947e-01,  1.897838483035812e-02,  1.185283855844285e-01
  1.450000000000000e+00,  2.943846357840519e-02,  3.143291106730173e-02,  2.181967253654758e-01,  1.081247523403554e-01,  1.877699619108594e-02,  1.186860076848906e-01
  1.460000000000000e+00,  2.911191464336899e-02,  3.167342514798954e-02,  2.182734901118462e-01,  1.081633674256714e-01,  1.857660737971856e-02,  1.188328474334185e-01
  1.470000000000000e+00,  2.878547999095745e-02,  3.190807578706356e-02,  2.183588741392520e-01,  1.082022916001555e-01,  1.837790416883699e-02,  1.189682785210514e-01
  1.480000000000000e+00,  2.845997787166734e-02,  3.213607373407767e-02,  2.184529567233954e-01,  1.082414607831878e-01,  1.818154820855155e-02,  1.190916855867598e-01
  1.490000000000000e+00,  2.813617631491324e-02,  3.235664646685077e-02,  2.185557766300514e-01,  1.082808191218423e-01,  1.798817357381772e-02,  1.192024731254345e-01
  1.500000000000000e+00,  2.781479003840075e-02,  3.256904729863264e-02,  2.186673297327229e-01,  1.083203182768684e-01,  1.779838054984393e-02,  1.193000761914895e-01
  1.510000000000000e+00,  2.749647760310070e-02,  3.277256471809453e-02,  2.187875673819943e-01,  1.083599171084959e-01,  1.761272802197909e-02,  1.193839719990215e-01
  1.520000000000000e+00,  2.718183852335220e-02,  3.296653202120758e-02,  2.189163954366930e-01,  1.083995813303335e-01,  1.743172670045667e-02,  1.194536903288944e-01
  1.530000000000000e+00,  2.687141001619466e-02,  3.315033671049195e-02,  2.190536734331712e-01,  1.084392825413902e-01,  1.725583332871796e-02,  1.195088248783168e-01
  1.540000000000000e+00,  2.656566369883396e-02,  3.332342889469553e-02,  2.191992137642580e-01,  1.084789965798330e-01,  1.708544506620083e-02,  1.195490473096355e-01
  1.550000000000000e+00,  2.626500290301285e-02,  3.348532837772522e-02,  2.193527813022558e-01,  1.085187017484338e-01,  1.692089420385983e-02,  1.195741210646293e-01
  1.560000000000000e+00,  2.596976078523107e-02,  3.363563035443251e-02,  2.195140933073677e-01,  1.085583774922655e-01,  1.676244363657723e-02,  1.195839120851947e-01
  1.570000000000000e+00,  2.568019935981584e-02,  3.377400970903666e-02,  2.196828195300170e-01,  1.085980037912489e-01,  1.661028310118377e-02,  1.195783958218440e-01
  1.580000000000000e+00,  2.539650995605155e-02,  3.390022396701298e-02,  2.198585833080502e-01,  1.086375612013814e-01,  1.646452606759061e-02,  1.195576605359924e-01
  1.590000000000000e+00,  2.511881486058345e-02,  3.401411479914351e-02,  2.200409642789994e-01,  1.086770312956673e-01,  1.632520753352405e-02,  1.195219071678094e-01
  1.600000000000000e+00,  2.484716907033340e-02,  3.411560806368574e-02,  2.202295028499102e-01,  1.087163971815962e-01,  1.619228333969584e-02,  1.194714454360426e-01
  1.610000000000000e+00,  2.458156175483612e-02,  3.420471257163182e-02,  2.204237060289555e-01,  1.087556437156218e-01,  1.606563133238142e-02,  1.194066867694213e-01
  1.620000000000000e+00,  2.432191785184147e-02,  3.428151771834909e-02,  2.206230536837498e-01,  1.087947571280034e-01,  1.594505421653737e-02,  1.193281367315248e-01
  1.630000000000000e+00,  2.406810013293888e-02,  3.434619016995666e-02,  2.208270050525464e-01,  1.088337242235595e-01,  1.583028364008715e-02,  1.192363873565786e-01
  1.640000000000000e+00,  2.381991201229976e-02,  3.439896974081202e-02,  2.210350061392387e-01,  1.088725317139751e-01,  1.572098508022484e-02,  1.191321068367286e-01
  1.650000000000000e+00,  2.357710137951030e-02,  3.444016444516995e-02,  2.212464981882152e-01,  1.089111660361336e-01,  1.561676357309070e-02,  1.190160252298355e-01
  1.660000000000000e+00,  2.333936531616018e-02,  3.447014486260991e-02,  2.214609262893706e-01,  1.089496135479292e-01,  1.551717031756497e-02,  1.188889176639246e-01
  1.670000000000000e+00,  2.310635518003983e-02,  3.448933791190734e-02,  2.216777465383307e-01,  1.089878606960378e-01,  1.542170959917627e-02,  1.187515888587709e-01
  1.680000000000000e+00,  2.287768177220860e-02,  3.449821984930534e-02,  2.218964313364179e-01,  1.090258939600681e-01,  1.532984568676153e-02,  1.186048611870547e-01
  1.690000000000000e+00,  2.265292086657644e-02,  3.449730850221777e-02,  2.221164736464483e-01,  1.090636999158662e-01,  1.524101003746768e-02,  1.184495631403609e-01
  1.700000000000000e+00,  2.243161950194828e-02,  3.448715515053746e-02,  2.223373906115469e-01,  1.091012655951322e-01,  1.515460881058538e-02,  1.182865155191088e-01
  1.710000000000000e+00,  2.221330287103036e-02,  3.446833650755310e-02,  2.225587263303173e-01,  1.091385787126839e-01,  1.507003024411409e-02,  1.181165178596141e-01
  1.720000000000000e+00,  2.199748124647929e-02,  3.444144693271056e-02,  2.227800535392943e-01,  1.091756274098076e-01,  1.498665174117585e-02,  1.179403378192776e-01
  1.730000000000000e+00,  2.178365668320044e-02,  3.440709068593617e-02,  2.230009741353524e-01,  1.092123996055601e-01,  1.490384657054705e-02,  1.177587036683700e-01
  1.740000000000000e+00,  2.157132955085316e-02,  3.436587416776526e-02,  2.232211191151239e-01,  1.092488821766827e-01,  1.482099024756450e-02,  1.175722983084524e-01
  1.750000000000000e+00,  2.136000487391205e-02,  3.431839845751838e-02,  2.234401487015544e-01,  1.092850599907862e-01,  1.473746668916563e-02,  1.173817531679940e-01
  1.760000000000000e+00,  2.114919824963939e-02,  3.426525243839751e-02,  2.236577524625849e-01,  1.093209146676629e-01,  1.465267366969117e-02,  1.171876431733517e-01
  1.770000000000000e+00,  2.093844115849775e-02,  3.420700657879028e-02,  2.238736488220559e-01,  1.093564232297445e-01,  1.456602760713084e-02,  1.169904839309306e-01
  1.780000000000000e+00,  2.072728562632583e-02,  3.414420730680168e-02,  2.240875838557678e-01,  1.093915567933005e-01,  1.447696828576289e-02,  1.167907299163267e-01
  1.790000000000000e+00,  2.051530809064193e-02,  3.407737188248205e-02,  2.242993294672570e-01,  1.094262790653504e-01,  1.438496312895817e-02,  1.165887740661291e-01
  1.800000000000000e+00,  2.030211254180059e-02,  3.400698400490509e-02,  2.245086818374229e-01,  1.094605451382156e-01,  1.428951066940832e-02,  1.163849482112991e-01
  1.810000000000000e+00,  2.008733344313517e-02,  3.393349045200234e-02,  2.247154611940586e-01,  1.094943015534116e-01,  1.419014417502150e-02,  1.161795209463239e-01
  1.820000000000000e+00,  1.987063860631469e-02,  3.385729846379282e-02,  2.249195113203763e-01,  1.095274870385409e-01,  1.408643541587904e-02,  1.159726955063435e-01
  1.830000000000000e+00,  1.965173166933211e-02,  3.377877360303461e-02,  2.251206967309831e-01,  1.095600326101708e-01,  1.397799696181393e-02,  1.157646130653746e-01
  1.840000000000000e+00,  1.943035383407309e-02,  3.369823846533415e-02,  2.253188992231224e-01,  1.095918612399014e-01,  1.386448300812328e-02,  1.155553572454569e-01
  1.850000000000000e+00,  1.920628461381451e-02,  3.361597250569148e-02,  2.255140160373753e-01,  1.096228878286685e-01,  1.374559048142067e-02,  1.153449543045807e-01
  1.860000000000000e+00,  1.897934174826319e-02,  3.353221271850937e-02,  2.257059582723215e-01,  1.096530192245239e-01,  1.362106104077728e-02,  1.151333732300996e-01
  1.870000000000000e+00,  1.874938107863797e-02,  3.344715505267737e-02,  2.258946480912617e-01,  1.096821540414874e-01,  1.349068345726729e-02,  1.149205288824943e-01
  1.880000000000000e+00,  1.851629699646981e-02,  3.336095681727702e-02,  2.260800156739660e-01,  1.097101829104269e-01,  1.335429588058420e-02,  1.147062850778881e-01
  1.890000000000000e+00,  1.828002353325104e-02,  3.327374006989037e-02,  2.262619964781357e-01,  1.097369894847263e-01,  1.321178696972904e-02,  1.144904590698976e-01
  1.900000000000000e+00,  1.804053558192059e-02,  3.318559556791345e-02,  2.264405288221739e-01,  1.097624516892961e-01,  1.306309481648640e-02,  1.142728317155658e-01
  1.910000000000000e+00,  1.779784922776331e-02,  3.309658699143103e-02,  2.266155526406724e-01,  1.097864427618528e-01,  1.290820433948384e-02,  1.140531606162938e-01
  1.920000000000000e+00,  1.755202093563009e-02,  3.300675534485653e-02,  2.267870093681286e-01,  1.098088320118327e-01,  1.274714517154900e-02,  1.138311910988155e-01
  1.930000000000000e+00,  1.730314631057289e-02,  3.291612341106265e-02,  2.269548420051107e-01,  1.098294852340297e-01,  1.257999092175327e-02,  1.136066647529028e-01
  1.940000000000000e+00,  1.705135881137421e-02,  3.282470032486029e-02,  2.271189958337421e-01,  1.098482649452706e-01,  1.240685914845640e-02,  1.133793258165506e-01
  1.950000000000000e+00,  1.679682846841760e-02,  3.273248636443116e-02,  2.272794205741316e-01,  1.098650309852832e-01,  1.222791148553818e-02,  1.131489238732776e-01
  1.960000000000000e+00,  1.653976057831726e-02,  3.263947743753848e-02,  2.274360727203883e-01,  1.098796416141703e-01,  1.204335336247989e-02,  1.129152156987432e-01
  1.970000000000000e+00,  1.628039408553194e-02,  3.254566862653729e-02,  2.275889163251946e-01,  1.098919547463384e-01,  1.185343230896247e-02,  1.126779709937624e-01
  1.980000000000000e+00,  1.601899969184449e-02,  3.245105687340377e-02,  2.277379221085634e-01,  1.099018291624393e-01,  1.165843396321243e-02,  1.124369812223457e-01
  1.990000000000000e+00,  1.575587806880580e-02,  3.235564296512083e-02,  2.278830656839274e-01,  1.099091257884375e-01,  1.145867559404883e-02,  1.121920696944246e-01
  2.000000000000000e+00,  1.549135820746338e-02,  3.225943269124887e-02,  2.280243261867940e-01,  1.099137092383592e-01,  1.125449942846116e-02,  1.119431024667887e-01
  2.010000000000000e+00,  1.522579548752382e-02,  3.216243723141443e-02,  2.281616863426633e-01,  1.099154496018278e-01,  1.104626906042487e-02,  1.116899977440075e-01
  2.020000000000000e+00,  1.495956898276170e-02,  3.206467300120264e-02,  2.282951338368975e-01,  1.099142242729603e-01,  1.083436854818880e-02,  1.114327316521139e-01
  2.030000000000000e+00,  1.469307822680114e-02,  3.196616132957075e-02,  2.284246633807828e-01,  1.099099200111793e-01,  1.061920160724750e-02,  1.111713397432772e-01
  2.040000000000000e+00,  1.442674035225501e-02,  3.186692827905335e-02,  2.285502785258853e-01,  1.099024353542081e-01,  1.040118998989035e-02,  1.109059146119752e-01
  2.050000000000000e+00,  1.416098778270613e-02,  3.176700448758107e-02,  2.286719921958828e-01,  1.098916829731202e-01,  1.018077110927869e-02,  1.106366021406786e-01
  2.060000000000000e+00,  1.389626577846305e-02,  3.166642487603277e-02,  2.287898259620080e-01,  1.098775917456425e-01,  9.958395030755889e-03,  1.103635992321910e-01
  2.070000000000000e+00,  1.363302970246272e-02,  3.156522853026456e-02,  2.289038090946098e-01,  1.098601089153972e-01,  9.734521543935460e-03,  1.100871521188169e-01
  2.080000000000000e+00,  1.337174249637864e-02,  3.146345912138049e-02,  2.290139781267141e-01,  1.098392024976403e-01,  9.509617857817872e-03,  1.098075528883891e-01
  2.090000000000000e+00,  1.311287263260408e-02,  3.136116567480296e-02,  2.291203766945523e-01,  1.098148634332398e-01,  9.284156647359383e-03,  1.095251357272326e-01
  2.100000000000000e+00,  1.285689219240808e-02,  3.125840326716633e-02,  2.292230549797000e-01,  1.097871070732162e-01,  9.058613856097918e-03,  1.092402757149210e-01
  2.110000000000000e+00,  1.260427439230763e-02,  3.115523367784179e-02,  2.293220681484052e-01,  1.097559740461468e-01,  8.833465433767141e-03,  1.089533897956840e-01
  2.120000000000000e+00,  1.235549051188054e-02,  3.105172645876597e-02,  2.294174740966785e-01,  1.097215308162172e-01,  8.609183074521918e-03,  1.086649364035519e-01
  2.130000000000000e+00,  1.211100665466992e-02,  3.094796057793636e-02,  2.295093315883207e-01,  1.096838699925776e-01,  8.386230971704637e-03,  1.083754110521486e-01
  2.140000000000000e+00,  1.187128058405098e-02,  3.084402618256754e-02,  2.295976989623060e-01,  1.096431099430449e-01,  8.165064628553863e-03,  1.080853400245223e-01
  2.150000000000000e+00,  1.163675878467545e-02,  3.074002603514070e-02,  2.296826327854491e-01,  1.095993933686925e-01,  7.946130047807216e-03,  1.077952763909831e-01
  2.160000000000000e+00,  1.140787356363670e-02,  3.063607648643862e-02,  2.297641864422972e-01,  1.095528849981036e-01,  7.729862105994272e-03,  1.075057987592019e-01
  2.170000000000000e+00,  1.118504010243713e-02,  3.053230809360374e-02,  2.298424091416746e-01,  1.095037690392376e-01,  7.516682822400401e-03,  1.072175094552536e-01
  2.180000000000000e+00,  1.096865363907748e-02,  3.042886602570660e-02,  2.299173454886397e-01,  1.094522471377798e-01,  7.307000233304635e-03,  1.069310303121336e-01
  2.190000000000000e+00,  1.075908568894114e-02,  3.032590998527418e-02,  2.299890356491461e-01,  1.093985368010059e-01,  7.101207541499936e-03,  1.066469971489232e-01
  2.200000000000000e+00,  1.055667843588983e-02,  3.022361337348634e-02,  2.300575162090016e-01,  1.093428696236211e-01,  6.899681755912986e-03,  1.063660539819841e-01
  2.210000000000000e+00,  1.036173915445866e-02,  3.012216206833940e-02,  2.301228212882080e-01,  1.092854892498067e-01,  6.702781704288828e-03,  1.060888469786316e-01
  2.220000000000000e+00,  1.017453643932778e-02,  3.002175322804113e-02,  2.301849832703483e-01,  1.092266495038695e-01,  6.510846293512517e-03,  1.058160180245451e-01
  2.230000000000000e+00,  9.995297417540516e-03,  2.992259388060226e-02,  2.302440332795094e-01,  1.091666126143533e-01,  6.324193636165907e-03,  1.055481981113531e-01
  2.240000000000000e+00,  9.824204729158384e-03,  2.982489876347705e-02,  2.303000015120321e-01,  1.091056471510617e-01,  6.143120580325725e-03,  1.052860018347898e-01
  2.250000000000000e+00,  9.661393511591024e-03,  2.972888757574843e-02,  2.303529170108748e-01,  1.090440259842136e-01,  5.967902371289938e-03,  1.050300232642188e-01
  2.260000000000000e+00,  9.506949102524809e-03,  2.963478256829832e-02,  2.304028071018242e-01,  1.089820249209342e-01,  5.798792453757953e-03,  1.047808312135788e-01
  2.270000000000000e+00,  9.363486593395939e-03,  2.954233748142965e-02,  2.304485204205239e-01,  1.089198433068980e-01,  5.636242824872803e-03,  1.045418191373807e-01
  2.280000000000000e+00,  9.225826402742802e-03,  2.945272609038629e-02,  2.304924596137844e-01,  1.088579324844061e-01,  5.480007975016107e-03,  1.043077289435741e-01
  2.290000000000000e+00,  9.096465811545508e-03,  2.936569206820949e-02,  2.305334774880287e-01,  1.087964847653246e-01,  5.330489082181538e-03,  1.040818684245485e-01
  2.300000000000000e+00,  8.975302088337573e-03,  2.928143777263159e-02,  2.305715819923720e-01,  1.087357725175224e-01,  5.187849401238619e-03,  1.038647182670470e-01
  2.310000000000000e+00,  8.862189744389654e-03,  2.920016586480512e-02,  2.306068048660561e-01,  1.086760768637739e-01,  5.052215783789526e-03,  1.036566612372892e-01
  2.320000000000000e+00,  8.756950962989155e-03,  2.912206853824739e-02,  2.306391802454107e-01,  1.086176773696957e-01,  4.923688000218511e-03,  1.034580385912121e-01
  2.330000000000000e+00,  8.659379017415715e-03,  2.904732466574833e-02,  2.306687491842712e-01,  1.085608479922316e-01,  4.802339037506528e-03,  1.032691501535885e-01
  2.340000000000000e+00,  8.569243147964548e-03,  2.897609748249352e-02,  2.306955647407236e-01,  1.085058537777474e-01,  4.688215262173326e-03,  1.030902510729737e-01
  2.350000000000000e+00,  8.486294295642134e-03,  2.890853317673003e-02,  2.307196958302296e-01,  1.084529483645320e-01,  4.581336938928080e-03,  1.029215470780569e-01
  2.360000000000000e+00,  8.410270205143261e-03,  2.884476010671322e-02,  2.307412298215201e-01,  1.084023714221497e-01,  4.481698341238782e-03,  1.027631916862283e-01
  2.370000000000000e+00,  8.340899764225683e-03,  2.878488819556368e-02,  2.307602731972137e-01,  1.083543456665753e-01,  4.389267361157647e-03,  1.026152855715379e-01
  2.380000000000000e+00,  8.277906478632255e-03,  2.872900810475199e-02,  2.307769511284504e-01,  1.083090732164790e-01,  4.303985963421878e-03,  1.024778753288296e-01
  2.390000000000000e+00,  8.221011002078860e-03,  2.867718994457502e-02,  2.307914064407947e-01,  1.082667313540116e-01,  4.225771721733074e-03,  1.023509529829680e-01
  2.400000000000000e+00,  8.169932761521365e-03,  2.862948161160284e-02,  2.308037971575637e-01,  1.082274683535216e-01,  4.154518879457623e-03,  1.022344576786401e-01
  2.410000000000000e+00,  8.124390547397017e-03,  2.858590695735508e-02,  2.308142922772307e-01,  1.081913999475102e-01,  4.090097451210473e-03,  1.021282783397638e-01
  2.420000000000000e+00,  8.084101949827121e-03,  2.854646373064607e-02,  2.308230663041503e-01,  1.081586061377688e-01,  4.032350409385038e-03,  1.020322592082600e-01
  2.430000000000000e+00,  8.048781726775455e-03,  2.851112126156896e-02,  2.308302943097481e-01,  1.081291280266535e-01,  3.981090573557436e-03,  1.019462082109705e-01
  2.440000000000000e+00,  8.018139755695186e-03,  2.847981840643499e-02,  2.308361492336464e-01,  1.081029655635092e-01,  3.936098554247635e-03,  1.018699004953723e-01
  2.450000000000000e+00,  7.991879507061893e-03,  2.845246218333197e-02,  2.308408003033841e-01,  1.080800771128152e-01,  3.897121118290100e-03,  1.018030736471787e-01
  2.460000000000000e+00,  7.969697364636029e-03,  2.842892683532994e-02,  2.308444110160230e-01,  1.080603804779462e-01,  3.863869335698898e-03,  1.017454183212060e-01
  2.470000000000000e+00,  7.951282166872490e-03,  2.840905288018569e-02,  2.308471374748326e-01,  1.080437545814824e-01,  3.836017327718856e-03,  1.016965660140232e-01
  2.480000000000000e+00,  7.936422835896993e-03,  2.839276337204888e-02,  2.308491073687018e-01,  1.080301393325902e-01,  3.813368720211012e-03,  1.016563562574094e-01
  2.490000000000000e+00,  7.924616258232871e-03,  2.837963703626900e-02,  2.308504945513293e-01,  1.080191825781062e-01,  3.795249725180014e-03,  1.016238185386664e-01
  2.500000000000000e+00,  7.920176317670355e-03,  2.836964412931686e-02,  2.308523878250441e-01,  1.080110311693581e-01,  3.779309170523936e-03,  1.015950651037482e-01
