Main.Studies.MarkerTracking.t,Main.Studies.MarkerTracking.JointAngleOutputs.OutputFile_RightArm.ThoraxClavicula[0],Main.Studies.MarkerTracking.JointAngleOutputs.OutputFile_RightArm.ThoraxClavicula[1],Main.Studies.MarkerTracking.JointAngleOutputs.OutputFile_RightArm.ThoraxClavicula[2],Main.Studies.MarkerTracking.JointAngleOutputs.OutputFile_RightArm.ClaviculaScapula[0],Main.Studies.MarkerTracking.JointAngleOutputs.OutputFile_RightArm.ClaviculaScapula[1],Main.Studies.MarkerTracking.JointAngleOutputs.OutputFile_RightArm.ClaviculaScapula[2],Main.Studies.MarkerTracking.JointAngleOutputs.OutputFile_RightArm.ScapulaHumerus[0],Main.Studies.MarkerTracking.JointAngleOutputs.OutputFile_RightArm.ScapulaHumerus[1],Main.Studies.MarkerTracking.JointAngleOutputs.OutputFile_RightArm.ScapulaHumerus[2],Main.Studies.MarkerTracking.JointAngleOutputs.OutputFile_RightArm.HumerusUlna,Main.Studies.MarkerTracking.JointAngleOutputs.OutputFile_RightArm.UlnaRadius,Main.Studies.MarkerTracking.JointAngleOutputs.OutputFile_RightArm.RadiusWrist,Main.Studies.MarkerTracking.JointAngleOutputs.OutputFile_RightArm.WristHand
  8.000000000000000e-01, -2.049055253467590e-02, -2.873808506951150e-01,  7.671277509785440e-02, -9.112272254910545e-03,  7.210750289079612e-01,  2.702065316358226e-03,  1.180341438064100e-02,  2.948038508648875e-01, -4.343901468831688e-02,  8.851447945939871e-01,  2.436057415615797e+00,  2.226390667130411e+00,  2.815449981512703e+00
  8.100000000000001e-01, -1.981367631832945e-02, -2.895842253500479e-01,  7.789456464432763e-02, -7.571071086286814e-03,  7.221764206010665e-01,  4.106650435392913e-03,  1.414517616000206e-02,  2.803283447604039e-01, -5.091399440704843e-02,  9.279897729765887e-01,  2.473070742185480e+00,  2.154930524669401e+00,  2.795525843314538e+00
  8.200000000000001e-01, -1.910373229081317e-02, -2.918208010193435e-01,  7.910678501575633e-02, -5.968538659371149e-03,  7.233378208431428e-01,  5.549083082879339e-03,  1.671585892669484e-02,  2.667983415850300e-01, -5.824787928228669e-02,  9.712966338981167e-01,  2.515305701275671e+00,  2.086335630282672e+00,  2.770526950040556e+00
  8.300000000000001e-01, -1.836041832850490e-02, -2.940997170689389e-01,  8.035349075098003e-02, -4.301695600057913e-03,  7.245588423624658e-01,  7.032351618846933e-03,  1.949359515657067e-02,  2.537722938029664e-01, -6.550926583831092e-02,  1.015466637150578e+00,  2.565445064035224e+00,  2.019815059037731e+00,  2.738780804267485e+00
  8.400000000000001e-01, -1.758662788325127e-02, -2.964188360702687e-01,  8.163279588303643e-02, -2.575065697218883e-03,  7.258339758014328e-01,  8.552524734156505e-03,  2.243689430522687e-02,  2.407570654666554e-01, -7.272708470350081e-02,  1.060640118605182e+00,  2.626985558606527e+00,  1.954891756263095e+00,  2.698024378658238e+00
  8.500000000000001e-01, -1.678630361901388e-02, -2.987731791430698e-01,  8.294118025864464e-02, -7.954762530865421e-04,  7.271559525895009e-01,  1.010376636313332e-02,  2.548255961887345e-02,  2.270390473589091e-01, -7.992698492780258e-02,  1.106764098342426e+00,  2.704884809744800e+00,  1.891029873495501e+00,  2.645044544632234e+00
  8.600000000000000e-01, -1.595715145317967e-02, -3.011728185425550e-01,  8.428397975085536e-02,  1.043296883381407e-03,  7.285281131527088e-01,  1.169117067682973e-02,  2.857395665138817e-02,  2.114841299133110e-01, -8.717544454272232e-02,  1.153609117658027e+00,  2.806173611221378e+00,  1.827220966848913e+00,  2.575382925371792e+00
  8.700000000000000e-01, -1.508209532990335e-02, -3.036540982773664e-01,  8.568387150854284e-02,  2.976349333282147e-03,  7.299797976440607e-01,  1.334205003790435e-02,  3.171932275224974e-02,  1.924400988779672e-01, -9.456516796168113e-02,  1.200377008375752e+00,  2.939810319697531e+00,  1.761846775271434e+00,  2.483679646954538e+00
  8.800000000000000e-01, -1.411247758782706e-02, -3.062949088516857e-01,  8.719485193729042e-02,  5.097152580764434e-03,  7.315972398333409e-01,  1.512550474157158e-02,  3.515916827533836e-02,  1.681159384688809e-01, -1.021337989253542e-01,  1.245104549834226e+00,  3.113215060439397e+00,  1.692442317798581e+00,  2.366474251572826e+00
  8.900000000000000e-01, -1.296565338587455e-02, -3.091862414734697e-01,  8.889216459029523e-02,  7.554771076508135e-03,  7.335308273332459e-01,  1.714322538071084e-02,  3.956883280672371e-02,  1.383683311573706e-01, -1.096355657061346e-01,  1.284606385676566e+00,  3.322058163486323e+00,  1.615640420633541e+00,  2.229525618182737e+00
  9.000000000000000e-01, -1.158889446246370e-02, -3.123071268699493e-01,  9.079266691522363e-02,  1.042623047005365e-02,  7.358838527093747e-01,  1.942883711323420e-02,  4.581544092292992e-02,  1.069907318508544e-01, -1.163717715735000e-01,  1.316768856864120e+00,  3.541181984907846e+00,  1.527849700926275e+00,  2.093446488954568e+00
  9.100000000000000e-01, -1.003742367383657e-02, -3.154568023533499e-01,  9.279073346091997e-02,  1.357966400424539e-02,  7.385689544688656e-01,  2.185883643293111e-02,  5.418270078282556e-02,  7.994198885426311e-02, -1.215507306547368e-01,  1.343322032854877e+00,  3.737220617789875e+00,  1.427695717385339e+00,  1.983360375315610e+00
  9.200000000000000e-01, -8.417232603696255e-03, -3.184283199919822e-01,  9.475369486097862e-02,  1.680246228755052e-02,  7.414020290765875e-01,  2.426714718103858e-02,  6.425458231952740e-02,  6.031896620408342e-02, -1.248483593657976e-01,  1.367915091212607e+00,  3.893610074470869e+00,  1.318528206594100e+00,  1.910267556919049e+00
  9.300000000000000e-01, -6.789111801355280e-03, -3.211481207810392e-01,  9.662293518856452e-02,  1.998263733310085e-02,  7.442735559664007e-01,  2.657638998267440e-02,  7.555067022081891e-02,  4.760604041562325e-02, -1.263641718837165e-01,  1.392760105757345e+00,  4.013030862413411e+00,  1.207196346859107e+00,  1.869621137160166e+00
  9.400000000000001e-01, -5.162597020725767e-03, -3.236343245602694e-01,  9.840066967998541e-02,  2.310913481925184e-02,  7.471639518774169e-01,  2.878570997132801e-02,  8.783433034468392e-02,  4.003794110244377e-02, -1.262970116438858e-01,  1.418307470344785e+00,  4.105193925264320e+00,  1.100030655462261e+00,  1.851455997527674e+00
  9.500000000000001e-01, -3.528944780408870e-03, -3.259217258623320e-01,  1.001045312765235e-01,  2.620330415395741e-02,  7.500872036968320e-01,  3.091517611812905e-02,  1.010372883952688e-01,  3.617237038455701e-02, -1.247746064718897e-01,  1.444336521047606e+00,  4.178068998534096e+00,  1.001388389373109e+00,  1.847409464107134e+00
  9.600000000000001e-01, -1.874373820458623e-03, -3.280425268020269e-01,  1.017536390322054e-01,  2.929390610653617e-02,  7.530672293454864e-01,  3.298757935683878e-02,  1.151724440931139e-01,  3.498237967035766e-02, -1.218592014544538e-01,  1.470412324245864e+00,  4.237465651230259e+00,  9.129913067674709e-01,  1.851573559012681e+00
  9.700000000000000e-01, -1.863374232478488e-04, -3.300199604611330e-01,  1.033630216580352e-01,  3.240581862817334e-02,  7.561264475363100e-01,  3.502104671423343e-02,  1.302790076262720e-01,  3.580820231311191e-02, -1.175637857793959e-01,  1.496124039592950e+00,  4.287053898364781e+00,  8.350342103224673e-01,  1.860217967450458e+00
  9.800000000000000e-01,  1.545726590014899e-03, -3.318705655335784e-01,  1.049441524578627e-01,  3.555938952030414e-02,  7.592841287930491e-01,  3.702932937761800e-02,  1.464005511996189e-01,  3.822490449046231e-02, -1.118733644807401e-01,  1.521124732703818e+00,  4.329068447786091e+00,  7.669823121429431e-01,  1.871033441015542e+00
  9.900000000000000e-01,  3.333041173637837e-03, -3.336105018821819e-01,  1.065087915104305e-01,  3.877612009334220e-02,  7.625608629358847e-01,  3.902612930099562e-02,  1.635899543775501e-01,  4.188480689627778e-02, -1.047646022131139e-01,  1.545028060389470e+00,  4.365522716003950e+00,  7.073045289040527e-01,  1.882527772178435e+00
  1.000000000000000e+00,  5.184624300125947e-03, -3.352523679017105e-01,  1.080662959756203e-01,  4.207338668007529e-02,  7.659733575345217e-01,  4.102176713882050e-02,  1.818863591488787e-01,  4.657073053256094e-02, -9.620673915852093e-02,  1.567545271943261e+00,  4.397436447354313e+00,  6.548890194885475e-01,  1.893853451562954e+00
  1.010000000000000e+00,  7.109085751761397e-03, -3.368084867113669e-01,  1.096258214808711e-01,  4.546805173358007e-02,  7.695375638541943e-01,  4.302576131057116e-02,  2.013215186593842e-01,  5.210337946829667e-02, -8.616871595386906e-02,  1.588374025776502e+00,  4.425813115768066e+00,  6.083207887158721e-01,  1.904497482192712e+00
  1.020000000000000e+00,  9.116804214205085e-03, -3.382970241033779e-01,  1.111999594022830e-01,  4.898149125144036e-02,  7.732721846190934e-01,  4.505050895173818e-02,  2.219253165558809e-01,  5.830373394674930e-02, -7.464003140169626e-02,  1.607232557335087e+00,  4.451364811386338e+00,  5.664781913839745e-01,  1.914193376956360e+00
  1.030000000000000e+00,  1.121615642829762e-02, -3.397344644216631e-01,  1.127997877883929e-01,  5.263175223847377e-02,  7.771921744508268e-01,  4.710581881650872e-02,  2.437037997352534e-01,  6.504719408731803e-02, -6.161261479611834e-02,  1.623874804455580e+00,  4.474612407962297e+00,  5.283689766785535e-01,  1.922828337562990e+00
  1.040000000000000e+00,  1.341306144862672e-02, -3.411348012544909e-01,  1.144342885271870e-01,  5.643258443012134e-02,  7.813079313722144e-01,  4.919838428503753e-02,  2.666339189746426e-01,  7.225413601619028e-02, -4.707840835956849e-02,  1.638069369206597e+00,  4.496087170507328e+00,  4.929411213770809e-01,  1.930407234126951e+00
  1.050000000000000e+00,  1.571691368013501e-02, -3.425234894262535e-01,  1.161191635663627e-01,  6.040647973066118e-02,  7.856351135124453e-01,  5.134077360701905e-02,  2.906890551834978e-01,  7.979977875470132e-02, -3.107180338358329e-02,  1.649607474939049e+00,  4.516136974516319e+00,  4.595307883169487e-01,  1.936989929332458e+00
  1.060000000000000e+00,  1.813439958395361e-02, -3.439240931387952e-01,  1.178682289965364e-01,  6.457145200993955e-02,  7.901841165755802e-01,  5.354233222322646e-02,  3.158060550333179e-01,  8.760618472393623e-02, -1.363238182537176e-02,  1.658311112312298e+00,  4.535100513455085e+00,  4.274604572415947e-01,  1.942688611296488e+00
  1.070000000000000e+00,  2.067229315545481e-02, -3.453659118102038e-01,  1.196980561157340e-01,  6.894748129339373e-02,  7.949644896492507e-01,  5.581373021989482e-02,  3.418933806832896e-01,  9.560970051136938e-02,  5.169721648063161e-03,  1.664087959167163e+00,  4.552878607807080e+00,  3.966524674352670e-01,  1.947571735935864e+00
  1.080000000000000e+00,  2.333693360202059e-02, -3.468803519565382e-01,  1.216262052010531e-01,  7.355473112373824e-02,  7.999842547024494e-01,  5.816531952490249e-02,  3.688348854332310e-01,  1.037451411189121e-01,  2.525032533566750e-02,  1.666807686128088e+00,  4.569844590750310e+00,  3.665046123340448e-01,  1.951782489862434e+00
  1.090000000000000e+00,  2.613543688865861e-02, -3.485057764581682e-01,  1.236739873050721e-01,  7.841682905649623e-02,  8.052514929219986e-01,  6.060944423366143e-02,  3.964891865038409e-01,  1.119542881861127e-01,  4.649155538858565e-02,  1.666420000987782e+00,  4.586011839010730e+00,  3.369254990938809e-01,  1.955397700633297e+00
  1.100000000000000e+00,  2.907562536875351e-02, -3.502859031277210e-01,  1.258658364935369e-01,  8.356038342078968e-02,  8.107742198808666e-01,  6.315968453140026e-02,  4.246937299224932e-01,  1.201810677396065e-01,  6.874985911046064e-02,  1.662908283741090e+00,  4.601380974337239e+00,  3.078932927630325e-01,  1.958465252741042e+00
  1.110000000000000e+00,  3.216374592102757e-02, -3.522635631411771e-01,  1.282255541860972e-01,  8.900967988858458e-02,  8.165565864334488e-01,  6.582719943425444e-02,  4.532570517136806e-01,  1.283950826845100e-01,  9.187710429242617e-02,  1.656274122179551e+00,  4.616066316460172e+00,  2.792661927195210e-01,  1.961035148276287e+00
  1.120000000000000e+00,  3.540649649558807e-02, -3.544849397467781e-01,  1.307792265608225e-01,  9.479108812669337e-02,  8.226020740404797e-01,  6.862335118566662e-02,  4.819714962230939e-01,  1.365737881740411e-01,  1.157080199610092e-01,  1.646574616193672e+00,  4.630002478321240e+00,  2.511596078728822e-01,  1.963082878708561e+00
  1.130000000000000e+00,  3.881454393519424e-02, -3.570054038697622e-01,  1.335596788671328e-01,  1.009403968522283e-01,  8.289192588755548e-01,  7.156350248438037e-02,  5.106401121056243e-01,  1.446555540546544e-01,  1.400446417006545e-01,  1.633872912665358e+00,  4.643198776328727e+00,  2.236846793520506e-01,  1.964558099090786e+00
  1.140000000000000e+00,  4.239297667559364e-02, -3.598671470236930e-01,  1.365919691868792e-01,  1.074813269187291e-01,  8.355061690923030e-01,  7.465378945939152e-02,  5.390327004120674e-01,  1.526446921812209e-01,  1.647261473979229e-01,  1.618267789537331e+00,  4.655641586567024e+00,  1.969241145368068e-01,  1.965383591614499e+00
  1.150000000000000e+00,  4.614921767072633e-02, -3.631155821785322e-01,  1.399046039598086e-01,  1.144427387371635e-01,  8.423631964846428e-01,  7.790123077334069e-02,  5.669347721250779e-01,  1.605186316710531e-01,  1.895780693199524e-01,  1.599874847335958e+00,  4.667273867231256e+00,  1.710719842987007e-01,  1.965429638554028e+00
  1.160000000000000e+00,  5.008882354069985e-02, -3.667886011977146e-01,  1.435227367664135e-01,  1.218488460179353e-01,  8.494863121299364e-01,  8.130770299923702e-02,  5.941339075504914e-01,  1.682673363670316e-01,  2.144454247747634e-01,  1.578821823051493e+00,  4.678045663346140e+00,  1.463165746698722e-01,  1.964539872642492e+00
  1.170000000000000e+00,  5.421554438571131e-02, -3.709158227950564e-01,  1.474678305852033e-01,  1.297189674622560e-01,  8.568672446729160e-01,  8.486988031764926e-02,  6.204273277855831e-01,  1.758874663679332e-01,  2.391936310198768e-01,  1.555246453261515e+00,  4.687895834779173e+00,  1.228699437610450e-01,  1.962527260307805e+00
  1.180000000000000e+00,  5.853080462294346e-02, -3.755167909746284e-01,  1.517565043217122e-01,  1.380659936016616e-01,  8.644927840409550e-01,  8.857861586881649e-02,  6.456257994774176e-01,  1.833834472604139e-01,  2.637123486949222e-01,  1.529293985715481e+00,  4.696751145403899e+00,  1.009705014577742e-01,  1.959176214482740e+00
  1.190000000000000e+00,  6.303331866056804e-02, -3.805998120166948e-01,  1.563996628194712e-01,  1.468951921984172e-01,  8.723443743142771e-01,  9.241874173944931e-02,  6.695570037370157e-01,  1.907687946672901e-01,  2.879172811228214e-01,  1.501115873476492e+00,  4.704525000556112e+00,  8.088922741938910e-02,  1.954244226698365e+00
  1.200000000000000e+00,  6.771890187415995e-02, -3.861615659714866e-01,  1.614020100739567e-01,  1.562035089544523e-01,  8.803980950825517e-01,  9.636934301581981e-02,  6.920683532558831e-01,  1.980675101322801e-01,  3.117499367519624e-01,  1.470869568386659e+00,  4.711115860790105e+00,  6.294005615043297e-02,  1.947462980655535e+00
  1.210000000000000e+00,  7.257983464164006e-02, -3.921858770480765e-01,  1.667608599114657e-01,  1.659778539545084e-01,  8.886241038090498e-01,  1.004037225679448e-01,  7.130261540562313e-01,  2.053212696953745e-01,  3.351815521011238e-01,  1.438717507679070e+00,  4.716422922988723e+00,  4.746383189695180e-02,  1.938549216128102e+00
  1.220000000000000e+00,  7.760900023036028e-02, -3.986542276205120e-01,  1.724729837992728e-01,  1.762047599485890e-01,  8.969930441184545e-01,  1.044948883725557e-01,  7.323351441152974e-01,  2.125550747646961e-01,  3.581765724906467e-01,  1.404830174363581e+00,  4.720290990020244e+00,  3.496899743009680e-02,  1.927168162446131e+00
  1.230000000000000e+00,  8.279135649235110e-02, -4.055263795252578e-01,  1.785206049258026e-01,  1.868503021093067e-01,  9.054641328786805e-01,  1.086069597039290e-01,  7.498970785124146e-01,  2.198609606123409e-01,  3.807621724064091e-01,  1.369398463270861e+00,  4.722538047628193e+00,  2.601340530737057e-02,  1.912972878625862e+00
  1.240000000000000e+00,  8.811465991659966e-02, -4.127661985888481e-01,  1.848889921656333e-01,  1.978852912329088e-01,  9.140012621640957e-01,  1.127078511501417e-01,  7.656594475590394e-01,  2.273015182759577e-01,  4.029416218066427e-01,  1.332611276116739e+00,  4.722989668766258e+00,  2.133200513676664e-02,  1.895587765603771e+00
  1.250000000000000e+00,  9.356390324128479e-02, -4.203295664374577e-01,  1.915575275137027e-01,  2.092724024691030e-01,  9.225653470482956e-01,  1.167639220756428e-01,  7.795853572939485e-01,  2.349672943556241e-01,  4.247396426719260e-01,  1.294670336079907e+00,  4.721458815390241e+00,  2.184703053185080e-02,  1.874615776931421e+00
  1.260000000000000e+00,  9.912414293577934e-02, -4.281726562353468e-01,  1.985050054254252e-01,  2.209733363086048e-01,  9.311185083750193e-01,  1.207437899953102e-01,  7.916636233769416e-01,  2.429550691332115e-01,  4.461730515660982e-01,  1.255814742827702e+00,  4.717567930644222e+00,  2.907899729958685e-02,  1.849525930157979e+00
  1.270000000000000e+00,  1.047785919520473e-01, -4.362470128752007e-01,  2.057059620267994e-01,  2.329441730289760e-01,  9.396221807737666e-01,  1.246167590749014e-01,  8.018962900638261e-01,  2.513847742110321e-01,  4.672770042360834e-01,  1.216283740476169e+00,  4.711002486333440e+00,  4.492878681762469e-02,  1.819773478670498e+00
  1.280000000000000e+00,  1.105100295254721e-01, -4.445046221710851e-01,  2.131337554990565e-01,  2.451393530139008e-01,  9.480391610532747e-01,  1.283549857976519e-01,  8.103019202839576e-01,  2.603891013259816e-01,  4.880856205553125e-01,  1.176355891544874e+00,  4.701240228457219e+00,  7.244646173135647e-02,  1.784610392264890e+00
  1.290000000000000e+00,  1.163009374713767e-01, -4.528976998458800e-01,  2.207604042011501e-01,  2.575119841496111e-01,  9.563343537341070e-01,  1.319336900087060e-01,  8.169124630388680e-01,  2.701090386464002e-01,  5.086397724405421e-01,  1.136316274723152e+00,  4.687728682666945e+00,  1.161792354754478e-01,  1.743092778486443e+00
  1.300000000000000e+00,  1.221308354199107e-01, -4.613740948763160e-01,  2.285524925011030e-01,  2.700080653584272e-01,  9.644717113052678e-01,  1.353296789876214e-01,  8.217552339643365e-01,  2.807211985389806e-01,  5.290044130331885e-01,  1.096526287209837e+00,  4.669416406328147e+00,  1.843977091195006e-01,  1.693598623287885e+00
  1.310000000000000e+00,  1.279750402241694e-01, -4.698730519034969e-01,  2.364677881214997e-01,  2.825631742697645e-01,  9.724141772055350e-01,  1.385208830945285e-01,  8.248348497119663e-01,  2.924473894959097e-01,  5.492978799708658e-01,  1.057413353158871e+00,  4.644695699174769e+00,  2.930153458515648e-01,  1.633098838843805e+00
  1.320000000000000e+00,  1.337889642420295e-01, -4.782898576764594e-01,  2.444261487054199e-01,  2.950648201990917e-01,  9.801082421369026e-01,  1.414773169413349e-01,  8.260261806801468e-01,  3.056882326661314e-01,  5.698330030186900e-01,  1.019727166409257e+00,  4.609374466933651e+00,  4.854241512369245e-01,  1.552544519704974e+00
  1.330000000000000e+00,  1.404281624656826e-01, -4.888393393178688e-01,  2.541621649970109e-01,  3.096611646390130e-01,  9.883287748768267e-01,  1.447568782991635e-01,  8.324601662299480e-01,  3.111319564381304e-01,  5.795667165251103e-01,  9.782770091985978e-01,  4.661465196666414e+00,  1.712853612272212e+00,  1.021291927266422e+00
  1.340000000000000e+00,  1.463620157321787e-01, -4.975967498275748e-01,  2.626223175125886e-01,  3.225129875282419e-01,  9.956233564012338e-01,  1.473331632006399e-01,  8.324935593655018e-01,  3.252813410253474e-01,  5.975227845113497e-01,  9.384600903355069e-01,  4.649349011899169e+00,  1.585889983960824e+00,  1.091346084758870e+00
  1.350000000000000e+00,  1.523259876806494e-01, -5.065059560653740e-01,  2.713069458098718e-01,  3.354772531924233e-01,  1.002672154970267e+00,  1.497174836115401e-01,  8.324744805451565e-01,  3.394795322763596e-01,  6.136710567939897e-01,  8.984718144084041e-01,  4.650185237193512e+00,  1.397420620527934e+00,  1.161573910870978e+00
  1.360000000000000e+00,  1.582910369470231e-01, -5.156462579658824e-01,  2.802513580519876e-01,  3.485271735400968e-01,  1.009390004257011e+00,  1.519112132971832e-01,  8.338717239523621e-01,  3.522037787554397e-01,  6.261924717437812e-01,  8.574726035897812e-01,  4.680302937260456e+00,  1.161950156682405e+00,  1.208872093265646e+00
  1.370000000000000e+00,  1.640983112804609e-01, -5.246660847980574e-01,  2.891583598984798e-01,  3.612782868663856e-01,  1.015636374082123e+00,  1.538446337863348e-01,  8.362512068193529e-01,  3.641408527643451e-01,  6.362509030445187e-01,  8.167785413290197e-01,  4.726217251373289e+00,  9.306004445334064e-01,  1.232475518131332e+00
  1.380000000000000e+00,  1.696643767377856e-01, -5.333146373940498e-01,  2.978216055978575e-01,  3.735061659710280e-01,  1.021384985473348e+00,  1.554948175402360e-01,  8.387846035650243e-01,  3.762933303395494e-01,  6.454262235725268e-01,  7.775111039993690e-01,  4.772371429706464e+00,  7.160898701189364e-01,  1.245514354955578e+00
  1.390000000000000e+00,  1.749689246516768e-01, -5.415269300866045e-01,  3.061763283972064e-01,  3.851534274670219e-01,  1.026656822295439e+00,  1.568796409364193e-01,  8.412367100519598e-01,  3.889192339766128e-01,  6.542575966782435e-01,  7.400068132028905e-01,  4.814002370123477e+00,  5.163143638730034e-01,  1.253704664604281e+00
  1.400000000000000e+00,  1.800061921426956e-01, -5.492883708003410e-01,  3.141953141358853e-01,  3.962041729075532e-01,  1.031479617116403e+00,  1.580254166446682e-01,  8.435570103604564e-01,  4.020292139047194e-01,  6.629355223731781e-01,  7.043433280679487e-01,  4.850009798178002e+00,  3.282121833098885e-01,  1.258963711783785e+00
  1.410000000000000e+00,  1.847712367057323e-01, -5.565936000696375e-01,  3.218570702262572e-01,  4.066473964739867e-01,  1.035878726039348e+00,  1.589586602941263e-01,  8.457106233303028e-01,  4.156242391309750e-01,  6.715715186143169e-01,  6.706391959924430e-01,  4.879686337936161e+00,  1.474724540875608e-01,  1.262590644708204e+00
  1.420000000000000e+00,  1.892631949554969e-01, -5.634429972759155e-01,  3.291463451508839e-01,  4.164812488409274e-01,  1.039882544442368e+00,  1.597053183186419e-01,  8.476428237750131e-01,  4.296947755929704e-01,  6.802658312858937e-01,  6.389981290864136e-01,  4.902452771716856e+00, -2.841295057886236e-02,  1.264933883257590e+00
  1.430000000000000e+00,  1.934745930920531e-01, -5.698287508731695e-01,  3.360384367196629e-01,  4.256902707478404e-01,  1.043511707534740e+00,  1.602890149306150e-01,  8.492480964882394e-01,  4.443312373492856e-01,  6.891380647895620e-01,  6.097656247797709e-01,  4.916660118285187e+00, -2.035423867970227e-01,  1.266517514211381e+00
  1.440000000000000e+00,  1.974064343384721e-01, -5.757431073366094e-01,  3.425144899225227e-01,  4.342734781794507e-01,  1.046798046233574e+00,  1.607323428175588e-01,  8.502867718678349e-01,  4.597193330320958e-01,  6.984431022797616e-01,  5.832645316416557e-01,  4.919925047195543e+00, -3.846602681756318e-01,  1.267814236916249e+00
  1.450000000000000e+00,  2.010525283601294e-01, -5.811306745171806e-01,  3.485201279799371e-01,  4.422020330962085e-01,  1.049780786570495e+00,  1.610535795049811e-01,  8.498839515717500e-01,  4.769014299441944e-01,  7.091200011941113e-01,  5.605417953112704e-01,  4.903949959846485e+00, -5.970902937498317e-01,  1.271093970868207e+00
  1.460000000000000e+00,  2.273506976952882e-01, -6.063332771644825e-01,  3.842564066057564e-01,  4.948321349314041e-01,  1.074321400418080e+00,  1.608544174836369e-01,  5.803369013589956e-01,  9.040034629422224e-01,  9.951543336949867e-01,  5.230160907700440e-01,  2.820468910878119e+00, -1.309746120888362e+00, -2.002346516275333e-01
  1.470000000000000e+00,  2.311152808649333e-01, -6.122947829799011e-01,  3.911844495973671e-01,  5.031466215276063e-01,  1.076444357386174e+00,  1.606250543948508e-01,  5.788826867971558e-01,  9.320000628462976e-01,  1.007900388138223e+00,  4.956032610551770e-01,  2.787974385397940e+00, -1.247366194505287e+00, -2.341529894513502e-01
  1.480000000000000e+00,  2.345054162293194e-01, -6.177213931693919e-01,  3.975347631852773e-01,  5.106600651650620e-01,  1.078237788787333e+00,  1.603434430987217e-01,  5.777595085351740e-01,  9.590938865075003e-01,  1.020587864377695e+00,  4.694108597911995e-01,  2.757520976784031e+00, -1.186365895041448e+00, -2.644066581557073e-01
  1.490000000000000e+00,  2.375469022604557e-01, -6.226473590233955e-01,  4.033319397662480e-01,  5.174267563882299e-01,  1.079746503594371e+00,  1.600293277861979e-01,  5.767938759557895e-01,  9.852989193461750e-01,  1.033187057878604e+00,  4.444972362397694e-01,  2.729015619364524e+00, -1.126930177248881e+00, -2.909892007409012e-01
  1.500000000000000e+00,  2.402640331398453e-01, -6.271041139773682e-01,  4.086002561558097e-01,  5.234972524421959e-01,  1.081009455072490e+00,  1.596986308440702e-01,  5.758470322396469e-01,  1.010608209625208e+00,  1.045648597308729e+00,  4.209152344131429e-01,  2.702246407844177e+00, -1.069250769937963e+00, -3.140404548742469e-01
  1.510000000000000e+00,  2.426719008701332e-01, -6.311106099082688e-01,  4.133503850892163e-01,  5.289022566484447e-01,  1.082055864947338e+00,  1.593651621358978e-01,  5.748723599310723e-01,  1.034877623579797e+00,  1.057844752398022e+00,  3.988132169481513e-01,  2.677272913310166e+00, -1.013770677838889e+00, -3.335305868272202e-01
  1.520000000000000e+00,  2.447819989670596e-01, -6.346799649478830e-01,  4.175878498482649e-01,  5.336642955078855e-01,  1.082910044027672e+00,  1.590407773156477e-01,  5.738739891032822e-01,  1.057891829044474e+00,  1.069606627690458e+00,  3.783790514225485e-01,  2.654163482767017e+00, -9.610439938198344e-01, -3.495078762457696e-01
  1.530000000000000e+00,  2.466012486703459e-01, -6.378181180176064e-01,  4.213109654822576e-01,  5.377956624214592e-01,  1.083591495047793e+00,  1.587360104837472e-01,  5.729158511335380e-01,  1.079341375728403e+00,  1.080712611726822e+00,  3.598614025418918e-01,  2.633052641934451e+00, -9.117788216516728e-01, -3.620668368271405e-01
  1.540000000000000e+00,  2.481321747749435e-01, -6.405239625847545e-01,  4.245107920173946e-01,  5.412987865685404e-01,  1.084115587566353e+00,  1.584604565931176e-01,  5.721216229137595e-01,  1.098818637613519e+00,  1.090886356070044e+00,  3.435758249129259e-01,  2.614140540722296e+00, -8.668406000515575e-01, -3.713624263545798e-01
  1.550000000000000e+00,  2.493731554607791e-01, -6.427897344199344e-01,  4.271714392880416e-01,  5.441668194374308e-01,  1.084494036189246e+00,  1.582230059164677e-01,  5.716713827837073e-01,  1.115822597468680e+00,  1.099799332693040e+00,  3.299050460863143e-01,  2.597691841340768e+00, -8.272402809505691e-01, -3.776158539228605e-01
  1.560000000000000e+00,  2.503174268426016e-01, -6.446000944255101e-01,  4.292685220056121e-01,  5.463816963827680e-01,  1.084734413571777e+00,  1.580321727338525e-01,  5.718059217528355e-01,  1.129752361286071e+00,  1.107066982592167e+00,  3.193120193610652e-01,  2.584091053183704e+00, -7.941616768313482e-01, -3.810718300463753e-01
  1.570000000000000e+00,  2.509599360687862e-01, -6.459416986059285e-01,  4.307818042962943e-01,  5.479290115044928e-01,  1.084843574609260e+00,  1.578948253850734e-01,  5.727431984994683e-01,  1.140071341459202e+00,  1.112339998129614e+00,  3.122088989603664e-01,  2.573600642348979e+00, -7.686165976795065e-01, -3.821128817731185e-01
  1.580000000000000e+00,  2.512940606124203e-01, -6.468003439669707e-01,  4.316907012310367e-01,  5.487916389630894e-01,  1.084825117948023e+00,  1.578166003183322e-01,  5.746872886012733e-01,  1.146300568360739e+00,  1.115301580094911e+00,  3.089782488251407e-01,  2.566540185481696e+00, -7.515194458661377e-01, -3.810777192585891e-01
  1.590000000000000e+00,  2.513262133811550e-01, -6.471809256542669e-01,  4.320011095882087e-01,  5.489812563928165e-01,  1.084686513638059e+00,  1.577989116664929e-01,  5.776471749668352e-01,  1.148367292008601e+00,  1.115865666547482e+00,  3.096902736003450e-01,  2.562804884361015e+00, -7.429738350413838e-01, -3.784469953125362e-01
  1.600000000000000e+00,  2.510439569941954e-01, -6.470687746818113e-01,  4.316911021403083e-01,  5.484715345135178e-01,  1.084420971077463e+00,  1.578449259177053e-01,  5.817752813870143e-01,  1.146003732419793e+00,  1.113837561141045e+00,  3.146037890638080e-01,  2.562880632506932e+00, -7.435865783308938e-01, -3.742101720574739e-01
  1.610000000000000e+00,  2.504598583227526e-01, -6.464830889012985e-01,  4.307860393116784e-01,  5.472902296148114e-01,  1.084032166736498e+00,  1.579511898443752e-01,  5.868695868720762e-01,  1.139619278795302e+00,  1.109415067021266e+00,  3.234646846679860e-01,  2.566646370712775e+00, -7.527166202238247e-01, -3.685209708180207e-01
  1.620000000000000e+00,  2.495895683540090e-01, -6.454509461201176e-01,  4.293213528507213e-01,  5.454733805166522e-01,  1.083521808328571e+00,  1.581119774231261e-01,  5.926564483320714e-01,  1.129830389157880e+00,  1.102921467974862e+00,  3.358423562087604e-01,  2.573645136969162e+00, -7.692476468614567e-01, -3.614965301627862e-01
  1.630000000000000e+00,  2.484391359945362e-01, -6.439879113028242e-01,  4.273176463611154e-01,  5.430371891058565e-01,  1.082884450050740e+00,  1.583220160630434e-01,  5.989339452586848e-01,  1.117136914121992e+00,  1.094625013458737e+00,  3.514254089879726e-01,  2.583835974755804e+00, -7.924143198622717e-01, -3.529177472790451e-01
  1.640000000000000e+00,  2.470192498241117e-01, -6.421155902761914e-01,  4.248049347824674e-01,  5.400079098110769e-01,  1.082115686310564e+00,  1.585739891282777e-01,  6.054484413748688e-01,  1.102157490000070e+00,  1.084871775186723e+00,  3.697937258822440e-01,  2.596903122587249e+00, -8.211499673701059e-01, -3.426324218940940e-01
  1.650000000000000e+00,  2.453329354981875e-01, -6.398451536709586e-01,  4.218004281577328e-01,  5.363954290022563e-01,  1.081205797604218e+00,  1.588609059976488e-01,  6.120345087496376e-01,  1.085356306751240e+00,  1.073927100939073e+00,  3.906510382174661e-01,  2.612789440557080e+00, -8.546967841506117e-01, -3.303193526960054e-01
  1.660000000000000e+00,  2.433819743348224e-01, -6.371851805823843e-01,  4.183194261181973e-01,  5.322066897164072e-01,  1.080143384281093e+00,  1.591749163487122e-01,  6.185572807943140e-01,  1.067150130244179e+00,  1.062034602706660e+00,  4.137232684554253e-01,  2.631416891200447e+00, -8.923220471346189e-01, -3.156652254105276e-01
  1.670000000000000e+00,  2.411659406344914e-01, -6.341402798212588e-01,  4.143735078229948e-01,  5.274435508090767e-01,  1.078914804816513e+00,  1.595074322749447e-01,  6.249259420210606e-01,  1.047880860276593e+00,  1.049397992387302e+00,  4.387796024484018e-01,  2.652739590397133e+00, -9.333754606809981e-01, -2.983602253460821e-01
  1.680000000000000e+00,  2.386826289923209e-01, -6.307116405930172e-01,  4.099712943952116e-01,  5.221036530499406e-01,  1.077504269978781e+00,  1.598489524990090e-01,  6.310906977084884e-01,  1.027820825057856e+00,  1.036181765444761e+00,  4.656263974419696e-01,  2.676737473716308e+00, -9.772798424567412e-01, -2.781182790231866e-01
  1.690000000000000e+00,  2.359283773443405e-01, -6.268975509196962e-01,  4.051191196229278e-01,  5.161811031024072e-01,  1.075893807368247e+00,  1.601888760239884e-01,  6.370397337634569e-01,  1.007179000066714e+00,  1.022512399897541e+00,  4.941015778567399e-01,  2.703415768646735e+00, -1.023527655057001e+00, -2.546884646781389e-01
  1.700000000000000e+00,  2.328983120010254e-01, -6.226938920755801e-01,  3.998216269605802e-01,  5.096670205173103e-01,  1.074063128018937e+00,  1.605153073142542e-01,  6.427967171201543e-01,  9.861069324965942e-01,  1.008479191298586e+00,  5.240701677125178e-01,  2.732810298396542e+00, -1.071683036431699e+00, -2.278573811426881e-01
  1.710000000000000e+00,  2.295855780511110e-01, -6.180934516361903e-01,  3.940807715408477e-01,  5.025479838069322e-01,  1.071988736998125e+00,  1.608149338966669e-01,  6.484264454507824e-01,  9.646896302691513e-01,  9.941257584343463e-01,  5.554335040345633e-01,  2.765067844023616e+00, -1.121421238827621e+00, -1.973921960089451e-01
  1.720000000000000e+00,  2.259854339325553e-01, -6.130912829794115e-01,  3.879027187529999e-01,  4.948146870379011e-01,  1.069646430432806e+00,  1.610724786102925e-01,  6.540039849916363e-01,  9.430067238113127e-01,  9.794825350229188e-01,  5.880766895199926e-01,  2.800195560569609e+00, -1.172402797711394e+00, -1.632169882383631e-01
  1.730000000000000e+00,  2.220891267869447e-01, -6.076775951675555e-01,  3.812882511123555e-01,  4.864492295222155e-01,  1.067006600179041e+00,  1.612710546874469e-01,  6.596631606579311e-01,  9.210414940512559e-01,  9.645081151936782e-01,  6.219499266603362e-01,  2.838536048210306e+00, -1.224506661040052e+00, -1.250632166132183e-01
  1.740000000000000e+00,  2.178917177778680e-01, -6.018478283851435e-01,  3.742455930098937e-01,  4.774416334721317e-01,  1.064039540773962e+00,  1.613914734130294e-01,  6.655393729413495e-01,  8.987901371244882e-01,  9.491485309470162e-01,  6.569761734723218e-01,  2.880283898191289e+00, -1.277600665678771e+00, -8.281308121940063e-02
  1.750000000000000e+00,  2.133857718483619e-01, -5.955957530866270e-01,  3.667808367133640e-01,  4.677769156078868e-01,  1.060710359448495e+00,  1.614125659470505e-01,  6.718219306077776e-01,  8.761640472037959e-01,  9.332709194566532e-01,  6.931298694864745e-01,  2.926040360444880e+00, -1.331776656319247e+00, -3.607325441952484e-02
  1.760000000000000e+00,  2.085690801487038e-01, -5.889236817299658e-01,  3.589102816386032e-01,  4.574514966532593e-01,  1.056984838916987e+00,  1.613110575160012e-01,  6.787008878179428e-01,  8.530839284798660e-01,  9.167116066387740e-01,  7.303607837786292e-01,  2.976393542058656e+00, -1.387185534340034e+00,  1.551754367390035e-02
  1.770000000000000e+00,  2.034429770094240e-01, -5.818417452468096e-01,  3.506580916167779e-01,  4.464701661006760e-01,  1.052828315522959e+00,  1.610622020790503e-01,  6.863872672110176e-01,  8.294345161779316e-01,  8.992382596423290e-01,  7.686230820977525e-01,  3.032241162204852e+00, -1.444181518252626e+00,  7.254412175014115e-02
  1.780000000000000e+00,  1.980153140395273e-01, -5.743732689980521e-01,  3.420611650953325e-01,  4.348529522011303e-01,  1.048208630557035e+00,  1.606407641770727e-01,  6.951002546883308e-01,  8.050744238222101e-01,  8.805441362244238e-01,  8.078521983265454e-01,  3.094849259790049e+00, -1.503381395308449e+00,  1.358714235217537e-01
  1.790000000000000e+00,  1.923090735757471e-01, -5.665664810610164e-01,  3.331813394111509e-01,  4.226536423527238e-01,  1.043105756446718e+00,  1.600233575295669e-01,  7.050043457021725e-01,  7.799152871473026e-01,  8.602933916690846e-01,  8.479021852454971e-01,  3.165533239636937e+00, -1.565669105770455e+00,  2.063945934438841e-01
  1.800000000000000e+00,  1.863617188123958e-01, -5.584963133663992e-01,  3.241040102281331e-01,  4.099594563960877e-01,  1.037513955802806e+00,  1.591914788747690e-01,  7.162225682973330e-01,  7.538675851217085e-01,  8.380843398313923e-01,  8.885452332448844e-01,  3.246099318973890e+00, -1.632535351059354e+00,  2.854014196442511e-01
  1.810000000000000e+00,  1.802400797090153e-01, -5.502806150223561e-01,  3.149558259948900e-01,  3.969217250031307e-01,  1.031462386340539e+00,  1.581372184766783e-01,  7.286886684700197e-01,  7.270296840171913e-01,  8.136062274887138e-01,  9.293635291379830e-01,  3.337860972346577e+00, -1.706140671170542e+00,  3.738023135674851e-01
  1.820000000000000e+00,  1.740420006335854e-01, -5.420765289819749e-01,  3.059001781382580e-01,  3.837576809206404e-01,  1.025026321700793e+00,  1.568688332967332e-01,  7.420624530761035e-01,  6.997730518670012e-01,  7.867725446036684e-01,  9.697490850325130e-01,  3.441062858198263e+00, -1.789691807438249e+00,  4.717105548270584e-01
  1.830000000000000e+00,  1.678926371353434e-01, -5.340591975680721e-01,  2.971193073098993e-01,  3.707373138458515e-01,  1.018336003654938e+00,  1.554136617257445e-01,  7.555945069732273e-01,  6.729291317669907e-01,  7.579954393620719e-01,  1.008993494163042e+00,  3.553271264447538e+00, -1.887473662598227e+00,  5.772066913271173e-01
  1.840000000000000e+00,  1.619130600262041e-01, -5.263637870958097e-01,  2.887593130225469e-01,  3.581111928651727e-01,  1.011550841148340e+00,  1.538107092060831e-01,  7.682013581209816e-01,  6.477207174829240e-01,  7.282853652574888e-01,  1.046594491258636e+00,  3.668676962411654e+00, -2.004510473258776e+00,  6.857907953788784e-01
  1.850000000000000e+00,  1.561787214245938e-01, -5.190252549376545e-01,  2.808723498182830e-01,  3.460202586569897e-01,  1.004808010108537e+00,  1.520935441942087e-01,  7.787380523707782e-01,  6.254566434505425e-01,  6.990693140654927e-01,  1.082603460017306e+00,  3.778588990559224e+00, -2.144748645230776e+00,  7.905794961760532e-01
  1.860000000000000e+00,  1.506930317418434e-01, -5.119729219927613e-01,  2.734036378905753e-01,  3.344490780920850e-01,  9.981682308868179e-01,  1.502753968811505e-01,  7.864847465967915e-01,  6.069036296911959e-01,  6.715248740876563e-01,  1.117641084191105e+00,  3.875101732876469e+00, -2.308602072834308e+00,  8.848571001927825e-01
  1.870000000000000e+00,  1.454099765224038e-01, -5.050977434372228e-01,  2.662496763729008e-01,  3.232859580124530e-01,  9.916179931332106e-01,  1.483519035681148e-01,  7.913403223581129e-01,  5.920166420595097e-01,  6.461031604464398e-01,  1.152466182348855e+00,  3.954336690419530e+00, -2.491004995980647e+00,  9.643947989539458e-01
  1.880000000000000e+00,  1.402760311837378e-01, -4.983185608481863e-01,  2.593230336909323e-01,  3.124154939948380e-01,  9.851131948403922e-01,  1.463142887134085e-01,  7.936158896456218e-01,  5.802071292783747e-01,  6.226213624107974e-01,  1.187573939294097e+00,  4.016617822445124e+00, -2.681348795006618e+00,  1.027710933373241e+00
  1.890000000000000e+00,  1.352544797709224e-01, -4.916068240505018e-01,  2.525793618573863e-01,  3.017677529915235e-01,  9.786145271184233e-01,  1.441596761850023e-01,  7.937795971739632e-01,  5.706796551126480e-01,  6.005501364529564e-01,  1.223055058743203e+00,  4.065367123529688e+00, -2.867994152833865e+00,  1.075847106067113e+00
  1.900000000000000e+00,  1.303288998438865e-01, -4.849715723249227e-01,  2.460088075152665e-01,  2.913192425503044e-01,  9.721024075616359e-01,  1.418930408262851e-01,  7.922416472759319e-01,  5.627314396584641e-01,  5.793498112643657e-01,  1.258730421245050e+00,  4.104873926572274e+00, -3.042878016096481e+00,  1.111208641785462e+00
  1.910000000000000e+00,  1.254972167121068e-01, -4.784419099045265e-01,  2.396212033264718e-01,  2.810770636763392e-01,  9.655753613016280e-01,  1.395258052653470e-01,  7.893099750182621e-01,  5.558076831405215e-01,  5.585783980239130e-01,  1.294273079908511e+00,  4.139305684755445e+00, -3.204541078018825e+00,  1.136966313648643e+00
  1.920000000000000e+00,  1.207629100562063e-01, -4.720451822322858e-01,  2.334283065519317e-01,  2.710569457620178e-01,  9.590427264632844e-01,  1.370712508198940e-01,  7.851595813959699e-01,  5.495617974589563e-01,  5.379861072755593e-01,  1.329390180568486e+00,  4.171451066647376e+00, -3.354264684676228e+00,  1.155591561566253e+00
  1.930000000000000e+00,  1.161321241989299e-01, -4.658083846688854e-01,  2.274428035359673e-01,  2.612787353786528e-01,  9.525194588260987e-01,  1.345443486423520e-01,  7.799089404653090e-01,  5.437390067664110e-01,  5.174102965635333e-01,  1.363791787302959e+00,  4.203503434958631e+00, -3.495826565123229e+00,  1.169176460109772e+00
  1.940000000000000e+00,  1.116092929913305e-01, -4.597493411430810e-01,  2.216711899067366e-01,  2.517561901066310e-01,  9.460206651334282e-01,  1.319587242358371e-01,  7.736175896717926e-01,  5.381978598630678e-01,  4.967934540214821e-01,  1.397281707770615e+00,  4.236555871636655e+00, -3.631035939091160e+00,  1.178692282956817e+00
  1.950000000000000e+00,  1.071970998959943e-01, -4.538808643652398e-01,  2.161162214697038e-01,  2.424982520054534e-01,  9.395598720448037e-01,  1.293270026198417e-01,  7.663262026428778e-01,  5.328441911534132e-01,  4.761142612414923e-01,  1.429706558455685e+00,  4.271229697251501e+00, -3.760371568931680e+00,  1.184535595422186e+00
  1.960000000000000e+00,  1.028903797368296e-01, -4.481957893020762e-01,  2.107660137030903e-01,  2.334941787548680e-01,  9.331412047304651e-01,  1.266550283130889e-01,  7.580213857106696e-01,  5.276951258191106e-01,  4.554452936119872e-01,  1.461082263667804e+00,  4.306605992392048e+00, -3.878406442567522e+00,  1.186139958312801e+00
  1.970000000000000e+00,  9.866734428717319e-02, -4.426419671078411e-01,  2.055771094685985e-01,  2.246912992422077e-01,  9.267480404113847e-01,  1.239316854190898e-01,  7.485872877113565e-01,  5.229489421494068e-01,  4.350519032978692e-01,  1.491809818750873e+00,  4.338055047636977e+00, -3.966230617457927e+00,  1.181715090729941e+00
  1.980000000000000e+00,  9.449951297084867e-02, -4.371423751881152e-01,  2.004914025337597e-01,  2.160183960583272e-01,  9.203542594912768e-01,  1.211346105971478e-01,  7.378828035463839e-01,  5.188542799949113e-01,  4.153087985032134e-01,  1.522551442304678e+00,  4.358300079435090e+00, -4.000765748197200e+00,  1.170337401618109e+00
  1.990000000000000e+00,  9.039254384106596e-02, -4.317050975669338e-01,  1.955139323831777e-01,  2.074880801284839e-01,  9.139742983909120e-01,  1.182714572323422e-01,  7.260081928277838e-01,  5.152910467703228e-01,  3.962277218481453e-01,  1.553332001179621e+00,  4.366182388733829e+00, -3.986690386230279e+00,  1.154283784856649e+00
  2.000000000000000e+00,  8.637234171170098e-02, -4.263966081955859e-01,  1.906894626973721e-01,  1.991643751431081e-01,  9.076478713659740e-01,  1.153730989205995e-01,  7.131932950203111e-01,  5.119579999870064e-01,  3.775662346728196e-01,  1.583676061193693e+00,  4.365649682366130e+00, -3.944600375699748e+00,  1.136287413022760e+00
  2.010000000000000e+00,  8.245612249198209e-02, -4.212635422567513e-01,  1.860469067058338e-01,  1.910899490273414e-01,  9.014050626654213e-01,  1.124649017348048e-01,  6.996037516518507e-01,  5.086773217372408e-01,  3.591695416563317e-01,  1.613241233119906e+00,  4.359601699879687e+00, -3.887550498597021e+00,  1.117602099664065e+00
  2.020000000000000e+00,  7.865435124932134e-02, -4.163342194824978e-01,  1.816017961130275e-01,  1.832900380651017e-01,  8.952683570903481e-01,  1.095665333399607e-01,  6.853605257999790e-01,  5.053532814940720e-01,  3.409645170691327e-01,  1.641812550936479e+00,  4.349749755992542e+00, -3.822410991755882e+00,  1.098638863713886e+00
  2.030000000000000e+00,  7.497364217168467e-02, -4.116253705714722e-01,  1.773616335869649e-01,  1.757795223029853e-01,  8.892557455032576e-01,  1.066938897762273e-01,  6.705629423618588e-01,  5.019369957512929e-01,  3.229295003734859e-01,  1.669256815719149e+00,  4.337050239682504e+00, -3.752711884461648e+00,  1.079430595216208e+00
  2.040000000000000e+00,  7.141880364500262e-02, -4.071475599857627e-01,  1.733299012101670e-01,  1.685680969713637e-01,  8.833829545091643e-01,  1.038608248087870e-01,  6.553041796723127e-01,  4.984001856622856e-01,  3.050678737335670e-01,  1.695476721723159e+00,  4.322142966837951e+00, -3.680652837883623e+00,  1.059899955750629e+00
  2.050000000000000e+00,  6.799233846404933e-02, -4.029041376977155e-01,  1.695054611409761e-01,  1.616592335359171e-01,  8.776624004593904e-01,  1.010782800265813e-01,  6.396685573559001e-01,  4.947467408510319e-01,  2.874117312474080e-01,  1.720433252605131e+00,  4.305209687712116e+00, -3.607092083037069e+00,  1.039847959359030e+00
  2.060000000000000e+00,  6.469717824224760e-02, -3.988985829646181e-01,  1.658876222218429e-01,  1.550569773855873e-01,  8.721067712852542e-01,  9.835730767004755e-02,  6.237495075282581e-01,  4.909665829578711e-01,  2.699857165665995e-01,  1.744058657628893e+00,  4.286698661506473e+00, -3.533541960850895e+00,  1.019229655292560e+00
  2.070000000000000e+00,  6.153413466185298e-02, -3.951281093525171e-01,  1.624718023460715e-01,  1.487598909437529e-01,  8.667253134083711e-01,  9.570598644338627e-02,  6.076318116445589e-01,  4.870810643758081e-01,  2.528370273790772e-01,  1.766342153778454e+00,  4.266647593612483e+00, -3.460477346362894e+00,  9.979018794288315e-01
  2.080000000000000e+00,  5.850456689915113e-02, -3.915907796058888e-01,  1.592543487834668e-01,  1.427676224155357e-01,  8.615275164973215e-01,  9.313255911869024e-02,  5.914083098441373e-01,  4.830923434657475e-01,  2.360003242872615e-01,  1.787239135051225e+00,  4.245419943607743e+00, -3.389101477745479e+00,  9.759121113598779e-01
  2.090000000000000e+00,  5.560825106608950e-02, -3.882802077526568e-01,  1.562289518799894e-01,  1.370758816034329e-01,  8.565199884780668e-01,  9.064281719572248e-02,  5.751642765551357e-01,  4.790258455229170e-01,  2.195238913557448e-01,  1.806748351048232e+00,  4.223095299790466e+00, -3.319886652379074e+00,  9.532386736886225e-01
  2.100000000000000e+00,  5.284449255770397e-02, -3.851886378923198e-01,  1.533887026641832e-01,  1.316792304310671e-01,  8.517079978558110e-01,  8.824143398327607e-02,  5.589833952793996e-01,  4.749098540255211e-01,  2.034549532204247e-01,  1.824875993644631e+00,  4.199760068464127e+00, -3.253260188814328e+00,  9.298980669921056e-01
  2.110000000000000e+00,  5.021288682538098e-02, -3.823090977520824e-01,  1.507274750448956e-01,  1.265729798690562e-01,  8.470966033174356e-01,  8.593298866145836e-02,  5.429515150992176e-01,  4.707541504608680e-01,  1.878283083700782e-01,  1.841604737455851e+00,  4.175758496239559e+00, -3.190031981073702e+00,  9.060644430634769e-01
  2.120000000000000e+00,  4.771179721279671e-02, -3.796316673556877e-01,  1.482374165257554e-01,  1.217496465408551e-01,  8.426883845571476e-01,  8.372003618942039e-02,  5.271448793168991e-01,  4.665894725535556e-01,  1.726869102832800e-01,  1.856958551227278e+00,  4.151176481820258e+00, -3.130373407223857e+00,  8.818139990683317e-01
  2.130000000000000e+00,  4.533925906738939e-02, -3.771459772934064e-01,  1.459105699960853e-01,  1.172011866731731e-01,  8.384847835600460e-01,  8.160429133113770e-02,  5.116350107207116e-01,  4.624470416515836e-01,  1.580696103341259e-01,  1.870969304764982e+00,  4.126106781883943e+00, -3.074383841342965e+00,  8.572400715223983e-01
  2.140000000000000e+00,  4.309372945787344e-02, -3.748432889745397e-01,  1.437401823709494e-01,  1.129208201681299e-01,  8.344872784575709e-01,  7.958770308434025e-02,  4.964926680103344e-01,  4.583331371674960e-01,  1.439997789493523e-01,  1.883643743741903e+00,  4.100917637528437e+00, -3.022495132269470e+00,  8.325904106944489e-01
  2.150000000000000e+00,  4.097260238827476e-02, -3.727127924344116e-01,  1.417182488616442e-01,  1.088995678702268e-01,  8.306951527220688e-01,  7.767050362094187e-02,  4.817768670291365e-01,  4.542764814031742e-01,  1.305071937789651e-01,  1.895031328054641e+00,  4.075699511332046e+00, -2.974585973978049e+00,  8.079766813205690e-01
  2.160000000000000e+00,  3.897306583179648e-02, -3.707439031830526e-01,  1.398369854996366e-01,  1.051283159485654e-01,  8.271068250490320e-01,  7.585238551666612e-02,  4.675400072325130e-01,  4.503049246320188e-01,  1.176162595159228e-01,  1.905189497790337e+00,  4.050537731492597e+00, -2.930486945138633e+00,  7.835073012525575e-01
  2.170000000000000e+00,  3.709276726449493e-02, -3.689280496883243e-01,  1.380899444102702e-01,  1.015993951118141e-01,  8.237209262874899e-01,  7.413348599087766e-02,  4.538317974281013e-01,  4.464159700793834e-01,  1.053351149383921e-01,  1.914147929209370e+00,  4.025809283220747e+00, -2.890366084639927e+00,  7.594480555706355e-01
  2.180000000000000e+00,  3.532844204309155e-02, -3.672551563178704e-01,  1.364697234447379e-01,  9.830336768299841e-02,  8.205342208024188e-01,  7.251250469971530e-02,  4.406897723502650e-01,  4.426336337226418e-01,  9.367845747547626e-02,  1.921980219365476e+00,  4.001574843889876e+00, -2.853922767609803e+00,  7.358911516152146e-01
  2.190000000000000e+00,  3.367667887854069e-02, -3.657156195365109e-01,  1.349692291744029e-01,  9.523082793346932e-02,  8.175428272794116e-01,  7.098778014478876e-02,  4.281444292850284e-01,  4.389814246443527e-01,  8.265623887726084e-02,  1.928766282478103e+00,  3.977878155623181e+00, -2.820847732334067e+00,  7.129133196585998e-01
  2.200000000000000e+00,  3.213461101167168e-02, -3.643020963267899e-01,  1.335827970209385e-01,  9.237400662379033e-02,  8.147433479592979e-01,  6.955831848304382e-02,  4.162235510492914e-01,  4.354470476223478e-01,  7.226210988235530e-02,  1.934553514893775e+00,  3.955077093101750e+00, -2.791183677384276e+00,  6.907594041294651e-01
  2.210000000000000e+00,  3.069853269025177e-02, -3.630058527073652e-01,  1.323038579774857e-01,  8.972351582766556e-02,  8.121307495251444e-01,  6.822181274942077e-02,  4.049436404989880e-01,  4.320512385043422e-01,  6.249816415333017e-02,  1.939432815531525e+00,  3.933173424143153e+00, -2.764570511178292e+00,  6.694718174763922e-01
  2.220000000000000e+00,  2.936469771040716e-02, -3.618187739999673e-01,  1.311262224661093e-01,  8.727019503904174e-02,  8.096996491805185e-01,  6.697578544759172e-02,  3.943154328977257e-01,  4.288144613802041e-01,  5.336268882473959e-02,  1.943497634496864e+00,  3.912147631912396e+00, -2.740665005241409e+00,  6.490733629410392e-01
  2.230000000000000e+00,  2.812991387716205e-02, -3.607348892566718e-01,  1.300450312914007e-01,  8.500647648489636e-02,  8.074452900644886e-01,  6.581849101616756e-02,  3.843476176453083e-01,  4.257165861559689e-01,  4.483870009343256e-02,  1.946802885597275e+00,  3.892326997536320e+00, -2.719486011290627e+00,  6.297757872331844e-01
  2.240000000000000e+00,  2.699030117904907e-02, -3.597469965372459e-01,  1.290546352945671e-01,  8.292344877783342e-02,  8.053616267343076e-01,  6.474707032855717e-02,  3.750399737494482e-01,  4.227764569399268e-01,  3.691913861795567e-02,  1.949445031851272e+00,  3.873647131828856e+00, -2.700685690729486e+00,  6.115648425749465e-01
  2.250000000000000e+00,  2.594217856251557e-02, -3.588489366181763e-01,  1.281500300697779e-01,  8.101290369417627e-02,  8.034427500386156e-01,  6.375886458367364e-02,  3.663890971756015e-01,  4.199984738972905e-01,  2.959043508853880e-02,  1.951505354211959e+00,  3.856153387646961e+00, -2.684055273206169e+00,  5.944822405474398e-01
  2.260000000000000e+00,  2.498186211360737e-02, -3.580349842533196e-01,  1.273264760793610e-01,  7.926683521252514e-02,  8.016825994545258e-01,  6.285111648496318e-02,  3.583876482568436e-01,  4.173859047425015e-01,  2.283709586455491e-02,  1.953062566621258e+00,  3.839877423388673e+00, -2.669399802760798e+00,  5.785568118690190e-01
  2.270000000000000e+00,  2.410554291040616e-02, -3.572994374210756e-01,  1.265792495573977e-01,  7.767712418462590e-02,  8.000747965068220e-01,  6.202077756602895e-02,  3.510242624925161e-01,  4.149527679189163e-01,  1.664518791039042e-02,  1.954202202389113e+00,  3.824735645736034e+00, -2.656454749141732e+00,  5.637470637899950e-01
  2.280000000000000e+00,  2.330984454721500e-02, -3.566381050396331e-01,  1.259045601343519e-01,  7.623682972175665e-02,  7.986135423898230e-01,  6.126538143783956e-02,  3.442865176520726e-01,  4.126761687252152e-01,  1.098989138330858e-02,  1.954973259644151e+00,  3.810945420931107e+00, -2.645227403045074e+00,  5.501787681186381e-01
  2.290000000000000e+00,  2.259096996840324e-02, -3.560458904136744e-01,  1.252980652060848e-01,  7.493815618148873e-02,  7.972922949606486e-01,  6.058171366095162e-02,  3.381573735186995e-01,  4.105696027777936e-01,  5.855439287282279e-03,  1.955452888289922e+00,  3.798388003174131e+00, -2.635468424612494e+00,  5.377826348002839e-01
  2.300000000000000e+00,  2.194529442384273e-02, -3.555183891461779e-01,  1.247558557223181e-01,  7.377383291224210e-02,  7.961047155277324e-01,  5.996673973306380e-02,  3.326183030299425e-01,  4.086332690734882e-01,  1.221845250392484e-03,  1.955701124004556e+00,  3.787043546376492e+00, -2.627033124776080e+00,  5.265422443809652e-01
  2.310000000000000e+00,  2.136907820325901e-02, -3.550510595129214e-01,  1.242739467157248e-01,  7.273642265616319e-02,  7.950442283045245e-01,  5.941715964453359e-02,  3.276483524324274e-01,  4.068780467082550e-01, -2.928595101548025e-03,  1.955781028377898e+00,  3.776788714719369e+00, -2.619718953606609e+00,  5.163795184736854e-01
  2.320000000000000e+00,  2.085900240429587e-02, -3.546407224485467e-01,  1.238491886455003e-01,  7.181957897833526e-02,  7.941048714704007e-01,  5.893027585962837e-02,  3.232263611399523e-01,  4.052778757121936e-01, -6.623484106805972e-03,  1.955719971233420e+00,  3.767788512040360e+00, -2.613554867122027e+00,  5.073770957227306e-01
  2.330000000000000e+00,  2.041131581806500e-02, -3.542831468705625e-01,  1.234777921611197e-01,  7.101602264205002e-02,  7.932799606823591e-01,  5.850264145996224e-02,  3.193279405693846e-01,  4.038431502554353e-01, -9.881333981611255e-03,  1.955569164656450e+00,  3.759892879160198e+00, -2.608349387866981e+00,  4.994365885288082e-01
  2.340000000000000e+00,  2.002234129477631e-02, -3.539744552516206e-01,  1.231561856260377e-01,  7.031872786941076e-02,  7.925628925018448e-01,  5.813087332992965e-02,  3.159277421284634e-01,  4.025822626117023e-01, -1.272204496921919e-02,  1.955372417301279e+00,  3.752947992010998e+00, -2.603925052397015e+00,  4.924534611979705e-01
  2.350000000000000e+00,  1.968854046448674e-02, -3.537114395411775e-01,  1.228811803686804e-01,  6.972110705090839e-02,  7.919472332172549e-01,  5.781181300373197e-02,  3.129990047138128e-01,  4.014670223071396e-01, -1.517386558411403e-02,  1.955138085268723e+00,  3.747106782612472e+00, -2.600340416865462e+00,  4.865003357145443e-01
  2.360000000000000e+00,  1.940613807195494e-02, -3.534903548276731e-01,  1.226492586022519e-01,  6.921607942993115e-02,  7.914261480061283e-01,  5.754188641774114e-02,  3.105133460266959e-01,  4.005046916049378e-01, -1.725789427392261e-02,  1.954898590300102e+00,  3.742195543667531e+00, -2.597426039734748e+00,  4.814571604096404e-01
  2.370000000000000e+00,  1.917115052542485e-02, -3.533071545398317e-01,  1.224566880356562e-01,  6.879617855264437e-02,  7.909924272792701e-01,  5.731720813678309e-02,  3.084401903340416e-01,  3.997025329082132e-01, -1.899524675143614e-02,  1.954680420977022e+00,  3.738043578969886e+00, -2.595031221778944e+00,  4.772069608758714e-01
  2.380000000000000e+00,  1.898151013006216e-02, -3.531606028385009e-01,  1.223018969297027e-01,  6.845774955892463e-02,  7.906422205068767e-01,  5.713609473397270e-02,  3.067618887472513e-01,  3.990294286786283e-01, -2.040902713606653e-02,  1.954476268826465e+00,  3.734813742565140e+00, -2.593235944388755e+00,  4.738259028229869e-01
  2.390000000000000e+00,  1.883065581382233e-02, -3.530447138471627e-01,  1.221790982129759e-01,  6.818878032625067e-02,  7.903635405685847e-01,  5.699211180599081e-02,  3.054238859471823e-01,  3.984840700164953e-01, -2.153908095231296e-02,  1.954301640744895e+00,  3.732274164144620e+00, -2.591866644836819e+00,  4.711407493727401e-01
  2.400000000000000e+00,  1.870774455931545e-02, -3.529507958910382e-01,  1.220792875328970e-01,  6.796980659763474e-02,  7.901364097331504e-01,  5.687487435491499e-02,  3.043318828183733e-01,  3.980427045321894e-01, -2.246229353592681e-02,  1.954159528602079e+00,  3.730129954931913e+00, -2.590720778581165e+00,  4.688978919627568e-01
