Main.Studies.MarkerTracking.t,Main.Studies.MarkerTracking.JointAngleOutputs.OutputFile_LeftArm.ThoraxClavicula[0],Main.Studies.MarkerTracking.JointAngleOutputs.OutputFile_LeftArm.ThoraxClavicula[1],Main.Studies.MarkerTracking.JointAngleOutputs.OutputFile_LeftArm.ThoraxClavicula[2],Main.Studies.MarkerTracking.JointAngleOutputs.OutputFile_LeftArm.ClaviculaScapula[0],Main.Studies.MarkerTracking.JointAngleOutputs.OutputFile_LeftArm.ClaviculaScapula[1],Main.Studies.MarkerTracking.JointAngleOutputs.OutputFile_LeftArm.ClaviculaScapula[2],Main.Studies.MarkerTracking.JointAngleOutputs.OutputFile_LeftArm.ScapulaHumerus[0],Main.Studies.MarkerTracking.JointAngleOutputs.OutputFile_LeftArm.ScapulaHumerus[1],Main.Studies.MarkerTracking.JointAngleOutputs.OutputFile_LeftArm.ScapulaHumerus[2],Main.Studies.MarkerTracking.JointAngleOutputs.OutputFile_LeftArm.HumerusUlna,Main.Studies.MarkerTracking.JointAngleOutputs.OutputFile_LeftArm.UlnaRadius,Main.Studies.MarkerTracking.JointAngleOutputs.OutputFile_LeftArm.RadiusWrist,Main.Studies.MarkerTracking.JointAngleOutputs.OutputFile_LeftArm.WristHand
  5.000000000000000e-01, -2.438336431894508e-02, -2.259868679552991e-01,  5.077189051420180e-02, -2.878901385964476e-02,  7.194761693680958e-01, -2.291467264437755e-02,  1.062939174468432e-01,  4.477036535563889e-01,  3.582731399307916e-01,  2.722631741848516e-01, -2.061364797070583e+00, -6.228352504436571e-01,  5.266636615324336e-01
  5.100000000000000e-01, -2.436385872755685e-02, -2.236063182101498e-01,  4.985225541509637e-02, -2.926655777813287e-02,  7.197593254326728e-01, -2.374551939440950e-02,  1.141537147071596e-01,  4.409814815996144e-01,  3.756009337566611e-01,  2.718808546614195e-01, -2.057693536247933e+00, -6.265537333580153e-01,  5.330258162802328e-01
  5.200000000000000e-01, -2.434697772571070e-02, -2.212017414747672e-01,  4.892311151249102e-02, -2.975061324688587e-02,  7.200411234117189e-01, -2.458699794555554e-02,  1.223694364506478e-01,  4.336725016218759e-01,  3.929673723047856e-01,  2.715791447336899e-01, -2.053841575644185e+00, -6.304244020898625e-01,  5.396944123875436e-01
  5.300000000000000e-01, -2.433345069068311e-02, -2.187582785060971e-01,  4.797842705852591e-02, -3.024528202029930e-02,  7.203217026677271e-01, -2.544509231548638e-02,  1.309875475426511e-01,  4.258030338768235e-01,  4.104641052782854e-01,  2.713720910209499e-01, -2.050002812014561e+00, -6.345063124733301e-01,  5.466728081888216e-01
  5.400000000000000e-01, -2.432414991649731e-02, -2.162748466961099e-01,  4.701748958191162e-02, -3.075192883256803e-02,  7.205995056572174e-01, -2.632100714564353e-02,  1.400397536656688e-01,  4.172860281147577e-01,  4.280695440946495e-01,  2.712482458476829e-01, -2.045962769314890e+00, -6.387799909459607e-01,  5.539918563101696e-01
  5.500000000000000e-01, -2.431906553084907e-02, -2.137543905968608e-01,  4.604150292064722e-02, -3.126978720042815e-02,  7.208743021004665e-01, -2.721365647662950e-02,  1.495307963682161e-01,  4.081682206457694e-01,  4.457538473254914e-01,  2.711991937515691e-01, -2.041905092886859e+00, -6.432564914461670e-01,  5.616159966630079e-01
  5.600000000000001e-01, -2.431871373314462e-02, -2.111986541695660e-01,  4.505099507501571e-02, -3.179911386953634e-02,  7.211449369962605e-01, -2.812289468018989e-02,  1.594793503348352e-01,  3.984139899370017e-01,  4.634816708295217e-01,  2.712080000345279e-01, -2.037751512860657e+00, -6.479170589596011e-01,  5.695443303454247e-01
  5.700000000000001e-01, -2.432362553847821e-02, -2.086084943656841e-01,  4.404614546834502e-02, -3.234037258566253e-02,  7.214103137432202e-01, -2.904890822821288e-02,  1.699017346724340e-01,  3.880126334995059e-01,  4.812251968319121e-01,  2.712562609676759e-01, -2.033501570552870e+00, -6.527490331847208e-01,  5.777612666381774e-01
  5.800000000000000e-01, -2.433425129551601e-02, -2.059851308394097e-01,  4.302730724235975e-02, -3.289383497646915e-02,  7.216694531411864e-01, -2.999167762106551e-02,  1.808133041931821e-01,  3.769582575980194e-01,  4.989546486717403e-01,  2.713241728617617e-01, -2.029158441030599e+00, -6.577367286179006e-01,  5.862473388021316e-01
  5.900000000000000e-01, -2.435148929323212e-02, -2.033280589343069e-01,  4.199399461864869e-02, -3.346077410518333e-02,  7.219206625178022e-01, -3.095223496987234e-02,  1.922292330806981e-01,  3.652453896837741e-01,  5.166464207295826e-01,  2.713841089934900e-01, -2.024731958703786e+00, -6.628597834833334e-01,  5.949730618657960e-01
  6.000000000000000e-01, -2.437608194501716e-02, -2.006375444504062e-01,  4.094608584376635e-02, -3.404207240523920e-02,  7.221624729226239e-01, -3.193118864357669e-02,  2.041624945693008e-01,  3.528762577503549e-01,  5.342734047129346e-01,  2.714085863886177e-01, -2.020238720498337e+00, -6.680951484003379e-01,  6.039046343468610e-01
  6.100000000000000e-01, -2.440921274953069e-02, -1.979122987641532e-01,  3.988269451471855e-02, -3.463955840288020e-02,  7.223926975271909e-01, -3.293013237457410e-02,  2.166244556560671e-01,  3.398570521092398e-01,  5.518141358771134e-01,  2.713634354582753e-01, -2.015707760425361e+00, -6.734159553245700e-01,  6.129966641461713e-01
  6.200000000000000e-01, -2.445226536367845e-02, -1.951506740790374e-01,  3.880272889235564e-02, -3.525540699303296e-02,  7.226087836793900e-01, -3.395098622987246e-02,  2.296241163984727e-01,  3.261978524253680e-01,  5.692472750377012e-01,  2.712115961348143e-01, -2.011169450910509e+00, -6.787905876136349e-01,  6.221963955901506e-01
  6.300000000000000e-01, -2.450704260312991e-02, -1.923497804348202e-01,  3.770447121064471e-02, -3.589262703119224e-02,  7.228074707677401e-01, -3.499652510465143e-02,  2.431668979126598e-01,  3.119172822648372e-01,  5.865560820616309e-01,  2.709120403976115e-01, -2.006673855395243e+00, -6.841856197409451e-01,  6.314390018223980e-01
  6.400000000000000e-01, -2.457574545720272e-02, -1.895057606209629e-01,  3.658569761698623e-02, -3.655496520035464e-02,  7.229848022047545e-01, -3.607026202882962e-02,  2.572534030288605e-01,  2.970440368530975e-01,  6.037272667130451e-01,  2.704216891741588e-01, -2.002289728996229e+00, -6.895669512817442e-01,  6.406484709927325e-01
  6.500000000000000e-01, -2.466113366899345e-02, -1.866134763860174e-01,  3.544350281860802e-02, -3.724718855398552e-02,  7.231358379424800e-01, -3.717671885948508e-02,  2.718784649118709e-01,  2.816161763834025e-01,  6.207516295336984e-01,  2.696944963035043e-01, -1.998095018019636e+00, -6.948984737885617e-01,  6.497359510577069e-01
  6.600000000000000e-01, -2.476668076605245e-02, -1.836649792324352e-01,  3.427366425378876e-02, -3.797559094115238e-02,  7.232545148151516e-01, -3.832212179049627e-02,  2.870210154349332e-01,  2.657239972914641e-01,  6.376404724189610e-01,  2.686873325145396e-01, -1.994316510418322e+00, -7.001767730468369e-01,  6.585852989080110e-01
  6.700000000000000e-01, -2.489591558474079e-02, -1.806565835877232e-01,  3.307360948716593e-02, -3.874564935067736e-02,  7.233341756971787e-01, -3.951125829718418e-02,  3.026789475454774e-01,  2.493437898356651e-01,  6.543572966954951e-01,  2.673543470071199e-01, -1.990787375683122e+00, -7.053044616273728e-01,  6.671308296308991e-01
  6.799999999999999e-01, -2.505356904300221e-02, -1.775779186868301e-01,  3.183779646311458e-02, -3.956579859457127e-02,  7.233664931663190e-01, -4.075247915548272e-02,  3.188105922471580e-01,  2.326023696269015e-01,  6.709245967506396e-01,  2.656580310180611e-01, -1.987778412507792e+00, -7.102868670039902e-01,  6.752355894420458e-01
  6.899999999999999e-01, -2.524459463818013e-02, -1.744208851772080e-01,  3.056152537937295e-02, -4.044425498864534e-02,  7.233424336405060e-01, -4.205357654039273e-02,  3.353763501389350e-01,  2.155787752898793e-01,  6.873414462335226e-01,  2.635668332877825e-01, -1.985359513105538e+00, -7.150845452770909e-01,  6.827914194327316e-01
  7.000000000000000e-01, -2.547448296584040e-02, -1.711765306075940e-01,  2.923963172851948e-02, -4.139006361192352e-02,  7.232519774940613e-01, -4.342320563803078e-02,  3.523191944507095e-01,  1.983857704632152e-01,  7.036162192683753e-01,  2.610587564847709e-01, -1.983643852753054e+00, -7.196734374045229e-01,  6.896838714652679e-01
  7.100000000000000e-01, -2.574885343782767e-02, -1.678370773574325e-01,  2.786742011693602e-02, -4.241211168120549e-02,  7.230847126042601e-01, -4.486977548900786e-02,  3.695701316319424e-01,  1.811426951514561e-01,  7.197534796307127e-01,  2.581244363021005e-01, -1.982694249479168e+00, -7.240229977155743e-01,  6.958119003741241e-01
  7.200000000000000e-01, -2.607330693059199e-02, -1.643959902627401e-01,  2.644074709611392e-02, -4.351890132352895e-02,  7.228301263005587e-01, -4.640128914065027e-02,  3.870446126492579e-01,  1.639867053399882e-01,  7.357583844702240e-01,  2.547686389896998e-01, -1.982551091662281e+00, -7.281052664482863e-01,  7.010873435659228e-01
  7.300000000000000e-01, -2.645391589177014e-02, -1.608453835854531e-01,  2.495486073241663e-02, -4.471972463779409e-02,  7.224769231573726e-01, -4.802675355595270e-02,  4.046264805439302e-01,  1.471219504061162e-01,  7.516611091641054e-01,  2.510072304261768e-01, -1.983361416171281e+00, -7.319347527611294e-01,  7.054123612663143e-01
  7.400000000000000e-01, -2.689500269526205e-02, -1.571853130412051e-01,  2.340873829032765e-02, -4.601977206097437e-02,  7.220164347004568e-01, -4.975071077573617e-02,  4.222113069003075e-01,  1.306751546981935e-01,  7.674481798108791e-01,  2.468761801184735e-01, -1.984985284865086e+00, -7.354568470723941e-01,  7.087602617886160e-01
  7.500000000000000e-01, -2.740127658815781e-02, -1.534135442646422e-01,  2.180041022148091e-02, -4.742509982720080e-02,  7.214395024309850e-01, -5.157896741886077e-02,  4.396559347319229e-01,  1.148628697985206e-01,  7.831456152805218e-01,  2.424183723652350e-01, -1.987465203471033e+00, -7.386842404320390e-01,  7.110852673991372e-01
  7.600000000000000e-01, -2.797567285036415e-02, -1.495341827475608e-01,  2.013100332766984e-02, -4.893798624112627e-02,  7.207398394933431e-01, -5.351340899253276e-02,  4.568235083130870e-01,  9.985038442755870e-02,  7.987531672242568e-01,  2.376900927354111e-01, -1.990669039469612e+00, -7.415943567064165e-01,  7.123964206213513e-01
  7.700000000000000e-01, -2.862046079791871e-02, -1.455524978626865e-01,  1.840235716650351e-02, -5.055949551941911e-02,  7.199124043207674e-01, -5.555492023652753e-02,  4.735603558101756e-01,  8.582731089743419e-02,  8.142844359665374e-01,  2.327513192122804e-01, -1.994511218152300e+00, -7.441938459037986e-01,  7.127116357189842e-01
  7.800000000000000e-01, -2.933650429882407e-02, -1.414774190764539e-01,  1.661820948584590e-02, -5.228801790419182e-02,  7.189546038462922e-01, -5.770175987418583e-02,  4.897138054410921e-01,  7.295952385849981e-02,  8.297461056795336e-01,  2.276652865810452e-01, -1.998859693159136e+00, -7.464902908559850e-01,  7.120770064143794e-01
  7.900000000000000e-01, -3.012347039691103e-02, -1.373203564644749e-01,  1.478364696498498e-02, -5.411983050860526e-02,  7.178660110190564e-01, -5.995016924089420e-02,  5.051313795940963e-01,  6.139762884549026e-02,  8.451444378072154e-01,  2.224941017856977e-01, -2.003583933399579e+00, -7.485040026781664e-01,  7.105543524180998e-01
  8.000000000000000e-01, -3.097935650581296e-02, -1.330965115974840e-01,  1.290573004519944e-02, -5.604826359701801e-02,  7.166491575437860e-01, -6.229341501560325e-02,  5.196746772266969e-01,  5.124786773802594e-02,  8.604720303043937e-01,  2.172989403685353e-01, -2.008520329756351e+00, -7.502553273606356e-01,  7.082292430744449e-01
  8.100000000000001e-01, -3.190135298087103e-02, -1.288216417804528e-01,  1.099194517080099e-02, -5.806553636396414e-02,  7.153081705870596e-01, -6.472377222189629e-02,  5.332064644453719e-01,  4.261190913499300e-02,  8.757290280784110e-01,  2.121344302474708e-01, -2.013570506042107e+00, -7.517882752860489e-01,  7.051821005825306e-01
  8.200000000000001e-01, -3.288454366937599e-02, -1.245160895050743e-01,  9.052129436562011e-03, -6.016030711830732e-02,  7.138508955399767e-01, -6.722976469687757e-02,  5.456219313067473e-01,  3.551925744089730e-02,  8.908888291691354e-01,  2.070554172958374e-01, -2.018588816569833e+00, -7.531356257547859e-01,  7.015191351629412e-01
  8.300000000000001e-01, -3.392278818242808e-02, -1.202013641307141e-01,  7.096847657577756e-03, -6.231956998883267e-02,  7.122875037321652e-01, -6.979822200782562e-02,  5.568377634010911e-01,  2.996730486975914e-02,  9.059197701702659e-01,  2.021133164782044e-01, -2.023474823881932e+00, -7.543408289785912e-01,  6.973457671118538e-01
  8.400000000000001e-01, -3.500828982706870e-02, -1.159010555762871e-01,  5.137849328584209e-03, -6.452796009489419e-02,  7.106312265741725e-01, -7.241347985138034e-02,  5.668087881927977e-01,  2.589655082889262e-02,  9.207736584739030e-01,  1.973602686471203e-01, -2.028140268807357e+00, -7.554460030225909e-01,  6.927770242000385e-01
  8.500000000000001e-01, -3.613149011778199e-02, -1.116406997869221e-01,  3.188019155814798e-03, -6.676769924650426e-02,  7.088985487512545e-01, -7.505727332143421e-02,  5.755421499741218e-01,  2.317525379425222e-02,  9.353800340012888e-01,  1.928512863342955e-01, -2.032493232748787e+00, -7.564858890198679e-01,  6.879428323819526e-01
  8.600000000000000e-01, -3.728197015135846e-02, -1.074444370431111e-01,  1.259815714730180e-03, -6.902043111505501e-02,  7.071077706745473e-01, -7.771079031798371e-02,  5.830884209580093e-01,  2.163556090761219e-02,  9.496673936870469e-01,  1.886434681623444e-01, -2.036501364319837e+00, -7.575023707802125e-01,  6.829697573123663e-01
  8.700000000000000e-01, -3.844877042986621e-02, -1.033335810540222e-01, -6.353590948317769e-04, -7.126788542266266e-02,  7.052785210943255e-01, -8.035546833275717e-02,  5.895513968963080e-01,  2.106850681889197e-02,  9.635660176092176e-01,  1.847982055633892e-01, -2.040186700595065e+00, -7.585417896423797e-01,  6.779835517971237e-01
  8.800000000000000e-01, -3.962004380467658e-02, -9.932880405723497e-02, -2.486235174316224e-03, -7.349104377366220e-02,  7.034321574818542e-01, -8.297185153033108e-02,  5.951077929151487e-01,  2.118046686044312e-02,  9.769825003470358e-01,  1.813799639479105e-01, -2.043524610823260e+00, -7.596294983769060e-01,  6.731308788844567e-01
  8.900000000000000e-01, -4.078477551723825e-02, -9.544590069980922e-02, -4.283778616885539e-03, -7.567312851356030e-02,  7.015888265960661e-01, -8.554285668901011e-02,  5.999676264677192e-01,  2.166915471085560e-02,  9.898343689696202e-01,  1.784493352078247e-01, -2.046527258867595e+00, -7.607911754865748e-01,  6.685461201947462e-01
  9.000000000000000e-01, -4.193344403748792e-02, -9.169510596149356e-02, -6.021610566084001e-03, -7.780051920262798e-02,  6.997662379461190e-01, -8.805472792958080e-02,  6.043563806928878e-01,  2.224540181868622e-02,  1.002056429191116e+00,  1.760585416933702e-01, -2.049237932918172e+00, -7.620513548261431e-01,  6.643441274774159e-01
  9.100000000000000e-01, -4.305825603096511e-02, -8.808223994386918e-02, -7.695616410618238e-03, -7.986280108937460e-02,  6.979790713150981e-01, -9.049693052888443e-02,  6.084920229206805e-01,  2.265294744031941e-02,  1.013599855719552e+00,  1.742471380708300e-01, -2.051709830604723e+00, -7.634292930809365e-01,  6.606160721531912e-01
  9.200000000000000e-01, -4.415326465731591e-02, -8.461002681934796e-02, -9.303461471810683e-03, -8.185264406423648e-02,  6.962385992234593e-01, -9.286187152011109e-02,  6.125594619628669e-01,  2.269107183475113e-02,  1.024432600041217e+00,  1.730374496675936e-01, -2.053994324424654e+00, -7.649370497756971e-01,  6.574235910882418e-01
  9.299999999999999e-01, -4.521381031527957e-02, -8.128045485372339e-02, -1.084352412301405e-02, -8.376463562816031e-02,  6.945535286581629e-01, -9.514353498888421e-02,  6.167040317991296e-01,  2.221029970311601e-02,  1.034530342148521e+00,  1.724352634572672e-01, -2.056114867984364e+00, -7.665754389459228e-01,  6.548051586292152e-01
  9.399999999999999e-01, -4.623691890075870e-02, -7.809255126955905e-02, -1.231580044450519e-02, -8.559609009821592e-02,  6.929295230841080e-01, -9.733870182961607e-02,  6.210208630239022e-01,  2.113874257543939e-02,  1.043896547916089e+00,  1.724330016254126e-01, -2.058134693854725e+00, -7.683507225911363e-01,  6.527643670183698e-01
  9.500000000000000e-01, -4.722011204175024e-02, -7.504733717542787e-02, -1.371972324393764e-02, -8.734470195514270e-02,  6.913709503503950e-01, -9.944400855128656e-02,  6.255562632376978e-01,  1.945317463856809e-02,  1.052535006282010e+00,  1.730094582122783e-01, -2.060075791797599e+00, -7.702572895246766e-01,  6.512882270321992e-01
  9.600000000000000e-01, -4.816366238988670e-02, -7.213961355201928e-02, -1.505780874395578e-02, -8.901270033510987e-02,  6.898774924171800e-01, -1.014612144637240e-01,  6.302742520145205e-01,  1.725726785261940e-02,  1.060507667363630e+00,  1.741259486872990e-01, -2.062087046128435e+00, -7.723107741638062e-01,  6.503030655272941e-01
  9.700000000000000e-01, -4.906104778629730e-02, -6.938542523348727e-02, -1.632282380771168e-02, -9.059025527388631e-02,  6.884595141279191e-01, -1.033774525246947e-01,  6.352667982986813e-01,  1.439823932634723e-02,  1.067718541853591e+00,  1.757624111338124e-01, -2.063863328934893e+00, -7.744399349508163e-01,  6.498725881487984e-01
  9.800000000000000e-01, -4.991356485079566e-02, -6.677861961579414e-02, -1.751793286075516e-02, -9.208107686169549e-02,  6.871147313024304e-01, -1.051959504131943e-01,  6.404333967079042e-01,  1.106246114900463e-02,  1.074257193031087e+00,  1.778702050093423e-01, -2.065588362636730e+00, -7.766660463165627e-01,  6.498922003973617e-01
  9.900000000000000e-01, -5.072018221748658e-02, -6.432088545090696e-02, -1.864273619964362e-02, -9.348462221939163e-02,  6.858444535902768e-01, -1.069147574801088e-01,  6.457110067789411e-01,  7.348194005371803e-03,  1.080157394982305e+00,  1.804060338938393e-01, -2.067281934937000e+00, -7.789776289863412e-01,  6.503040069561113e-01
  1.000000000000000e+00, -5.147800044615808e-02, -6.201925120602740e-02, -1.969434217910205e-02, -9.479712280969207e-02,  6.846529681613319e-01, -1.085280733607587e-01,  6.510725249888654e-01,  3.285377661847274e-03,  1.085413717467589e+00,  1.833329319298579e-01, -2.068840988846911e+00, -7.813404857348909e-01,  6.510890424940950e-01
  1.010000000000000e+00, -5.218803826667258e-02, -5.987010769070691e-02, -2.067483208362350e-02, -9.602139917542768e-02,  6.835382256913034e-01, -1.100380383242686e-01,  6.564039863727525e-01, -9.518702338227477e-04,  1.090104404206135e+00,  1.866019003077445e-01, -2.070399638079842e+00, -7.837621128478243e-01,  6.521493174304013e-01
  1.020000000000000e+00, -5.284786335250867e-02, -5.787942951161120e-02, -2.158179375147231e-02, -9.715436788721617e-02,  6.825037318467713e-01, -1.114397591203425e-01,  6.616616771353261e-01, -5.314467039160930e-03,  1.094236194142049e+00,  1.901788814464437e-01, -2.071887763405868e+00, -7.862141341781383e-01,  6.534577069629115e-01
  1.030000000000000e+00, -5.345629465238318e-02, -5.604973857790917e-02, -2.241440639194717e-02, -9.819502417430517e-02,  6.815509857181729e-01, -1.127309067609008e-01,  6.667791361291199e-01, -9.715486432372376e-03,  1.097840558861128e+00,  1.940273075804773e-01, -2.073306763705654e+00, -7.886802309105766e-01,  6.549649399798494e-01
  1.040000000000000e+00, -5.401232532705431e-02, -5.438303453101270e-02, -2.317206069892246e-02, -9.914260828128628e-02,  6.806812300114170e-01, -1.139095366999747e-01,  6.716933803770849e-01, -1.407364006095276e-02,  1.100949428315502e+00,  1.981117470497199e-01, -2.074661443169964e+00, -7.911438231611689e-01,  6.566226159698459e-01
  1.050000000000000e+00, -5.451473355378846e-02, -5.288195302022047e-02, -2.385382897204257e-02, -9.999593779159635e-02,  6.798960668639651e-01, -1.149732658408442e-01,  6.763447110491198e-01, -1.831441797102152e-02,  1.103591188070120e+00,  2.024025916650558e-01, -2.075959104226169e+00, -7.935901135052635e-01,  6.583875201426201e-01
  1.060000000000000e+00, -5.496236211911822e-02, -5.154892124446529e-02, -2.445884730439812e-02, -1.007538824913004e-01,  6.791970253158917e-01, -1.159198661374847e-01,  6.806787501059212e-01, -2.237087144801624e-02,  1.105792563044694e+00,  2.068727445333236e-01, -2.077209945421124e+00, -7.960047607696081e-01,  6.602190896457762e-01
  1.070000000000000e+00, -5.535410301895450e-02, -5.038621708976462e-02, -2.498628749390980e-02, -1.014153310359154e-01,  6.785855893120571e-01, -1.167472272185528e-01,  6.846471331766741e-01, -2.618424565290411e-02,  1.107577878720205e+00,  2.114977205449156e-01, -2.078425937150927e+00, -7.983738347484344e-01,  6.620798801261467e-01
  1.080000000000000e+00, -5.568865697984410e-02, -4.939669295584910e-02, -2.543502790604766e-02, -1.019787797192987e-01,  6.780635763018229e-01, -1.174528446647697e-01,  6.882063378721577e-01, -2.970314125071221e-02,  1.108967042179477e+00,  2.162586202037323e-01, -2.079621673342957e+00, -8.006856447796974e-01,  6.639379180856667e-01
  1.090000000000000e+00, -5.596475796132100e-02, -4.858312459998105e-02, -2.580394883498391e-02, -1.024427062578932e-01,  6.776327888968127e-01, -1.180342888051162e-01,  6.913198123688812e-01, -3.288517952955217e-02,  1.109976436577667e+00,  2.211389499952534e-01, -2.080810151950038e+00, -8.029286141761074e-01,  6.657652113929156e-01
  1.100000000000000e+00, -5.618154559523870e-02, -4.794717574062899e-02, -2.609240532576958e-02, -1.028061815499314e-01,  6.772944310428186e-01, -1.184899691729668e-01,  6.939578595256520e-01, -3.569491800154922e-02,  1.110622267403866e+00,  2.261215650515748e-01, -2.082007656511332e+00, -8.050906890971933e-01,  6.675337409080236e-01
  1.110000000000000e+00, -5.633761469260024e-02, -4.749217056541778e-02, -2.629896529863433e-02, -1.030672723593896e-01,  6.770505989761368e-01, -1.188171421044438e-01,  6.960952455764767e-01, -3.810500541039089e-02,  1.110912188760065e+00,  2.311983050583248e-01, -2.083226425040231e+00, -8.071633114398364e-01,  6.692257453035876e-01
  1.120000000000000e+00, -5.643209794866387e-02, -4.722000150471601e-02, -2.642281880033271e-02, -1.032248422213009e-01,  6.769025836438618e-01, -1.190141596732498e-01,  6.977130880256872e-01, -4.009365588419771e-02,  1.110854599501993e+00,  2.363596634961780e-01, -2.084483102428675e+00, -8.091376918324602e-01,  6.708225325088923e-01
  1.130000000000000e+00, -5.646440370198294e-02, -4.713192493451703e-02, -2.646341692214225e-02, -1.032781025517697e-01,  6.768512812346713e-01, -1.190799107399911e-01,  6.987996970442475e-01, -4.164745032631761e-02,  1.110455090932419e+00,  2.415967676478303e-01, -2.085789129955487e+00, -8.110041775672681e-01,  6.723086090069021e-01
  1.140000000000000e+00, -5.643365254509318e-02, -4.723019834148979e-02, -2.641972676105352e-02, -1.032256681929207e-01,  6.768980764953987e-01, -1.190126420464138e-01,  6.993468264557777e-01, -4.275852254338992e-02,  1.109712973784973e+00,  2.469081093611376e-01, -2.087154090099593e+00, -8.127569296110864e-01,  6.736767909755265e-01
  1.150000000000000e+00, -5.633994288676233e-02, -4.751450385907590e-02, -2.629186462483237e-02, -1.030676563905806e-01,  6.770428527766712e-01, -1.188125754208338e-01,  6.993537953859942e-01, -4.342507391917901e-02,  1.108630660383202e+00,  2.522870593828109e-01, -2.088588200840436e+00, -8.143873446475122e-01,  6.749163791975538e-01
  1.160000000000000e+00, -5.618337572342430e-02, -4.798475322783034e-02, -2.607981918773846e-02, -1.028040610078121e-01,  6.772855201546081e-01, -1.184798757608618e-01,  6.988239865200941e-01, -4.365098391245799e-02,  1.107206129143065e+00,  2.577317342458935e-01, -2.090097468024649e+00, -8.158890809452050e-01,  6.760232121704407e-01
  1.170000000000000e+00, -5.596424168186902e-02, -4.864056095625061e-02, -2.578369281916710e-02, -1.024350637120378e-01,  6.776257196138387e-01, -1.180150372577351e-01,  6.977650251131483e-01, -4.344532628933490e-02,  1.105434556024676e+00,  2.632432821718870e-01, -2.091684486797003e+00, -8.172574619782018e-01,  6.769978873651860e-01
  1.180000000000000e+00, -5.568400324212883e-02, -4.947848087523651e-02, -2.540496967873519e-02, -1.019626715366077e-01,  6.780612690579381e-01, -1.174209091419682e-01,  6.961917504030953e-01, -4.282285313566211e-02,  1.103315594764190e+00,  2.688165191038462e-01, -2.093350680689040e+00, -8.184843294334052e-01,  6.778367003005529e-01
  1.190000000000000e+00, -5.534342421990791e-02, -5.049732642206443e-02, -2.494408765543517e-02, -1.013876059733242e-01,  6.785911014323318e-01, -1.166988172505564e-01,  6.941263109179043e-01, -4.181321901851134e-02,  1.100835327507770e+00,  2.744532737916126e-01, -2.095052505757810e+00, -8.195596329972002e-01,  6.785550203874890e-01
  1.200000000000000e+00, -5.494628974829183e-02, -5.168742890659343e-02, -2.440534246978639e-02, -1.007155484424360e-01,  6.792094141276380e-01, -1.158563234843932e-01,  6.915686744236577e-01, -4.039654302111947e-02,  1.098021784342162e+00,  2.801551346219155e-01, -2.096942078248515e+00, -8.205037924893690e-01,  6.791182567533782e-01
  1.210000000000000e+00, -5.449428149489682e-02, -5.304548336131047e-02, -2.379012987923553e-02, -9.994856141834357e-02,  6.799136979485034e-01, -1.148965154986669e-01,  6.885543858977929e-01, -3.862002005273818e-02,  1.094857230489106e+00,  2.859206472420449e-01, -2.098939473539693e+00, -8.213009109756321e-01,  6.795505878991094e-01
  1.220000000000000e+00, -5.398993739803965e-02, -5.456588809836992e-02, -2.310088711640595e-02, -9.909007073353486e-02,  6.807000980965899e-01, -1.138242173422035e-01,  6.851208753799564e-01, -3.652996615250771e-02,  1.091329861114541e+00,  2.917465222920944e-01, -2.100976997550210e+00, -8.219368918631005e-01,  6.798717305383988e-01
  1.230000000000000e+00, -5.343724143059241e-02, -5.623899211036720e-02, -2.234190408505406e-02, -9.814589542387614e-02,  6.815624707602602e-01, -1.126472300565207e-01,  6.812884943310765e-01, -3.413924599140188e-02,  1.087451763168915e+00,  2.976351677400096e-01, -2.103115776295787e+00, -8.224221797103153e-01,  6.800746862823125e-01
  1.240000000000000e+00, -5.284027036006017e-02, -5.805500001790887e-02, -2.151754950960350e-02, -9.712199512606780e-02,  6.824944977169601e-01, -1.113735062997134e-01,  6.770935657809446e-01, -3.148626243375274e-02,  1.083224853271413e+00,  3.035814383623955e-01, -2.105333782410832e+00, -8.227512302136755e-01,  6.801679139257419e-01
  1.250000000000000e+00, -5.220296481114332e-02, -6.000451194804213e-02, -2.063201700249791e-02, -9.602411174685310e-02,  6.834900553620848e-01, -1.100107103462415e-01,  6.725698407558234e-01, -2.860623164236658e-02,  1.078651247057268e+00,  3.095857823354017e-01, -2.107619690958637e+00, -8.229253330297388e-01,  6.801629404424542e-01
  1.260000000000000e+00, -5.153001247373783e-02, -6.207592987902980e-02, -1.969052250365715e-02, -9.485929440611342e-02,  6.845418090534233e-01, -1.085680680206147e-01,  6.677514167640340e-01, -2.553158949320250e-02,  1.073740513100877e+00,  3.156453422656988e-01, -2.109979863941366e+00, -8.229478570980533e-01,  6.800649741996752e-01
  1.270000000000000e+00, -5.082605185094938e-02, -6.425767994944041e-02, -1.869828468844911e-02, -9.363457857241207e-02,  6.856424723741450e-01, -1.070547298524606e-01,  6.626727992026625e-01, -2.229560183585800e-02,  1.068502419938468e+00,  3.217585241308124e-01, -2.112417430396989e+00, -8.228241480508638e-01,  6.798820443125452e-01
  1.280000000000000e+00, -5.009590014047716e-02, -6.653751452464664e-02, -1.766085036379373e-02, -9.235739610432374e-02,  6.867844418749407e-01, -1.054802555460887e-01,  6.573729593209920e-01, -1.893798911405880e-02,  1.062946999775336e+00,  3.279195267530089e-01, -2.114912173858823e+00, -8.225553540596061e-01,  6.796251606441734e-01
  1.290000000000000e+00, -4.934443208454631e-02, -6.890275248593859e-02, -1.658397988811963e-02, -9.103539911090647e-02,  6.879599966710296e-01, -1.038543952125597e-01,  6.518865386445619e-01, -1.549059807891772e-02,  1.057089764155520e+00,  3.341247351530524e-01, -2.117472138418405e+00, -8.221496918916381e-01,  6.793012215670503e-01
  1.300000000000000e+00, -4.857605842136376e-02, -7.134180275681097e-02, -1.547294626556674e-02, -8.967556738661582e-02,  6.891621272167919e-01, -1.021859987511870e-01,  6.462496673281484e-01, -1.198961276140022e-02,  1.050942835005594e+00,  3.403712706815737e-01, -2.120080371856391e+00, -8.216141509538930e-01,  6.789244224037555e-01
  1.310000000000000e+00, -4.779533248784490e-02, -7.384231494801108e-02, -1.433338597618254e-02, -8.828527336654861e-02,  6.903835776198207e-01, -1.004843078456110e-01,  6.404959967961451e-01, -8.465649525609376e-03,  1.044524198680375e+00,  3.466550828332217e-01, -2.122739602162503e+00, -8.209592164248876e-01,  6.785040116086508e-01
  1.320000000000000e+00, -4.700674386761941e-02, -7.639175863136928e-02, -1.317103305087944e-02, -8.687193821860079e-02,  6.916171756716762e-01, -9.875853156500371e-02,  6.346608030006318e-01, -4.951596547288314e-03,  1.037853285931405e+00,  3.529686445594196e-01, -2.125439755218244e+00, -8.201930264519723e-01,  6.780502263477831e-01
  1.330000000000000e+00, -4.621409109792613e-02, -7.897926828340876e-02, -1.199085974617883e-02, -8.544193233414199e-02,  6.928568421697772e-01, -9.701653547583666e-02,  6.287753988374469e-01, -1.476314496762352e-03,  1.030948035945443e+00,  3.593090167982568e-01, -2.128172187751565e+00, -8.193281866639704e-01,  6.775770390191975e-01
  1.340000000000000e+00, -4.542105965467322e-02, -8.159392190373806e-02, -1.079787237386406e-02, -8.400158375107061e-02,  6.940966741794862e-01, -9.526605968202506e-02,  6.228696790163630e-01,  1.934105609015373e-03,  1.023829420232409e+00,  3.656715578917362e-01, -2.130933008581680e+00, -8.183780273897090e-01,  6.770964086530430e-01
  1.350000000000000e+00, -4.463120099302741e-02, -8.422479170652641e-02, -9.597087071838678e-03, -8.255714392645881e-02,  6.953309829014958e-01, -9.351467927774557e-02,  6.169735189972705e-01,  5.253872861710421e-03,  1.016520460822181e+00,  3.720486359233656e-01, -2.133713473494106e+00, -8.173545153194328e-01,  6.766196053127693e-01
  1.360000000000000e+00, -4.384725458389518e-02, -8.686304551636904e-02, -8.392551642340639e-03, -8.111356219118440e-02,  6.965553810069812e-01, -9.176835619467072e-02,  6.111120321809136e-01,  8.461737475503500e-03,  1.009041325278484e+00,  3.784378546095272e-01, -2.136504034397406e+00, -8.162735123813998e-01,  6.761619682957777e-01
  1.370000000000000e+00, -4.307207451763079e-02, -8.949912902136620e-02, -7.188653077944755e-03, -7.967613265855396e-02,  6.977653066541106e-01, -9.003340618175998e-02,  6.053106337838040e-01,  1.153741880303764e-02,  1.001416431357437e+00,  3.848314778724300e-01, -2.139296916847966e+00, -8.151485586812425e-01,  6.757347607518711e-01
  1.380000000000000e+00, -4.230772801287559e-02, -9.212561322089792e-02, -5.988794523078299e-03, -7.824885055465859e-02,  6.989574634391825e-01, -8.831455611666998e-02,  5.995899299217585e-01,  1.446492703611374e-02,  9.936667183971927e-01,  3.912267231301425e-01, -2.142081397725299e+00, -8.139961244447039e-01,  6.753530794725322e-01
  1.390000000000000e+00, -4.155635704866384e-02, -9.473454455546335e-02, -4.796626594517533e-03, -7.683595758480599e-02,  7.001284464781434e-01, -8.661678073638933e-02,  5.939703789168147e-01,  1.722942231096745e-02,  9.858165183012245e-01,  3.976159690087299e-01, -2.144848512959621e+00, -8.128302805461471e-01,  6.750281551229685e-01
  1.400000000000000e+00, -4.081938493379460e-02, -9.732003313861330e-02, -3.614846246379114e-03, -7.544046910624237e-02,  7.012760049081611e-01, -8.494356771766462e-02,  5.884673214068058e-01,  1.982055834108000e-02,  9.778863218561821e-01,  4.039963659335223e-01, -2.147586441669919e+00, -8.116673236394091e-01,  6.747742779119932e-01
  1.410000000000000e+00, -4.009832134451162e-02, -9.987573796523846e-02, -2.446366774480862e-03, -7.406563474974691e-02,  7.023977574075293e-01, -8.329864413813674e-02,  5.830956200561123e-01,  2.222921788796488e-02,  9.698993457871865e-01,  4.103604422598355e-01, -2.150285277891399e+00, -8.105208548454901e-01,  6.746017501297742e-01
  1.420000000000000e+00, -3.939424744807270e-02, -1.023965978635463e-01, -1.293516160627376e-03, -7.271396775662198e-02,  7.034920077618322e-01, -8.168483436201839e-02,  5.778661861408334e-01,  2.444986752666450e-02,  9.618765317438299e-01,  4.167026366591717e-01, -2.152933742317403e+00, -8.094047319770116e-01,  6.745213669057432e-01
  1.430000000000000e+00, -3.870796746058525e-02, -1.048784299220481e-01, -1.582265044132575e-04, -7.138749951076642e-02,  7.045574982238108e-01, -8.010436224049863e-02,  5.727864967523750e-01,  2.648022591916410e-02,  9.538373520995630e-01,  4.230179210149458e-01, -2.155520116163486e+00, -8.083320826813184e-01,  6.745430061808209e-01
  1.440000000000000e+00, -3.804025620321761e-02, -1.073171594216117e-01,  9.576063755777733e-04, -7.008823009487107e-02,  7.055930131717147e-01, -7.855937985013867e-02,  5.678621494054199e-01,  2.832006632109987e-02,  9.458017109915245e-01,  4.292989072885837e-01, -2.158033737259804e+00, -8.073137677718619e-01,  6.746735837300673e-01
  1.450000000000000e+00, -3.739170756351141e-02, -1.097093762475535e-01,  2.052379341368410e-03, -6.881782860706388e-02,  7.065976157887145e-01, -7.705161616644494e-02,  5.630956352679242e-01,  2.997212904614930e-02,  9.377881856357522e-01,  4.355381279340493e-01, -2.160463989706915e+00, -8.063592208859591e-01,  6.749183203833052e-01
  1.460000000000000e+00, -3.676282238093471e-02, -1.120520753493563e-01,  3.124660800456189e-03, -6.757778792992535e-02,  7.075705066735047e-01, -7.558256017324387e-02,  5.584869040228714e-01,  3.144174085971260e-02,  9.298145836205418e-01,  4.417272207332856e-01, -2.162800856773512e+00, -8.054759129923673e-01,  6.752800348171845e-01
  1.470000000000000e+00, -3.615399975926908e-02, -1.143427088622809e-01,  4.173215295076817e-03, -6.636939927946311e-02,  7.085110367475773e-01, -7.415343427458908e-02,  5.540333190515482e-01,  3.273693174514513e-02,  9.218976698586004e-01,  4.478573814974681e-01, -2.165034804093940e+00, -8.046693969196672e-01,  6.757592407252878e-01
  1.480000000000000e+00, -3.556576256461116e-02, -1.165783652172150e-01,  5.196626675415122e-03, -6.519419241478167e-02,  7.094183564618020e-01, -7.276571426500980e-02,  5.497318860342568e-01,  3.386676470877004e-02,  9.140555083861990e-01,  4.539164133197928e-01, -2.167158718783104e+00, -8.039422076431250e-01,  6.763526052690377e-01
  1.490000000000000e+00, -3.499839372179885e-02, -1.187570602959668e-01,  6.193897876655817e-03, -6.405322244026956e-02,  7.102919885737875e-01, -7.142030249852170e-02,  5.455763554764578e-01,  3.484373596521351e-02,  9.063036590794450e-01,  4.598941669994533e-01, -2.169164670090727e+00, -8.032958093529968e-01,  6.770557605265237e-01
  1.500000000000000e+00, -3.445229944594659e-02, -1.208763732526334e-01,  7.163826591122501e-03, -6.294778959815543e-02,  7.111312668098629e-01, -7.011837971659207e-02,  5.415609440187236e-01,  3.568100389693317e-02,  8.986592447470704e-01,  4.657776111267181e-01, -2.171047705916280e+00, -8.027290267474838e-01,  6.778608194852286e-01
  1.510000000000000e+00, -3.392793606314561e-02, -1.229336410314648e-01,  8.105101100821186e-03, -6.187930789058041e-02,  7.119354586043035e-01, -6.886126095817333e-02,  5.376804690829237e-01,  3.639215245172481e-02,  8.911403756012396e-01,  4.715518090663617e-01, -2.172804306671637e+00, -8.022385179061183e-01,  6.787574277671411e-01
  1.520000000000000e+00, -3.342570896797874e-02, -1.249262681702798e-01,  9.016449751830302e-03, -6.084911317642834e-02,  7.127039307470671e-01, -6.765018348998607e-02,  5.339299308603183e-01,  3.699168624900268e-02,  8.837653430680300e-01,  4.772016592551127e-01, -2.174432491708383e+00, -8.018197199317660e-01,  6.797336770357476e-01
  1.530000000000000e+00, -3.294591748654458e-02, -1.268519076778721e-01,  9.896728333399081e-03, -5.985835370864131e-02,  7.134362390569300e-01, -6.648618791709983e-02,  5.303043730565519e-01,  3.749506918007217e-02,  8.765520298799564e-01,  4.827128476581733e-01, -2.175930768135493e+00, -8.014672130251681e-01,  6.807767268334977e-01
  1.540000000000000e+00, -3.248904062196828e-02, -1.287072751895335e-01,  1.074438187333210e-02, -5.890858574879676e-02,  7.141316970942171e-01, -6.537082564404949e-02,  5.268027395537423e-01,  3.791533112136184e-02,  8.695215474923229e-01,  4.880673990821323e-01, -2.177301461799292e+00, -8.011740419388419e-01,  6.818717243661945e-01
  1.550000000000000e+00, -3.205529552879383e-02, -1.304898823456349e-01,  1.155824113338785e-02, -5.800086686924937e-02,  7.147900549596780e-01, -6.430510200634992e-02,  5.234230992831782e-01,  3.826693249675897e-02,  8.626928595887888e-01,  4.932507201977762e-01, -2.178545991768909e+00, -8.009336266456724e-01,  6.830044777284295e-01
  1.560000000000000e+00, -3.164501682291185e-02, -1.321964992489286e-01,  1.233682112263264e-02, -5.713654175698248e-02,  7.154109218717030e-01, -6.329040239493168e-02,  5.201674673000514e-01,  3.856134025123471e-02,  8.560874254040718e-01,  4.982455940066302e-01, -2.179669086734072e+00, -8.007387688177509e-01,  6.841600345926467e-01
  1.570000000000000e+00, -3.125836444392185e-02, -1.338243610876461e-01,  1.307887205254166e-02, -5.631662884917496e-02,  7.159942087248086e-01, -6.232777315450276e-02,  5.170382550679335e-01,  3.880978545846882e-02,  8.497253249867310e-01,  5.030369966931207e-01, -2.180675496901544e+00, -8.005828280747002e-01,  6.853243433254502e-01
  1.580000000000000e+00, -3.089543205176204e-02, -1.353707615686821e-01,  1.378319200868854e-02, -5.554203762001542e-02,  7.165399591734716e-01, -6.141817547834545e-02,  5.140395269248282e-01,  3.902183777190432e-02,  8.436263503663624e-01,  5.076104754302935e-01, -2.181571138158512e+00, -8.004595609688000e-01,  6.864840489298927e-01
  1.590000000000000e+00, -3.055621199126124e-02, -1.368334647111814e-01,  1.444879419158075e-02, -5.481344636506941e-02,  7.170483703927536e-01, -6.056230722142864e-02,  5.111783029961120e-01,  3.919869363438402e-02,  8.378059094449011e-01,  5.119505390347154e-01, -2.182327171102482e+00, -8.003585213376765e-01,  6.876321563300701e-01
  1.600000000000000e+00, -3.024059654742590e-02, -1.382098516236766e-01,  1.507458950681204e-02, -5.413144765409368e-02,  7.175198951639971e-01, -5.976090130480485e-02,  5.084566759001056e-01,  3.936083933218929e-02,  8.322881198978744e-01,  5.160503694033907e-01, -2.183022272759506e+00, -8.002847446343433e-01,  6.887471063821629e-01
  1.610000000000000e+00, -2.994837723026200e-02, -1.394984308327142e-01,  1.565995204540680e-02, -5.349628513126821e-02,  7.179550588779601e-01, -5.901420104832991e-02,  5.058822404378728e-01,  3.950691736592983e-02,  8.270848290839751e-01,  5.198975625558330e-01, -2.183627920988132e+00, -8.002288446288101e-01,  6.898241744389638e-01
  1.620000000000000e+00, -2.967924165905633e-02, -1.406979845087672e-01,  1.620440321413798e-02, -5.290799240952998e-02,  7.183545706842011e-01, -5.832225379543768e-02,  5.034625478749305e-01,  3.963626666840251e-02,  8.222073482072458e-01,  5.234834789950626e-01, -2.184130687246147e+00, -8.001852210907613e-01,  6.908588857413634e-01
  1.630000000000000e+00, -2.943277892583442e-02, -1.418075210702566e-01,  1.670759306436714e-02, -5.236640709345701e-02,  7.187193183639320e-01, -5.768493336800592e-02,  5.011994147703873e-01,  3.976231506663372e-02,  8.176703619375949e-01,  5.268037111008207e-01, -2.184583523294389e+00, -8.001552362881837e-01,  6.918354299759406e-01
  1.640000000000000e+00, -2.920847177794660e-02, -1.428269749110335e-01,  1.716956612811376e-02, -5.187103577627757e-02,  7.190502992194406e-01, -5.710168883102372e-02,  4.990992707376513e-01,  3.988112314795131e-02,  8.134789291740215e-01,  5.298542308180756e-01, -2.184966060153826e+00, -8.001338838429479e-01,  6.927532560266525e-01
  1.650000000000000e+00, -2.900573636072442e-02, -1.437565909288645e-01,  1.759051776920890e-02, -5.142121557116896e-02,  7.193486144207230e-01, -5.657179908656818e-02,  4.971655842810206e-01,  3.999458154089788e-02,  8.096383646810515e-01,  5.326335620506315e-01, -2.185288471697440e+00, -8.001192906473429e-01,  6.936070619552869e-01
  1.660000000000000e+00, -2.882389452225383e-02, -1.445972596182402e-01,  1.797093012901214e-02, -5.101601538045229e-02,  7.196154843832080e-01, -5.609422794515978e-02,  4.954006361307525e-01,  4.010336996796617e-02,  8.061504564604459e-01,  5.351428208688527e-01, -2.185557587734089e+00, -8.001097768915584e-01,  6.943933587961358e-01
  1.670000000000000e+00, -2.866218807148521e-02, -1.453504650112594e-01,  1.831154796192516e-02, -5.065426430724077e-02,  7.198522261053931e-01, -5.566765655931286e-02,  4.938053040840287e-01,  4.020763475416122e-02,  8.030138362828403e-01,  5.373854989798464e-01, -2.185779859398405e+00, -8.001039483533284e-01,  6.951097535887675e-01
  1.680000000000000e+00, -2.851977070199562e-02, -1.460183305252138e-01,  1.861339889252345e-02, -5.033453181756216e-02,  7.200602638320701e-01, -5.529045898582750e-02,  4.923811828916129e-01,  4.030181931137294e-02,  8.002223758120917e-01,  5.393674491672451e-01, -2.185941126700475e+00, -8.000994636589164e-01,  6.957596273701425e-01
  1.690000000000000e+00, -2.839575443315307e-02, -1.466034531625024e-01,  1.887771439378232e-02, -5.005522302261503e-02,  7.202410546856460e-01, -5.496080673090208e-02,  4.911213859460311e-01,  4.039642636352070e-02,  7.977716351621362e-01,  5.410968926429142e-01, -2.186089375630220e+00, -8.000979074013618e-01,  6.963327312935613e-01
  1.700000000000000e+00, -2.828914611048217e-02, -1.471091576350051e-01,  1.910604765457624e-02, -4.981444444964050e-02,  7.203961863917810e-01, -5.467651540760622e-02,  4.900244026394430e-01,  4.048500764854859e-02,  7.956489856980781e-01,  5.425842419777739e-01, -2.186207914578327e+00, -8.000972302089542e-01,  6.968347217415642e-01
  1.710000000000000e+00, -2.819888948696148e-02, -1.475393117264152e-01,  1.930018863807473e-02, -4.961009727775954e-02,  7.205273139100793e-01, -5.443515136374138e-02,  4.890847295808083e-01,  4.056663324753559e-02,  7.938404218582477e-01,  5.438420890958409e-01, -2.186301132596776e+00, -8.000968545288776e-01,  6.972671569344318e-01
  1.720000000000000e+00, -2.812385664575696e-02, -1.478983563824966e-01,  1.946217773663100e-02, -4.943986126804605e-02,  7.206361727641983e-01, -5.423401206776506e-02,  4.882951924195074e-01,  4.064042218041376e-02,  7.923289799236377e-01,  5.448850705676194e-01, -2.186373235013263e+00, -8.000964143652990e-01,  6.976324296149931e-01
  1.730000000000000e+00, -2.806329567062171e-02, -1.481890930552689e-01,  1.959331156527883e-02, -4.930222536548266e-02,  7.207239374196754e-01, -5.407135019236690e-02,  4.876537659105469e-01,  4.070094138302002e-02,  7.911030976580561e-01,  5.457235570385198e-01, -2.186412733658033e+00, -8.000953527420105e-01,  6.979356490826500e-01
  1.740000000000000e+00, -2.801520121220649e-02, -1.484206676084433e-01,  1.969773113468475e-02, -4.919275732723948e-02,  7.207935628017278e-01, -5.394194038449020e-02,  4.871379799483962e-01,  4.075737297701642e-02,  7.901272875393025e-01,  5.463856642260767e-01, -2.186455743119771e+00, -8.000943584990989e-01,  6.981756659081679e-01
  1.750000000000000e+00, -2.797606278909246e-02, -1.486095590762068e-01,  1.978288570880430e-02, -4.910356793034470e-02,  7.208501761157680e-01, -5.383648023045549e-02,  4.867152882209759e-01,  4.080601081791212e-02,  7.893310166545136e-01,  5.469220022735446e-01, -2.186488114703018e+00, -8.000930383620187e-01,  6.983733136149780e-01
