Main.Studies.MarkerTracking.t,Main.Studies.MarkerTracking.JointAngleOutputs.OutputFile_RightLeg.HipFlexion,Main.Studies.MarkerTracking.JointAngleOutputs.OutputFile_RightLeg.HipAbduction,Main.Studies.MarkerTracking.JointAngleOutputs.OutputFile_RightLeg.HipExternalRotation,Main.Studies.MarkerTracking.JointAngleOutputs.OutputFile_RightLeg.KneeFlexion,Main.Studies.MarkerTracking.JointAngleOutputs.OutputFile_RightLeg.AnklePlantarFlexion,Main.Studies.MarkerTracking.JointAngleOutputs.OutputFile_RightLeg.SubTalarEversion
  3.000000000000000e-01, -1.970626168450186e-01,  1.247011958416921e-02,  2.264936995367494e-01,  1.243087294376048e-01, -6.310471591297197e-02,  3.142835930882276e-02
  3.100000000000000e-01, -2.013149171180409e-01,  1.184345502890993e-02,  2.276888956932132e-01,  1.236241161162321e-01, -6.136830272445443e-02,  2.927181966006428e-02
  3.200000000000000e-01, -2.051580197117770e-01,  1.125794574496997e-02,  2.288292541834182e-01,  1.229697654670449e-01, -5.953081581492865e-02,  2.724790789524375e-02
  3.300000000000000e-01, -2.085921077317022e-01,  1.071403802806747e-02,  2.299271208750320e-01,  1.223351181051654e-01, -5.757998792656334e-02,  2.534368951213243e-02
  3.400000000000000e-01, -2.115820228260151e-01,  1.021697890146500e-02,  2.309856636520196e-01,  1.217218401978350e-01, -5.551649656025640e-02,  2.355982881437373e-02
  3.500000000000000e-01, -2.140661477508788e-01,  9.771829696078038e-03,  2.320012619838593e-01,  1.211411486809728e-01, -5.335028048935575e-02,  2.190608331990970e-02
  3.600000000000000e-01, -2.160029179337803e-01,  9.385359839447327e-03,  2.329750793388209e-01,  1.205977254701314e-01, -5.108661486471232e-02,  2.038650978774706e-02
  3.700000000000000e-01, -2.173443958506277e-01,  9.061753661105953e-03,  2.339069446816114e-01,  1.200982916120500e-01, -4.873221058736571e-02,  1.900621899001904e-02
  3.800000000000000e-01, -2.180473295951853e-01,  8.805660662045911e-03,  2.347974322671594e-01,  1.196482387798130e-01, -4.629322867636421e-02,  1.776951555756470e-02
  3.900000000000000e-01, -2.180705097814861e-01,  8.621409369148347e-03,  2.356472115798082e-01,  1.192524857994386e-01, -4.377572220020981e-02,  1.668040627786517e-02
  4.000000000000000e-01, -2.173748362074070e-01,  8.512977656710996e-03,  2.364569241655574e-01,  1.189154928345960e-01, -4.118559274000713e-02,  1.574267453108092e-02
  4.100000000000000e-01, -2.159234125366494e-01,  8.483969373910938e-03,  2.372270656480158e-01,  1.186412712460483e-01, -3.852855052757732e-02,  1.495994861970123e-02
  4.200000000000000e-01, -2.136848651906178e-01,  8.538692004547377e-03,  2.379587366939806e-01,  1.184326978885705e-01, -3.580995163834211e-02,  1.433441336582362e-02
  4.300000000000000e-01, -2.106208286774361e-01,  8.677796200143417e-03,  2.386501452968533e-01,  1.182942836744865e-01, -3.303532760200859e-02,  1.387210837403926e-02
  4.400000000000000e-01, -2.067050787335529e-01,  8.904694387575018e-03,  2.393015694695644e-01,  1.182279751488346e-01, -3.020940417538084e-02,  1.357523488966276e-02
  4.500000000000000e-01, -2.019129254597511e-01,  9.222035016619667e-03,  2.399123304570606e-01,  1.182355652298592e-01, -2.733652055991122e-02,  1.344667845389448e-02
  4.600000000000000e-01, -1.962181701934526e-01,  9.629886787169584e-03,  2.404801209833871e-01,  1.183193538180253e-01, -2.442121959662017e-02,  1.349076202799036e-02
  4.700000000000000e-01, -1.896043739513308e-01,  1.013034720162076e-02,  2.410035045236609e-01,  1.184797703304906e-01, -2.146709150945569e-02,  1.370949647476891e-02
  4.800000000000000e-01, -1.820547510726585e-01,  1.072318048692034e-02,  2.414792168515102e-01,  1.187173976928702e-01, -1.847720792236900e-02,  1.410688340753075e-02
  4.900000000000000e-01, -1.735605683356880e-01,  1.140885558954752e-02,  2.419043962734321e-01,  1.190314313085621e-01, -1.545425342178773e-02,  1.468484892963110e-02
  5.000000000000000e-01, -1.641177870152705e-01,  1.218698369154825e-02,  2.422754560007371e-01,  1.194202464361900e-01, -1.240025813462755e-02,  1.544529136267738e-02
  5.100000000000000e-01, -1.537293427821317e-01,  1.305695534864681e-02,  2.425885270186938e-01,  1.198809302339605e-01, -9.316461168301144e-03,  1.638928331980102e-02
  5.200000000000000e-01, -1.424039751294351e-01,  1.401694984410784e-02,  2.428393931000824e-01,  1.204096188114523e-01, -6.203830636846670e-03,  1.751704316797574e-02
  5.300000000000000e-01, -1.301600679803308e-01,  1.506543354146683e-02,  2.430239685026910e-01,  1.210005680154616e-01, -3.062254846839756e-03,  1.882731862398866e-02
  5.400000000000000e-01, -1.170244798202030e-01,  1.620018290425795e-02,  2.431382539567788e-01,  1.216464867618762e-01,  1.089393719692973e-04,  2.031738703083141e-02
  5.500000000000000e-01, -1.030337840268005e-01,  1.741854710940860e-02,  2.431786014818765e-01,  1.223382816169523e-01,  3.311072852476222e-03,  2.198271931910546e-02
  5.600000000000001e-01, -8.823485932168106e-02,  1.871746590529533e-02,  2.431419290295538e-01,  1.230649731519032e-01,  6.546044582508291e-03,  2.381673839428269e-02
  5.700000000000001e-01, -7.268524498468541e-02,  2.009348567195879e-02,  2.430259316207082e-01,  1.238136859381700e-01,  9.816216490632069e-03,  2.581061577570657e-02
  5.800000000000001e-01, -5.645317257980469e-02,  2.154276984383263e-02,  2.428292755368475e-01,  1.245697380186254e-01,  1.312424017684780e-02,  2.795312896083391e-02
  5.900000000000001e-01, -3.961719075687926e-02,  2.306110156234742e-02,  2.425517637476433e-01,  1.253168518499174e-01,  1.647282317466422e-02,  3.023060861911492e-02
  6.000000000000000e-01, -2.226531848350263e-02,  2.464387902179399e-02,  2.421944611601958e-01,  1.260374982181859e-01,  1.986444591638688e-02,  3.262700510304432e-02
  6.100000000000000e-01, -4.493694312535206e-03,  2.628610535509313e-02,  2.417597683450872e-01,  1.267133709691808e-01,  2.330104812510254e-02,  3.512409516162926e-02
  6.200000000000000e-01,  1.359526475073124e-02,  2.798237589676478e-02,  2.412514349681255e-01,  1.273259758605067e-01,  2.678370571125507e-02,  3.770183530381636e-02
  6.300000000000000e-01,  3.189550854347482e-02,  2.972674971530531e-02,  2.406745215688828e-01,  1.278574131895603e-01,  3.031221926231596e-02,  4.033886363091629e-02
  6.399999999999999e-01,  5.029830114860188e-02,  3.151324099318265e-02,  2.400352482232442e-01,  1.282906178801833e-01,  3.388527546869816e-02,  4.301303442683486e-02
  6.499999999999999e-01,  6.869724222464572e-02,  3.333508320861012e-02,  2.393409122014482e-01,  1.286107380832217e-01,  3.749957633196474e-02,  4.570211676708746e-02
  6.600000000000000e-01,  8.698912953224149e-02,  3.518530244000329e-02,  2.385996472249763e-01,  1.288052397993287e-01,  4.115019095258610e-02,  4.838439874168088e-02
  6.700000000000000e-01,  1.050770426490563e-01,  3.705654354253096e-02,  2.378202161371549e-01,  1.288645680770952e-01,  4.483046467278583e-02,  5.103946488718020e-02
  6.800000000000000e-01,  1.228700887913222e-01,  3.894166881297445e-02,  2.370118002425501e-01,  1.287820561980858e-01,  4.853188379497578e-02,  5.364793132309940e-02
  6.899999999999999e-01,  1.402875646156270e-01,  4.083310909106874e-02,  2.361837449115256e-01,  1.285545568589545e-01,  5.224459208805669e-02,  5.619303543041498e-02
  7.000000000000000e-01,  1.572584575903690e-01,  4.272340158042942e-02,  2.353453589003601e-01,  1.281822586538840e-01,  5.595721946928628e-02,  5.866017226743995e-02
  7.100000000000000e-01,  1.737183706885790e-01,  4.460575318277638e-02,  2.345057405120698e-01,  1.276675641681964e-01,  5.965775909663219e-02,  6.103678747154830e-02
  7.200000000000000e-01,  1.896147630692930e-01,  4.647326379291483e-02,  2.336736005660754e-01,  1.270162616278447e-01,  6.333301184152336e-02,  6.331308733612089e-02
  7.300000000000000e-01,  2.049025336569441e-01,  4.831967101969714e-02,  2.328571364625700e-01,  1.262361226305127e-01,  6.696943769771818e-02,  6.548150218683217e-02
  7.400000000000000e-01,  2.195453165282359e-01,  5.013918929266814e-02,  2.320638799045218e-01,  1.253370467358488e-01,  7.055319319103107e-02,  6.753687196534726e-02
  7.500000000000000e-01,  2.335096423232113e-01,  5.192689225353009e-02,  2.313009005221770e-01,  1.243293663752053e-01,  7.407064040504509e-02,  6.947530256145176e-02
  7.600000000000000e-01,  2.467735988516790e-01,  5.367813631158436e-02,  2.305742511690569e-01,  1.232259655159158e-01,  7.750785200030863e-02,  7.129564778004698e-02
  7.700000000000000e-01,  2.593119852879637e-01,  5.538922065927432e-02,  2.298898875519686e-01,  1.220381393774589e-01,  8.085226588962514e-02,  7.299724071934600e-02
  7.800000000000000e-01,  2.711103262087203e-01,  5.705678652206525e-02,  2.292526623815787e-01,  1.207793528678741e-01,  8.409086535535684e-02,  7.458147586467370e-02
  7.900000000000000e-01,  2.821548426514500e-01,  5.867815387946274e-02,  2.286670102265919e-01,  1.194623820018732e-01,  8.721158072843629e-02,  7.605051394836697e-02
  8.000000000000000e-01,  2.924341551954148e-01,  6.025116043669687e-02,  2.281368661696147e-01,  1.180997146410172e-01,  9.020303657578585e-02,  7.740734441793801e-02
  8.100000000000001e-01,  3.019387416074574e-01,  6.177410689520002e-02,  2.276657385806026e-01,  1.167033476672782e-01,  9.305460515513521e-02,  7.865559622430099e-02
  8.200000000000001e-01,  3.106626331222312e-01,  6.324591982790184e-02,  2.272563424001471e-01,  1.152852877849575e-01,  9.575612911785480e-02,  7.979960434340583e-02
  8.300000000000001e-01,  3.185943032318314e-01,  6.466524027107612e-02,  2.269124357775230e-01,  1.138547263122288e-01,  9.829919303410167e-02,  8.084326122204485e-02
  8.400000000000001e-01,  3.257338102663914e-01,  6.603201394815161e-02,  2.266354471480310e-01,  1.124232894015009e-01,  1.006745396173962e-01,  8.179176165106584e-02
  8.500000000000001e-01,  3.320672984606563e-01,  6.734500045521274e-02,  2.264296241497731e-01,  1.109972219630623e-01,  1.028761967596697e-01,  8.264904755404573e-02
  8.600000000000001e-01,  3.375938548458431e-01,  6.860428708115252e-02,  2.262967172494087e-01,  1.095855938871926e-01,  1.048968047372900e-01,  8.342005853248051e-02
  8.700000000000001e-01,  3.423085921529182e-01,  6.980972074576197e-02,  2.262393057961444e-01,  1.081951552644496e-01,  1.067305465706495e-01,  8.410919229054573e-02
  8.800000000000001e-01,  3.462068101176208e-01,  7.096119968422054e-02,  2.262600943702878e-01,  1.068315941983447e-01,  1.083724095120038e-01,  8.472057514897109e-02
  8.900000000000001e-01,  3.492839451981163e-01,  7.205863440060312e-02,  2.263619760866351e-01,  1.054995243832454e-01,  1.098181766788701e-01,  8.525796931592998e-02
  8.999999999999999e-01,  3.515355073889859e-01,  7.310190677241546e-02,  2.265481034700254e-01,  1.042024681209514e-01,  1.110644267908463e-01,  8.572468407635199e-02
  9.099999999999999e-01,  3.529543294409470e-01,  7.409017299407905e-02,  2.268230309311142e-01,  1.029420204928583e-01,  1.121090686020765e-01,  8.612325945018447e-02
  9.199999999999999e-01,  3.535411636127918e-01,  7.502441177267904e-02,  2.271885599212088e-01,  1.017211187170843e-01,  1.129492263529945e-01,  8.645630588992241e-02
  9.299999999999999e-01,  3.532887825629966e-01,  7.590357703304162e-02,  2.276499981757395e-01,  1.005390977428637e-01,  1.135844347240715e-01,  8.672512300873646e-02
  9.399999999999999e-01,  3.521905331693729e-01,  7.672655285999519e-02,  2.282129834976461e-01,  9.939453714778669e-02,  1.140148310859892e-01,  8.693026702548551e-02
  9.500000000000000e-01,  3.502448351522461e-01,  7.749340284842043e-02,  2.288813660078453e-01,  9.828619622390553e-02,  1.142405209605688e-01,  8.707216204417770e-02
  9.600000000000000e-01,  3.474431432225163e-01,  7.820215922561879e-02,  2.296625187567713e-01,  9.721012180432721e-02,  1.142635491314869e-01,  8.714958366655627e-02
  9.700000000000000e-01,  3.437812216488307e-01,  7.885172584323152e-02,  2.305624146091427e-01,  9.616230829299835e-02,  1.140861554170582e-01,  8.716108349182868e-02
  9.800000000000000e-01,  3.392526474853920e-01,  7.944012164022518e-02,  2.315885037878801e-01,  9.513725101026095e-02,  1.137117926142354e-01,  8.710410650012991e-02
  9.900000000000000e-01,  3.338503618654349e-01,  7.996484724828767e-02,  2.327490154581466e-01,  9.412834905967531e-02,  1.131449157364077e-01,  8.697517157620326e-02
  1.000000000000000e+00,  3.275666623154345e-01,  8.042280674945235e-02,  2.340529702516298e-01,  9.312791233486793e-02,  1.123910420216957e-01,  8.676985673983802e-02
  1.010000000000000e+00,  3.203934130007931e-01,  8.081028958848147e-02,  2.355100761373040e-01,  9.212718262773470e-02,  1.114568134976540e-01,  8.648284088959622e-02
  1.020000000000000e+00,  3.123216913736384e-01,  8.112287232771664e-02,  2.371307878960081e-01,  9.111624722643408e-02,  1.103501258719233e-01,  8.610785691672919e-02
  1.030000000000000e+00,  3.033483191458933e-01,  8.135703300540231e-02,  2.389234324422507e-01,  9.008479451924081e-02,  1.090796198001289e-01,  8.563917402111126e-02
  1.040000000000000e+00,  2.934728592646548e-01,  8.150987402262788e-02,  2.408949662570843e-01,  8.902157752392552e-02,  1.076549909293527e-01,  8.507128204466503e-02
  1.050000000000000e+00,  2.827064491960373e-01,  8.158173970241078e-02,  2.430468586619630e-01,  8.791550563197371e-02,  1.060860678633933e-01,  8.440119360103211e-02
  1.060000000000000e+00,  2.710741631822021e-01,  8.157723471978473e-02,  2.453739040406274e-01,  8.675622972623750e-02,  1.043822619089185e-01,  8.362936679216829e-02
  1.070000000000000e+00,  2.586098359739381e-01,  8.150362797201671e-02,  2.478670025214716e-01,  8.553415875355345e-02,  1.025527212762568e-01,  8.275854081985931e-02
  1.080000000000000e+00,  2.453496482494739e-01,  8.136825248141033e-02,  2.505170070445924e-01,  8.424039410310614e-02,  1.006068064986141e-01,  8.179183290002505e-02
  1.090000000000000e+00,  2.313296572088782e-01,  8.117691909716895e-02,  2.533167080287236e-01,  8.286693610815225e-02,  9.855434933490559e-02,  8.073163844076081e-02
  1.100000000000000e+00,  2.165858296479337e-01,  8.093346750175634e-02,  2.562611551037974e-01,  8.140687622619130e-02,  9.640573497225499e-02,  7.957935195236730e-02
  1.110000000000000e+00,  2.011523689219953e-01,  8.063949861470876e-02,  2.593479593460749e-01,  7.985385350547985e-02,  9.417230400625227e-02,  7.833516926201926e-02
  1.120000000000000e+00,  1.850709148149189e-01,  8.029668083991170e-02,  2.625735434053278e-01,  7.820374435568030e-02,  9.186507327619128e-02,  7.700009120776202e-02
  1.130000000000000e+00,  1.683882578304617e-01,  7.990641786281949e-02,  2.659337481347432e-01,  7.645423525079467e-02,  8.949495061035367e-02,  7.557563195360582e-02
  1.140000000000000e+00,  1.511565173808430e-01,  7.947013155834659e-02,  2.694234463246304e-01,  7.460471275664279e-02,  8.707269528905853e-02,  7.406427227555601e-02
  1.150000000000000e+00,  1.334389383273997e-01,  7.899042151345670e-02,  2.730347257994388e-01,  7.265804545479113e-02,  8.460760784416987e-02,  7.247024593201409e-02
  1.160000000000000e+00,  1.153062933019093e-01,  7.847042258304482e-02,  2.767580299955699e-01,  7.061982644312520e-02,  8.210792935466188e-02,  7.079921729390606e-02
  1.170000000000000e+00,  9.683139639356449e-02,  7.791308409131803e-02,  2.805833317641127e-01,  6.849658020178716e-02,  7.958167814749686e-02,  6.905767482936390e-02
  1.180000000000000e+00,  7.809704405583227e-02,  7.732254809117345e-02,  2.844980500840870e-01,  6.629847774954006e-02,  7.703488585152304e-02,  6.725403943662130e-02
  1.190000000000000e+00,  5.919402786779030e-02,  7.670385499893717e-02,  2.884877150386015e-01,  6.403899478337369e-02,  7.447154129407309e-02,  6.539857624985294e-02
  1.200000000000000e+00,  4.021213403504977e-02,  7.606175258708969e-02,  2.925378275001004e-01,  6.173181992792796e-02,  7.189528205660885e-02,  6.350216307634123e-02
  1.210000000000000e+00,  2.124487227136587e-02,  7.540153172280650e-02,  2.966327452795247e-01,  5.939260661020183e-02,  6.930815552459807e-02,  6.157702605436903e-02
  1.220000000000000e+00,  2.386233438474297e-03,  7.472867617046974e-02,  3.007563442626948e-01,  5.703792019209670e-02,  6.671109834319749e-02,  5.963632495561147e-02
  1.230000000000000e+00, -1.627161653676596e-02,  7.404866546414945e-02,  3.048924655083399e-01,  5.468442796852784e-02,  6.410423800528418e-02,  5.769405131204484e-02
  1.240000000000000e+00, -3.463707167460510e-02,  7.336723842792248e-02,  3.090245518334181e-01,  5.234959766162130e-02,  6.148666496856646e-02,  5.576434796255280e-02
  1.250000000000000e+00, -5.262460569890469e-02,  7.268975700120794e-02,  3.131368278152740e-01,  5.004944405532807e-02,  5.885736953366170e-02,  5.386196529169376e-02
  1.260000000000000e+00, -7.015303411121844e-02,  7.202149645970968e-02,  3.172138471450779e-01,  4.779936893148412e-02,  5.621499076209400e-02,  5.200162466171000e-02
  1.270000000000000e+00, -8.714705663891933e-02,  7.136749170208878e-02,  3.212407931137845e-01,  4.561356890291771e-02,  5.355815569049358e-02,  5.019794609550969e-02
  1.280000000000000e+00, -1.035378324253724e-01,  7.073249156506844e-02,  3.252035725634508e-01,  4.350483757787683e-02,  5.088566766005151e-02,  4.846529439781490e-02
  1.290000000000000e+00, -1.192633213774883e-01,  7.012092683731286e-02,  3.290888657826599e-01,  4.148445258853374e-02,  4.819666180975710e-02,  4.681765464368014e-02
  1.300000000000000e+00, -1.342684272112134e-01,  6.953688924325352e-02,  3.328841377410732e-01,  3.956213700533747e-02,  4.549072574846509e-02,  4.526853740776949e-02
  1.310000000000000e+00, -1.485049849559561e-01,  6.898411892334644e-02,  3.365776201914941e-01,  3.774608135364460e-02,  4.276798668091701e-02,  4.383090820599657e-02
  1.320000000000000e+00, -1.619316367374535e-01,  6.846599804249620e-02,  3.401582751452865e-01,  3.604301129526671e-02,  4.002916818609915e-02,  4.251713183353235e-02
  1.330000000000000e+00, -1.745136340369015e-01,  6.798554842735927e-02,  3.436157475214253e-01,  3.445828615272932e-02,  3.727562076317410e-02,  4.133892524766195e-02
  1.340000000000000e+00, -1.862224560586710e-01,  6.754550837204976e-02,  3.469402911932739e-01,  3.299606800384850e-02,  3.450933639785368e-02,  4.030727297280926e-02
  1.350000000000000e+00, -1.970361651191471e-01,  6.714802514050078e-02,  3.501228185832511e-01,  3.165920355206173e-02,  3.173292451502353e-02,  3.943257926059215e-02
  1.360000000000000e+00, -2.069381092093213e-01,  6.679513796616288e-02,  3.531546862389242e-01,  3.044973125631322e-02,  2.894960678017127e-02,  3.872434737412996e-02
  1.370000000000000e+00, -2.159176912726958e-01,  6.648851450367887e-02,  3.560278867878413e-01,  2.936868040978961e-02,  2.616312075662494e-02,  3.819124522364933e-02
  1.380000000000000e+00, -2.239687430813775e-01,  6.622937202947710e-02,  3.587346813376321e-01,  2.841632320792134e-02,  2.337795493857358e-02,  3.784132277690624e-02
  1.390000000000000e+00, -2.310907626644254e-01,  6.601883132305475e-02,  3.612680700926132e-01,  2.759220216673724e-02,  2.059881828722088e-02,  3.768149875075123e-02
  1.400000000000000e+00, -2.372875927253744e-01,  6.585777699956497e-02,  3.636215137103956e-01,  2.689521430978839e-02,  1.783092744204117e-02,  3.771781759276714e-02
  1.410000000000000e+00, -2.425713794525294e-01,  6.574622762128612e-02,  3.657896841016993e-01,  2.632280180958422e-02,  1.508074654842980e-02,  3.795483326175002e-02
  1.420000000000000e+00, -2.469396083915904e-01,  6.568790351523246e-02,  3.677649677758625e-01,  2.587571773318667e-02,  1.235091284385682e-02,  3.839861723708004e-02
  1.430000000000000e+00, -2.504192008493515e-01,  6.568189724230167e-02,  3.695445334140300e-01,  2.554858133777892e-02,  9.649973059003062e-03,  3.905106128594017e-02
  1.440000000000000e+00, -2.530203032206727e-01,  6.573174297557038e-02,  3.711231374212819e-01,  2.533938829577027e-02,  6.982378819815308e-03,  3.991623741879847e-02
  1.450000000000000e+00, -2.547537594992505e-01,  6.584282355455184e-02,  3.724959848679948e-01,  2.524539693450776e-02,  4.352294526720517e-03,  4.099888094906882e-02
  1.460000000000000e+00, -2.556170361824190e-01,  6.602705081310800e-02,  3.736566393699135e-01,  2.526491170151236e-02,  1.760750873118728e-03,  4.230839724983528e-02
  1.470000000000000e+00, -2.555782433153167e-01,  6.630914163640367e-02,  3.745942956931429e-01,  2.539810907552186e-02, -7.967784023270672e-04,  4.386617546496063e-02
  1.480000000000000e+00, -2.544606233690185e-01,  6.677176045258415e-02,  3.752752592532023e-01,  2.565773095668847e-02, -3.352827396824386e-03,  4.574874010572900e-02
  1.490000000000000e+00, -2.544606233690185e-01,  6.677176045258415e-02,  3.752752592532023e-01,  2.565773095668847e-02, -3.352827396824386e-03,  4.574874010572900e-02
