Main.Studies.MarkerTracking.t,Main.Studies.MarkerTracking.JointAngleOutputs.OutputFile_LeftArm.ThoraxClavicula[0],Main.Studies.MarkerTracking.JointAngleOutputs.OutputFile_LeftArm.ThoraxClavicula[1],Main.Studies.MarkerTracking.JointAngleOutputs.OutputFile_LeftArm.ThoraxClavicula[2],Main.Studies.MarkerTracking.JointAngleOutputs.OutputFile_LeftArm.ClaviculaScapula[0],Main.Studies.MarkerTracking.JointAngleOutputs.OutputFile_LeftArm.ClaviculaScapula[1],Main.Studies.MarkerTracking.JointAngleOutputs.OutputFile_LeftArm.ClaviculaScapula[2],Main.Studies.MarkerTracking.JointAngleOutputs.OutputFile_LeftArm.ScapulaHumerus[0],Main.Studies.MarkerTracking.JointAngleOutputs.OutputFile_LeftArm.ScapulaHumerus[1],Main.Studies.MarkerTracking.JointAngleOutputs.OutputFile_LeftArm.ScapulaHumerus[2],Main.Studies.MarkerTracking.JointAngleOutputs.OutputFile_LeftArm.HumerusUlna,Main.Studies.MarkerTracking.JointAngleOutputs.OutputFile_LeftArm.UlnaRadius,Main.Studies.MarkerTracking.JointAngleOutputs.OutputFile_LeftArm.RadiusWrist,Main.Studies.MarkerTracking.JointAngleOutputs.OutputFile_LeftArm.WristHand
  3.000000000000000e-01, -2.680723147208451e-02, -2.463582044634914e-01,  5.775166909396483e-02, -2.791410474270865e-02,  7.126907926562728e-01, -1.796011167139738e-02,  2.605869660729588e-02,  4.604067091455659e-01,  1.762092544593928e-01,  4.669653551353229e-01, -2.112480752138298e+00, -6.632904609138480e-01,  6.103294017423394e-01
  3.100000000000000e-01, -2.689993837951739e-02, -2.455491919815647e-01,  5.739661493440143e-02, -2.822830695927536e-02,  7.125874810806527e-01, -1.834082475760365e-02,  2.775791052841858e-02,  4.495012602776106e-01,  1.807449292231065e-01,  4.741260544361521e-01, -2.108359569551600e+00, -6.718047391734134e-01,  6.229475341608736e-01
  3.200000000000000e-01, -2.698493877985930e-02, -2.447727988237298e-01,  5.705768271191194e-02, -2.852369727339758e-02,  7.124961192939175e-01, -1.870241387361346e-02,  2.954301916396521e-02,  4.384488306910483e-01,  1.851234497442169e-01,  4.815393674491041e-01, -2.103909039172579e+00, -6.807389664089007e-01,  6.360366497574026e-01
  3.300000000000000e-01, -2.706181906035927e-02, -2.440285729412093e-01,  5.673483739273969e-02, -2.879981634786411e-02,  7.124175605439518e-01, -1.904462132694608e-02,  3.142077755518970e-02,  4.272190592774198e-01,  1.893519245769842e-01,  4.892480447040939e-01, -2.099104853062625e+00, -6.901789087353309e-01,  6.496833490942800e-01
  3.400000000000000e-01, -2.712988403991902e-02, -2.433196601232669e-01,  5.642956784667147e-02, -2.905500166883257e-02,  7.123528620123157e-01, -1.936562272227426e-02,  3.338952553844720e-02,  4.158181225808640e-01,  1.934152902709599e-01,  4.972526898392658e-01, -2.093866280476891e+00, -7.001426731415857e-01,  6.639014553155300e-01
  3.500000000000000e-01, -2.718805624708553e-02, -2.426506087820961e-01,  5.614406625700776e-02, -2.928672724000922e-02,  7.123036925418262e-01, -1.966271807716351e-02,  3.544281533002595e-02,  4.043072782312063e-01,  1.972945352475575e-01,  5.055401397633471e-01, -2.088267896003807e+00, -7.106353949111897e-01,  6.786443512413960e-01
  3.600000000000000e-01, -2.723558146841829e-02, -2.420255634016284e-01,  5.588023278623011e-02, -2.949303206130488e-02,  7.122711276640313e-01, -1.993366680293288e-02,  3.757407004284447e-02,  3.927092226480295e-01,  2.009686831193496e-01,  5.140933515189910e-01, -2.082207853718817e+00, -7.216434508412692e-01,  6.938916120559584e-01
  3.700000000000000e-01, -2.727166474783844e-02, -2.414476376959028e-01,  5.563958054393642e-02, -2.967212265036948e-02,  7.122564216273173e-01, -2.017656069404030e-02,  3.977649849085788e-02,  3.810720271163759e-01,  2.044256540228290e-01,  5.228998380617743e-01, -2.075733549846240e+00, -7.331740402273090e-01,  7.096036349429735e-01
  3.800000000000000e-01, -2.729563982235206e-02, -2.409197932642721e-01,  5.542351113134417e-02, -2.982242642337044e-02,  7.122605914643778e-01, -2.038967328967092e-02,  4.204211950935836e-02,  3.694370834685783e-01,  2.076528617478215e-01,  5.319424398719471e-01, -2.068850618075136e+00, -7.452239640820619e-01,  7.257388227892199e-01
  3.900000000000000e-01, -2.730694782651056e-02, -2.404445732311249e-01,  5.523322013871788e-02, -2.994261723419474e-02,  7.122844842924084e-01, -2.057153576458881e-02,  4.436208300352591e-02,  3.578462452765360e-01,  2.106396401084352e-01,  5.412016279250541e-01, -2.061570663144705e+00, -7.577870977209313e-01,  7.422494062030265e-01
  4.000000000000000e-01, -2.730515114556537e-02, -2.400240717750096e-01,  5.506968050784619e-02, -3.003164068902096e-02,  7.123287531647924e-01, -2.072096201546170e-02,  4.672675201053082e-02,  3.463412833692504e-01,  2.133772916333125e-01,  5.506556225296786e-01, -2.053912150878488e+00, -7.708544571784012e-01,  7.590815997271927e-01
  4.100000000000000e-01, -2.728994560988208e-02, -2.396599115141681e-01,  5.493362953894518e-02, -3.008873549408634e-02,  7.123938354012755e-01, -2.083706917336648e-02,  4.912579898231987e-02,  3.349632902710991e-01,  2.158590945100560e-01,  5.602805284218950e-01, -2.045900921778992e+00, -7.844142509313879e-01,  7.761758897978912e-01
  4.200000000000000e-01, -2.726116183443541e-02, -2.393535507439223e-01,  5.482568899438857e-02, -3.011336740296981e-02,  7.124799201174165e-01, -2.091916882037356e-02,  5.154839706704017e-02,  3.237439337524587e-01,  2.180778033122022e-01,  5.700478702208430e-01, -2.037519728536834e+00, -7.984380003978401e-01,  7.934721535769933e-01
  4.300000000000000e-01, -2.721879307652592e-02, -2.391050221691269e-01,  5.474586169485610e-02, -3.010554350661224e-02,  7.125870161735288e-01, -2.096724760262976e-02,  5.398306236210347e-02,  3.127376387186280e-01,  2.200354156271564e-01,  5.799354001034429e-01, -2.028911939672174e+00, -8.129355083143421e-01,  8.108913478036712e-01
  4.400000000000000e-01, -2.716298379451575e-02, -2.389147725868128e-01,  5.469425496851756e-02, -3.006539455719870e-02,  7.127147959226963e-01, -2.098129475183992e-02,  5.641814232123708e-02,  3.019718291260674e-01,  2.217284828561866e-01,  5.899112819308766e-01, -2.020076486382806e+00, -8.278738295718151e-01,  8.283640822553627e-01
  4.500000000000000e-01, -2.709400661278519e-02, -2.387826884360134e-01,  5.467070954205920e-02, -2.999335326484578e-02,  7.128627348203971e-01, -2.096162968643700e-02,  5.884189386897321e-02,  2.914750942100546e-01,  2.231562890760410e-01,  5.999436315324802e-01, -2.011042041031506e+00, -8.432207272359917e-01,  8.458151221190356e-01
  4.600000000000000e-01, -2.701233943309604e-02, -2.387075953860075e-01,  5.467457272275022e-02, -2.989037574994571e-02,  7.130300092113074e-01, -2.090915631958586e-02,  6.124215890609736e-02,  2.812856600792915e-01,  2.243237813186162e-01,  6.100038127122573e-01, -2.001931232010391e+00, -8.589690546019974e-01,  8.631587475113830e-01
  4.700000000000000e-01, -2.691852845313508e-02, -2.386886480985327e-01,  5.470529653813543e-02, -2.975743968188599e-02,  7.132156292345057e-01, -2.082472972861887e-02,  6.360727384322609e-02,  2.714229326345822e-01,  2.252322919365975e-01,  6.200572767150618e-01, -1.992771233452302e+00, -8.750746356356370e-01,  8.803158044298998e-01
  4.800000000000000e-01, -2.681331453576112e-02, -2.387240009502042e-01,  5.476186683287027e-02, -2.959601858590873e-02,  7.134183207904009e-01, -2.070975586771618e-02,  6.592553501011808e-02,  2.619138913458771e-01,  2.258884016443191e-01,  6.300726190827785e-01, -1.983671044584903e+00, -8.915152945359626e-01,  8.971983274692932e-01
  4.900000000000000e-01, -2.669749597576096e-02, -2.388119123750140e-01,  5.484328980835419e-02, -2.940764211937111e-02,  7.136366866890451e-01, -2.056566044040113e-02,  6.818579540389311e-02,  2.527745037446490e-01,  2.262970279154771e-01,  6.400158612863637e-01, -1.974697009268709e+00, -9.082464084415534e-01,  9.137217841716652e-01
  5.000000000000000e-01, -2.657197363903261e-02, -2.389502429732710e-01,  5.494837704732641e-02, -2.919407214532128e-02,  7.138691671672260e-01, -2.039411217579919e-02,  7.037738421576462e-02,  2.440191198528359e-01,  2.264647627553016e-01,  6.498537822948688e-01, -1.965934712390168e+00, -9.252221997458477e-01,  9.297995923617572e-01
  5.100000000000000e-01, -2.643769604459851e-02, -2.391367245242537e-01,  5.507587227492254e-02, -2.895716503360643e-02,  7.141141212565931e-01, -2.019687193694520e-02,  7.249040188092956e-02,  2.356571352252739e-01,  2.263984578637477e-01,  6.595530555842034e-01, -1.957463805972959e+00, -9.423849456240783e-01,  9.453458306760814e-01
  5.200000000000000e-01, -2.629569370944278e-02, -2.393687484869975e-01,  5.522435404756413e-02, -2.869896903425893e-02,  7.143697801947090e-01, -1.997590109905042e-02,  7.451548962232023e-02,  2.276970964241382e-01,  2.261064402188159e-01,  6.690819180441120e-01, -1.949387629283704e+00, -9.596770863214651e-01,  9.602731375367459e-01
  5.300000000000000e-01, -2.614696201448647e-02, -2.396438435405342e-01,  5.539246942031988e-02, -2.842145006289605e-02,  7.146344303569993e-01, -1.973307573087249e-02,  7.644452586847503e-02,  2.201408271080453e-01,  2.255962511177897e-01,  6.784082895576077e-01, -1.941784110381138e+00, -9.770182242356747e-01,  9.744971744510499e-01
  5.400000000000000e-01, -2.599249221750993e-02, -2.399594507621920e-01,  5.557883293082699e-02, -2.812658685494067e-02,  7.149063745469679e-01, -1.947029689505229e-02,  7.827042061315470e-02,  2.129878274169576e-01,  2.248760040628506e-01,  6.875014745574390e-01, -1.934735869054274e+00, -9.943171759520296e-01,  9.879344894076857e-01
  5.500000000000000e-01, -2.583323139328041e-02, -2.403130365678781e-01,  5.578208659070606e-02, -2.781628852124876e-02,  7.151839995725593e-01, -1.918941091383781e-02,  7.998734602434125e-02,  2.062345865304536e-01,  2.239539958358261e-01,  6.963320324337924e-01, -1.928320500080085e+00, -1.011466951106039e+00,  1.000503762947065e+00
  5.600000000000001e-01, -2.567005985035985e-02, -2.407021211579712e-01,  5.600091985172793e-02, -2.749235587299160e-02,  7.154658178480909e-01, -1.889217714554652e-02,  8.159087355899015e-02,  1.998750007498097e-01,  2.228387533393465e-01,  7.048719979947512e-01, -1.922608999387901e+00, -1.028343894347063e+00,  1.012126487004316e+00
  5.700000000000001e-01, -2.550377347279128e-02, -2.411242891341342e-01,  5.623408069283190e-02, -2.715645367670406e-02,  7.157505010957851e-01, -1.858024712598684e-02,  8.307809496090240e-02,  1.939008413250860e-01,  2.215391529711993e-01,  7.130950750776002e-01, -1.917664364849756e+00, -1.044807855513878e+00,  1.022727797106639e+00
  5.800000000000001e-01, -2.533507252462272e-02, -2.415771805785422e-01,  5.648037650933897e-02, -2.681009650537803e-02,  7.160369032906015e-01, -1.825515713254696e-02,  8.444771623800605e-02,  1.883022586803132e-01,  2.200646070146216e-01,  7.209767942308060e-01, -1.913540416185975e+00, -1.060703684351674e+00,  1.032237494132856e+00
  5.900000000000001e-01, -2.516455803663023e-02, -2.420584630569555e-01,  5.673866449390572e-02, -2.645464978382584e-02,  7.163240706000135e-01, -1.791833502644896e-02,  8.570011169313917e-02,  1.830683087432648e-01,  2.184253011602031e-01,  7.284946277928622e-01, -1.910280873427898e+00, -1.075864252759626e+00,  1.040591266845447e+00
  6.000000000000000e-01, -2.499273626574939e-02, -2.425657874584560e-01,  5.700783240858032e-02, -2.609134617946524e-02,  7.166112370640062e-01, -1.757112073012091e-02,  8.683732499054145e-02,  1.781874841132471e-01,  2.166324572412684e-01,  7.356280582714909e-01, -1.907918724566976e+00, -1.090115064790780e+00,  1.047732091702707e+00
  6.100000000000000e-01, -2.482003081819181e-02, -2.430967332155832e-01,  5.728677204528385e-02, -2.572131559503999e-02,  7.168978062676360e-01, -1.721479788340013e-02,  8.786300745637435e-02,  1.736482264023792e-01,  2.146985868430453e-01,  7.423585994649906e-01, -1.906475902993412e+00, -1.103280333561853e+00,  1.053611745686689e+00
  6.200000000000000e-01, -2.464680106284978e-02, -2.436487506745649e-01,  5.757434894670482e-02, -2.534562510196485e-02,  7.171833209348846e-01, -1.685063250250755e-02,  8.878228895428869e-02,  1.694393924629367e-01,  2.126376966148374e-01,  7.486697745485484e-01, -1.905963279904778e+00, -1.115190201729080e+00,  1.058192336489833e+00
  6.300000000000000e-01, -2.447337567187977e-02, -2.442190830363775e-01,  5.786935783258845e-02, -2.496534570805872e-02,  7.174674048392145e-01, -1.647993335116616e-02,  8.960148432466236e-02,  1.655510294376758e-01,  2.104654842676089e-01,  7.545472151065447e-01, -1.906384285969671e+00, -1.125690319753732e+00,  1.061447277246403e+00
  6.399999999999999e-01, -2.430003177080506e-02, -2.448048374857226e-01,  5.817055882680194e-02, -2.458150652156068e-02,  7.177497967201217e-01, -1.610400656260390e-02,  9.032824150331419e-02,  1.619731242235763e-01,  2.081990250519490e-01,  7.599779524813556e-01, -1.907721759504643e+00, -1.134642453514881e+00,  1.063364389838487e+00
  6.499999999999999e-01, -2.412708677925321e-02, -2.454028027628097e-01,  5.847656787815006e-02, -2.419527031277648e-02,  7.180301880693534e-01, -1.572430903368198e-02,  9.097062546470766e-02,  1.586982076736852e-01,  2.058571286156987e-01,  7.649513286243691e-01, -1.909959798496766e+00, -1.141942604301506e+00,  1.063943952409843e+00
  6.600000000000000e-01, -2.395486968346120e-02, -2.460095735096537e-01,  5.878591700642619e-02, -2.380786454555938e-02,  7.183082672518279e-01, -1.534237611912745e-02,  9.153722530217259e-02,  1.557198039192483e-01,  2.034597413464705e-01,  7.694582768203558e-01, -1.913070160759889e+00, -1.147518963100543e+00,  1.063201142026380e+00
  6.700000000000000e-01, -2.378376096809480e-02, -2.466214953388971e-01,  5.909701598364176e-02, -2.342065274856349e-02,  7.185836465822870e-01, -1.495987927291821e-02,  9.203670151756310e-02,  1.530331807211802e-01,  2.010279262262354e-01,  7.734914744087458e-01, -1.917020627706780e+00, -1.151339835997787e+00,  1.061165124152620e+00
  6.800000000000000e-01, -2.361413434657769e-02, -2.472349818964011e-01,  5.940830078548314e-02, -2.303497896070048e-02,  7.188559453972906e-01, -1.457845664348386e-02,  9.247762352893041e-02,  1.506338296967271e-01,  1.985822711010171e-01,  7.770454333809927e-01, -1.921760512909140e+00, -1.153404946966496e+00,  1.057880445377402e+00
  6.899999999999999e-01, -2.344645557011772e-02, -2.478461817479791e-01,  5.971806173077237e-02, -2.265238713153030e-02,  7.191246290503555e-01, -1.419992645041979e-02,  9.286804230648738e-02,  1.485194695921518e-01,  1.961441915133757e-01,  7.801164707407124e-01, -1.927245452050060e+00, -1.153759622828292e+00,  1.053403147208609e+00
  7.000000000000000e-01, -2.328122057528805e-02, -2.484513201280209e-01,  6.002460329305782e-02, -2.227445450678559e-02,  7.193890965833867e-01, -1.382610531433858e-02,  9.321526608184656e-02,  1.466888168657569e-01,  1.937342248138545e-01,  7.827030428019410e-01, -1.933426078724851e+00, -1.152482359529847e+00,  1.047800513039233e+00
  7.100000000000000e-01, -2.311890041366149e-02, -2.490468249776312e-01,  6.032631661886113e-02, -2.190268224732340e-02,  7.196487763332394e-01, -1.345871075626341e-02,  9.352634251897181e-02,  1.451395596488994e-01,  1.913716925874064e-01,  7.848052606118996e-01, -1.940234566062296e+00, -1.149674266239369e+00,  1.041152070363772e+00
  7.200000000000000e-01, -2.296002571991607e-02, -2.496292137699986e-01,  6.062160035212127e-02, -2.153864449193715e-02,  7.199029713738651e-01, -1.309948212288476e-02,  9.380698464339965e-02,  1.438714567993142e-01,  1.890747025808966e-01,  7.864259348465473e-01, -1.947614242244273e+00, -1.145465067737942e+00,  1.033542349428868e+00
  7.300000000000000e-01, -2.280510395960617e-02, -2.501952955421579e-01,  6.090897470869341e-02, -2.118382097611677e-02,  7.201510019171796e-01, -1.275002970118626e-02,  9.406222939775713e-02,  1.428837404725788e-01,  1.868595663294262e-01,  7.875700081524150e-01, -1.955499984042157e+00, -1.139997256875863e+00,  1.025062383542944e+00
  7.400000000000000e-01, -2.265463551093892e-02, -2.507421634106591e-01,  6.118707235793707e-02, -2.083962157284576e-02,  7.203921744678820e-01, -1.241185297024420e-02,  9.429616975095262e-02,  1.421757307121739e-01,  1.847407112890029e-01,  7.882445824674715e-01, -1.963826576337842e+00, -1.133423071470997e+00,  1.015806357996733e+00
  7.500000000000000e-01, -2.250905475037541e-02, -2.512673311003901e-01,  6.145471720377550e-02, -2.050726803192287e-02,  7.206258838697114e-01, -1.208623631968477e-02,  9.451238205471864e-02,  1.417456005990321e-01,  1.827303447265762e-01,  7.884596865168763e-01, -1.972518371466109e+00, -1.125892336086492e+00,  1.005871348803424e+00
  7.600000000000000e-01, -2.236880878803191e-02, -2.517686210704052e-01,  6.171084823162289e-02, -2.018793407664237e-02,  7.208514698315082e-01, -1.177436408210647e-02,  9.471307792903838e-02,  1.415921075917872e-01,  1.808384380594169e-01,  7.882266114951223e-01, -1.981508466510050e+00, -1.117557457991857e+00,  9.953525659477864e-01
  7.700000000000000e-01, -2.223425644047477e-02, -2.522441118361421e-01,  6.195454098482456e-02, -1.988260759004306e-02,  7.210684202695974e-01, -1.147724416056489e-02,  9.490083579779607e-02,  1.417123160467706e-01,  1.790741033552862e-01,  7.875604080821919e-01, -1.990723437590016e+00, -1.108563064526635e+00,  9.843462613187951e-01
  7.800000000000000e-01, -2.210574581759030e-02, -2.526923637254665e-01,  6.218506520462039e-02, -1.959215329152732e-02,  7.212761967116387e-01, -1.119570119892069e-02,  9.507661722231694e-02,  1.421035405567307e-01,  1.774432782191494e-01,  7.864768980380856e-01, -2.000094646198661e+00, -1.099045315092220e+00,  9.729441660276469e-01
  7.900000000000000e-01, -2.198356261800489e-02, -2.531122394514725e-01,  6.240183583889385e-02, -1.931727605640734e-02,  7.214743533850067e-01, -1.093039229738934e-02,  9.524119277606752e-02,  1.427619218540195e-01,  1.759504636182380e-01,  7.849941660520152e-01, -2.009552211537175e+00, -1.089129809433335e+00,  9.612357856767088e-01
  8.000000000000000e-01, -2.186794509283148e-02, -2.535029158459088e-01,  6.260441191343874e-02, -1.905853963560524e-02,  7.216625066278319e-01, -1.068181740657947e-02,  9.539486790381672e-02,  1.436828040430350e-01,  1.745984952028062e-01,  7.831319439375156e-01, -2.019028014952501e+00, -1.078931259932342e+00,  9.493069471659207e-01
  8.100000000000001e-01, -2.175908565123890e-02, -2.538638570487228e-01,  6.279248563423871e-02, -1.881637447056244e-02,  7.218403343201935e-01, -1.045033081443462e-02,  9.553755480724220e-02,  1.448607351215914e-01,  1.733887084239191e-01,  7.809113676862810e-01, -2.028456395537914e+00, -1.068553401875271e+00,  9.372393836677400e-01
  8.200000000000001e-01, -2.165712408476453e-02, -2.541949607450936e-01,  6.296594343212224e-02, -1.859103410802165e-02,  7.220075746294118e-01, -1.023608288359476e-02,  9.566855471301490e-02,  1.462874214673637e-01,  1.723199038281777e-01,  7.783524793104371e-01, -2.037755895444811e+00, -1.058083958067852e+00,  9.251129014634339e-01
  8.300000000000001e-01, -2.156218617185820e-02, -2.544958404243560e-01,  6.312456595941780e-02, -1.838281411572763e-02,  7.221640212807828e-01, -1.003931306179618e-02,  9.578775982468569e-02,  1.479597927645266e-01,  1.713932538457826e-01,  7.754828137249857e-01, -2.046903130403232e+00, -1.047616267528522e+00,  9.129956491487946e-01
  8.400000000000001e-01, -2.147432619097382e-02, -2.547672086051533e-01,  6.326859995268357e-02, -1.819165401531481e-02,  7.223094993167025e-01, -9.859801939044309e-03,  9.589318632671641e-02,  1.498638794479665e-01,  1.706026191248885e-01,  7.723191572559167e-01, -2.055783639071804e+00, -1.037206866695275e+00,  9.009626521741676e-01
  8.500000000000001e-01, -2.139360473656643e-02, -2.550085888154260e-01,  6.339781971378199e-02, -1.801776989923020e-02,  7.224439390098755e-01, -9.697761816351543e-03,  9.598541610849838e-02,  1.520001780855202e-01,  1.699506926433043e-01,  7.688951614875251e-01, -2.064430284333975e+00, -1.026945303914631e+00,  8.890676815139303e-01
  8.600000000000001e-01, -2.132002411240797e-02, -2.552208342017335e-01,  6.351255178083416e-02, -1.786098864898724e-02,  7.225672531048948e-01, -9.552876578148883e-03,  9.606242905559580e-02,  1.543559673164838e-01,  1.694309975798950e-01,  7.652303603513371e-01, -2.072758532986383e+00, -1.016876900372825e+00,  8.773729874847930e-01
  8.700000000000001e-01, -2.125356898474079e-02, -2.554045321069885e-01,  6.361302605891421e-02, -1.772116913793089e-02,  7.226794150676925e-01, -9.424909814834015e-03,  9.612296339145777e-02,  1.569220762136108e-01,  1.690392504545886e-01,  7.613487237341928e-01, -2.080727369560845e+00, -1.007051666479426e+00,  8.659316328114648e-01
  8.800000000000001e-01, -2.119420336074618e-02, -2.555603565468889e-01,  6.369951668987506e-02, -1.759811799879542e-02,  7.227804300909143e-01, -9.313576134907046e-03,  9.616571833807594e-02,  1.596890378085122e-01,  1.687707746623026e-01,  7.572738539558321e-01, -2.088301378386347e+00, -9.975132701247922e-01,  8.547914534128889e-01
  8.900000000000001e-01, -2.114187411140746e-02, -2.556890467555173e-01,  6.377233205531749e-02, -1.749159974626303e-02,  7.228703303021429e-01, -9.218552152115572e-03,  9.618938682490680e-02,  1.626471087107478e-01,  1.686206079956758e-01,  7.530287193499917e-01, -2.095450348172030e+00, -9.882994791594953e-01,  8.439950780392684e-01
  8.999999999999999e-01, -2.109651527163142e-02, -2.557913806168259e-01,  6.383180240592065e-02, -1.740134924194522e-02,  7.229491689615967e-01, -9.139489998695995e-03,  9.619269088856504e-02,  1.657863246602037e-01,  1.685836389667642e-01,  7.486354384060647e-01, -2.102149256289837e+00, -9.794426035681179e-01,  8.335798977137686e-01
  9.099999999999999e-01, -2.105807514923818e-02, -2.558676828867459e-01,  6.387807346284263e-02, -1.732722356519960e-02,  7.230170160785275e-01, -9.076218240359668e-03,  9.617510076798405e-02,  1.691028756351881e-01,  1.686580230757128e-01,  7.441202078833353e-01, -2.108435001467238e+00, -9.709800765653187e-01,  8.235699387973681e-01
  9.199999999999999e-01, -2.102643954115005e-02, -2.559196100321442e-01,  6.391184621199143e-02, -1.726868325389427e-02,  7.230739319614271e-01, -9.028032791192216e-03,  9.613415264794609e-02,  1.725738373210880e-01,  1.688324298869606e-01,  7.394925499677092e-01, -2.114180624085646e+00, -9.629131881922550e-01,  8.140077659776430e-01
  9.299999999999999e-01, -2.100155239708352e-02, -2.559474394055409e-01,  6.393325145212456e-02, -1.722558645006577e-02,  7.231199994694235e-01, -8.994777563770177e-03,  9.606955373499018e-02,  1.761948273764689e-01,  1.691053259699417e-01,  7.347759081258713e-01, -2.119431107060753e+00, -9.552702541136823e-01,  8.049073259165618e-01
  9.399999999999999e-01, -2.098339114683563e-02, -2.559514049887288e-01,  6.394238970720952e-02, -1.719784923303350e-02,  7.231552399217975e-01, -8.976344452759116e-03,  9.598094160775431e-02,  1.799583962683196e-01,  1.694749343998033e-01,  7.299896496852698e-01, -2.124215146172546e+00, -9.480687914899388e-01,  7.962792528116810e-01
  9.500000000000000e-01, -2.097185344633660e-02, -2.559326290710947e-01,  6.393974794666446e-02, -1.718506661454003e-02,  7.231797428070041e-01, -8.972234684395624e-03,  9.586702091703836e-02,  1.838465297365532e-01,  1.699336763307702e-01,  7.251433648675976e-01, -2.128467826510202e+00, -9.413082393400667e-01,  7.881447757498801e-01
  9.600000000000000e-01, -2.096701128252083e-02, -2.558906907072278e-01,  6.392512917357873e-02, -1.718744059909681e-02,  7.231934086155284e-01, -8.982664661550198e-03,  9.572824253287172e-02,  1.878522346916257e-01,  1.704832354611495e-01,  7.202538480777234e-01, -2.132246076395508e+00, -9.349990775894765e-01,  7.805003107564392e-01
  9.700000000000000e-01, -2.096887945356629e-02, -2.558257996049441e-01,  6.389861116676024e-02, -1.720494413180255e-02,  7.231961872908170e-01, -9.007573177109669e-03,  9.556449055281893e-02,  1.919599346386363e-01,  1.711211274322192e-01,  7.153296022303153e-01, -2.135533874859931e+00, -9.291376788094721e-01,  7.733500561505193e-01
  9.800000000000000e-01, -2.097758161721675e-02, -2.557374067198761e-01,  6.385992620533198e-02, -1.723788211572605e-02,  7.231878903747134e-01, -9.047272874037716e-03,  9.537650692549450e-02,  1.961555716006289e-01,  1.718489645593478e-01,  7.103789123556306e-01, -2.138350290433825e+00, -9.237194892735269e-01,  7.666875090575580e-01
  9.900000000000000e-01, -2.099334090711491e-02, -2.556244082715165e-01,  6.380854601554824e-02, -1.728683100012549e-02,  7.231681891575378e-01, -9.102368729798509e-03,  9.516565819198874e-02,  2.004228250669186e-01,  1.726709632697952e-01,  7.054070671666398e-01, -2.140718581350372e+00, -9.187349270251524e-01,  7.605004929262587e-01
  1.000000000000000e+00, -2.101650259727977e-02, -2.554850211237207e-01,  6.374362311346166e-02, -1.735270022728711e-02,  7.231365825580470e-01, -9.173823957324479e-03,  9.493406264589682e-02,  2.047425662040256e-01,  1.735945318979485e-01,  7.004160866568269e-01, -2.142666771764628e+00, -9.141694764629771e-01,  7.547710489891728e-01
  1.010000000000000e+00, -2.104754359843445e-02, -2.553167149623243e-01,  6.366396029333063e-02, -1.743676110187192e-02,  7.230923851831751e-01, -9.262993426225916e-03,  9.468469586516955e-02,  2.090924542032937e-01,  1.746306234262835e-01,  6.954044873475619e-01, -2.144227625128037e+00, -9.100039898441671e-01,  7.494756624212565e-01
  1.020000000000000e+00, -2.108709838750077e-02, -2.551160695401218e-01,  6.356794373177056e-02, -1.754071666714616e-02,  7.230346905574347e-01, -9.371699397964037e-03,  9.442152313750315e-02,  2.134464763031490e-01,  1.757944202745685e-01,  6.903670720284235e-01, -2.145440029189144e+00, -9.062146749172812e-01,  7.445848847677640e-01
  1.030000000000000e+00, -2.113556413716813e-02, -2.548806155597766e-01,  6.345443769906847e-02, -1.766569993237187e-02,  7.229629631278790e-01, -9.501204639260416e-03,  9.414838484072741e-02,  2.177807959060610e-01,  1.770973496284869e-01,  6.852970199566588e-01, -2.146333808687019e+00, -9.027783487652633e-01,  7.400715826804728e-01
  1.040000000000000e+00, -2.119312801069559e-02, -2.546087374012972e-01,  6.332273458555368e-02, -1.781233632859140e-02,  7.228769943791752e-01, -9.652272655361421e-03,  9.386886350177509e-02,  2.220752682739708e-01,  1.785475228400412e-01,  6.801870302674294e-01, -2.146938690654121e+00, -8.996713102608860e-01,  7.359079537555064e-01
  1.050000000000000e+00, -2.125907535954777e-02, -2.543030205575194e-01,  6.317416860439337e-02, -1.797896461800181e-02,  7.227779281920780e-01, -9.823322728651340e-03,  9.358386069433144e-02,  2.263258731913168e-01,  1.801349678900780e-01,  6.750346084951375e-01, -2.147263923697237e+00, -8.968765616137533e-01,  7.320772128421438e-01
  1.060000000000000e+00, -2.133147711003248e-02, -2.539718826297566e-01,  6.301288904032580e-02, -1.816081080317003e-02,  7.226687128415282e-01, -1.000955111184570e-02,  9.329006607826748e-02,  2.305522582480921e-01,  1.818241931661036e-01,  6.698459632459934e-01, -2.147295147899674e+00, -8.943854341843589e-01,  7.285764937077877e-01
  1.070000000000000e+00, -2.140758730421478e-02, -2.536278240993439e-01,  6.284499778544556e-02, -1.835097791514772e-02,  7.225534950714440e-01, -1.020392469827154e-02,  9.298081596975058e-02,  2.347919299335801e-01,  1.835614763996501e-01,  6.646342456501940e-01, -2.147008217391928e+00, -8.921916759887781e-01,  7.254087887571282e-01
  1.080000000000000e+00, -2.148457945932598e-02, -2.532839419584528e-01,  6.267685963185257e-02, -1.854232632286111e-02,  7.224365214269447e-01, -1.039911492327692e-02,  9.264857571210941e-02,  2.390861686043493e-01,  1.852899784727248e-01,  6.594136146624037e-01, -2.146386170000139e+00, -8.902839448709937e-01,  7.225720280943470e-01
  1.090000000000000e+00, -2.156006886451258e-02, -2.529513573251934e-01,  6.251386655803373e-02, -1.872882633632343e-02,  7.223213685373429e-01, -1.058890718082111e-02,  9.228709799934198e-02,  2.434685301638265e-01,  1.869611040118117e-01,  6.541938560644114e-01, -2.145427269804244e+00, -8.886421309302915e-01,  7.200532339257533e-01
  1.100000000000000e+00, -2.163231865854388e-02, -2.526381442291825e-01,  6.235992992621846e-02, -1.890610127460436e-02,  7.222106447132072e-01, -1.076877899856039e-02,  9.189248311995556e-02,  2.479596124050194e-01,  1.885393596616571e-01,  6.489777056806283e-01, -2.144145961486216e+00, -8.872369583758120e-01,  7.178273189951077e-01
  1.110000000000000e+00, -2.170030173988059e-02, -2.523489739677487e-01,  6.221731662450336e-02, -1.907159483337265e-02,  7.221059033721386e-01, -1.093608785557578e-02,  9.146348504768692e-02,  2.525663361682950e-01,  1.900041135922542e-01,  6.437606120082533e-01, -2.142576704589445e+00, -8.860305200578520e-01,  7.158563323732819e-01
  1.120000000000000e+00, -2.176318388469981e-02, -2.520875932500523e-01,  6.208784614018888e-02, -1.922324626828694e-02,  7.220084113346431e-01, -1.108870138276014e-02,  9.099984876635311e-02,  2.572903223469781e-01,  1.913386780037960e-01,  6.385339970295023e-01, -2.140754705729100e+00, -8.849823863846663e-01,  7.140994235727888e-01
  1.130000000000000e+00, -2.182036859783246e-02, -2.518566461786993e-01,  6.197280250412742e-02, -1.935959508628765e-02,  7.219190783251622e-01, -1.122510414793467e-02,  9.050219891456912e-02,  2.621285663385383e-01,  1.925310763412751e-01,  6.332860118763363e-01, -2.138720861409514e+00, -8.840492150384349e-01,  7.125113700659340e-01
  1.140000000000000e+00, -2.187140587163186e-02, -2.516580472290219e-01,  6.187312048362510e-02, -1.947956107627571e-02,  7.218385989496119e-01, -1.134417926253124e-02,  8.997184003095794e-02,  2.670758668147712e-01,  1.935726234062696e-01,  6.280027216603323e-01, -2.136523307250660e+00, -8.831867209596796e-01,  7.110438482984541e-01
  1.150000000000000e+00, -2.191580511925120e-02, -2.514940460054037e-01,  6.178988463372979e-02, -1.958192799176201e-02,  7.217677141678753e-01, -1.144465208163593e-02,  8.940974226268278e-02,  2.721272537937079e-01,  1.944527481817049e-01,  6.226690228442079e-01, -2.134200115166533e+00, -8.823506725053051e-01,  7.096505135857322e-01
  1.160000000000000e+00, -2.195318383628131e-02, -2.513663928620418e-01,  6.172393805014199e-02, -1.966575007969222e-02,  7.217070022545365e-01, -1.152552876419809e-02,  8.881729914235020e-02,  2.772761728471050e-01,  1.951630343505271e-01,  6.172678509807784e-01, -2.131788638617373e+00, -8.814966091199046e-01,  7.082841747461309e-01
  1.170000000000000e+00, -2.198318663513869e-02, -2.512768482817180e-01,  6.167611767598194e-02, -1.973011748794813e-02,  7.216569871400257e-01, -1.158583827883895e-02,  8.819525645955938e-02,  2.825206611236742e-01,  1.956948847407112e-01,  6.117851495562053e-01, -2.129340752381820e+00, -8.805813302362795e-01,  7.068954601476121e-01
  1.180000000000000e+00, -2.200545931241677e-02, -2.512272876492589e-01,  6.164730671620461e-02, -1.977409404736751e-02,  7.216181789037707e-01, -1.162457073834402e-02,  8.754416558862345e-02,  2.878589339332172e-01,  1.960388661687882e-01,  6.062060338366372e-01, -2.126895256417090e+00, -8.795627164203480e-01,  7.054382488636338e-01
  1.190000000000000e+00, -2.201982536637169e-02, -2.512185907528976e-01,  6.163792286550021e-02, -1.979722668559826e-02,  7.215908374370877e-01, -1.164124105260928e-02,  8.686581709235111e-02,  2.932847099631692e-01,  1.961902498590972e-01,  6.005115323905070e-01, -2.124481299477919e+00, -8.783994213601209e-01,  7.038677224031007e-01
  1.200000000000000e+00, -2.202607230360500e-02, -2.512520418629732e-01,  6.164856046559756e-02, -1.979891522650642e-02,  7.215752529710752e-01, -1.163518721347249e-02,  8.616071359952647e-02,  2.987992215231228e-01,  1.961422214514547e-01,  5.946885998415846e-01, -2.122139484679853e+00, -8.770530051717977e-01,  7.021394493100173e-01
  1.210000000000000e+00, -2.202407802662090e-02, -2.513284612772543e-01,  6.167959505633550e-02, -1.977879367070903e-02,  7.215715841435936e-01, -1.160600003881432e-02,  8.542975761238146e-02,  3.044031644140592e-01,  1.958901363826294e-01,  5.887238813959059e-01, -2.119903067664427e+00, -8.754872821611792e-01,  7.002117975489629e-01
  1.220000000000000e+00, -2.201378134755115e-02, -2.514483750929493e-01,  6.173126281167335e-02, -1.973664836106046e-02,  7.215798990226998e-01, -1.155343479086646e-02,  8.467393709377706e-02,  3.100985690144182e-01,  1.954307615571744e-01,  5.826056649499353e-01, -2.117802131532456e+00, -8.736690664426744e-01,  6.980460124656851e-01
  1.230000000000000e+00, -2.199524400975771e-02, -2.516114947954532e-01,  6.180342914125449e-02, -1.967262643378986e-02,  7.216001049778858e-01, -1.147765569667339e-02,  8.389523071184925e-02,  3.158862600943083e-01,  1.947651213114707e-01,  5.763222838952865e-01, -2.115866056512127e+00, -8.715688289939698e-01,  6.956057984565398e-01
  1.240000000000000e+00, -2.196837198676301e-02, -2.518188062020728e-01,  6.189652996719581e-02, -1.958635505288307e-02,  7.216322885330595e-01, -1.137822650707572e-02,  8.309332849620027e-02,  3.217753487719409e-01,  1.938874141302182e-01,  5.698702167513895e-01, -2.114111412413687e+00, -8.691604097240579e-01,  6.928619582421128e-01
  1.250000000000000e+00, -2.193329890850331e-02, -2.520695785618970e-01,  6.201023043100615e-02, -1.947817956451390e-02,  7.216762594069916e-01, -1.125554101728768e-02,  8.227056509656869e-02,  3.277689832292335e-01,  1.928010424090707e-01,  5.632431318739559e-01, -2.112558849866822e+00, -8.664225367633996e-01,  6.897870391146463e-01
  1.260000000000000e+00, -2.189011802025748e-02, -2.523633719342646e-01,  6.214432937298769e-02, -1.934831703476547e-02,  7.217318775260667e-01, -1.110985274580259e-02,  8.142878090634013e-02,  3.338731832897425e-01,  1.915079585131148e-01,  5.564394123841977e-01, -2.111221390427402e+00, -8.633384018489033e-01,  6.863596649493771e-01
  1.270000000000000e+00, -2.183893289951364e-02, -2.526996087777940e-01,  6.229856884529451e-02, -1.919702758864370e-02,  7.217989959566273e-01, -1.094147580880222e-02,  8.057011772995387e-02,  3.400943722493882e-01,  1.900109946242237e-01,  5.494606035960355e-01, -2.110107060941080e+00, -8.598961085697612e-01,  6.825639983376677e-01
  1.280000000000000e+00, -2.177984725074288e-02, -2.530776221317128e-01,  6.247265726598306e-02, -1.902458874717497e-02,  7.218774761415218e-01, -1.075075801006520e-02,  7.969703277591930e-02,  3.464390692397983e-01,  1.883136330638801e-01,  5.423115398392389e-01, -2.109218824624365e+00, -8.560888457156510e-01,  6.783900368270421e-01
  1.290000000000000e+00, -2.171295689940675e-02, -2.534966985136106e-01,  6.266628958826481e-02, -1.883127417296184e-02,  7.219671993391897e-01, -1.053805791460089e-02,  7.881230433614218e-02,  3.529135557011422e-01,  1.864197866791021e-01,  5.350003920872641e-01, -2.108554648580054e+00, -8.519149768446853e-01,  6.738337941244336e-01
  1.300000000000000e+00, -2.163834444403638e-02, -2.539561125789263e-01,  6.287916313292055e-02, -1.861733815511117e-02,  7.220680736574743e-01, -1.030372739868085e-02,  7.791902956883517e-02,  3.595235278481027e-01,  1.843336053284785e-01,  5.275386373363642e-01, -2.108107717579791e+00, -8.473780417008359e-01,  6.688973579642334e-01
  1.310000000000000e+00, -2.155607679040981e-02, -2.544551515200438e-01,  6.311098819133720e-02, -1.838300661732719e-02,  7.221800364452062e-01, -1.004810060692202e-02,  7.702061491146379e-02,  3.662737457334160e-01,  1.820593206640177e-01,  5.199409518030184e-01, -2.107866788903608e+00, -8.424866647318104e-01,  6.635888226948377e-01
  1.320000000000000e+00, -2.146620549819282e-02, -2.549931285393631e-01,  6.336149315856991e-02, -1.812847470658033e-02,  7.223030522453526e-01, -9.771489480961444e-03,  7.612075930763168e-02,  3.731676901128010e-01,  1.796011352939847e-01,  5.122250330608984e-01, -2.107816672249817e+00, -8.372543781608878e-01,  6.579221027819351e-01
  1.330000000000000e+00, -2.136876957089178e-02, -2.555693861151601e-01,  6.363042462352352e-02, -1.785391027218362e-02,  7.224371069650407e-01, -9.474185243333846e-03,  7.522343054386940e-02,  3.802072364371673e-01,  1.769631560632622e-01,  5.044113598673351e-01, -2.107938813302737e+00, -8.316993715966373e-01,  6.519166369021230e-01
  1.340000000000000e+00, -2.126377265676556e-02, -2.561835838582190e-01,  6.391767098765193e-02, -1.755935486226694e-02,  7.225822240593940e-01, -9.156334264201755e-03,  7.433238108685537e-02,  3.873930192971860e-01,  1.741476144497750e-01,  4.965238079600344e-01, -2.108206511102079e+00, -8.258439046093261e-01,  6.455982267114965e-01
  1.350000000000000e+00, -2.115130624809655e-02, -2.568344668748280e-01,  6.422272271841226e-02, -1.724518558395941e-02,  7.227383448114317e-01, -8.818493441170723e-03,  7.345299082335327e-02,  3.947211956247733e-01,  1.711621156713375e-01,  4.885854556540142e-01, -2.108607113070299e+00, -8.197149713030670e-01,  6.389935948686988e-01
  1.360000000000000e+00, -2.103136878419764e-02, -2.575217558303566e-01,  6.454549702187569e-02, -1.691141882495254e-02,  7.229054959755685e-01, -8.460785543487953e-03,  7.258929147991984e-02,  4.021882627095612e-01,  1.680084235420433e-01,  4.806243567577999e-01, -2.109110904757508e+00, -8.133422897818168e-01,  6.321373154318169e-01
  1.370000000000000e+00, -2.090405881750482e-02, -2.582445436421636e-01,  6.488562143130898e-02, -1.655836011104319e-02,  7.230835696763945e-01, -8.083652763522011e-03,  7.174620952193284e-02,  4.097838566316143e-01,  1.646913485359926e-01,  4.726667766602442e-01, -2.109682611429304e+00, -8.067581571746484e-01,  6.250671749576050e-01
  1.380000000000000e+00, -2.076932256341406e-02, -2.590027467273477e-01,  6.524311512026969e-02, -1.618590040262715e-02,  7.232726747285251e-01, -7.687102296514290e-03,  7.092781713069854e-02,  4.175055519233276e-01,  1.612120389274899e-01,  4.647463267861225e-01, -2.110316807017738e+00, -7.999993019339672e-01,  6.178210833527846e-01
  1.390000000000000e+00, -2.062729329889468e-02, -2.597953585205799e-01,  6.561755363731868e-02, -1.579441643837063e-02,  7.234726440554896e-01, -7.271647237399841e-03,  7.013915360555434e-02,  4.253381207711656e-01,  1.575754916069759e-01,  4.568906864002155e-01, -2.110979481713966e+00, -7.931023240335509e-01,  6.104417623230377e-01
  1.400000000000000e+00, -2.047805516655628e-02, -2.606217063527418e-01,  6.600866637503856e-02, -1.538413517606656e-02,  7.236833733953444e-01, -6.837636756260026e-03,  6.938479369541592e-02,  4.332679881823893e-01,  1.537850298228839e-01,  4.491301433133399e-01, -2.111647203462909e+00, -7.861058308031673e-01,  6.029727650674628e-01
  1.410000000000000e+00, -2.032195427857262e-02, -2.614805057703670e-01,  6.641583004347282e-02, -1.495581121774113e-02,  7.239043052548189e-01, -6.385883347985009e-03,  6.866867710665325e-02,  4.412660217972958e-01,  1.498444768351005e-01,  4.414896105739224e-01, -2.112242980221802e+00, -7.790461617762598e-01,  5.954654287591630e-01
  1.420000000000000e+00, -2.015818201969532e-02, -2.623736345186327e-01,  6.684016530483579e-02, -1.450776118732193e-02,  7.241368311848553e-01, -5.914997996605229e-03,  6.799652964034920e-02,  4.493624196349073e-01,  1.457519852082131e-01,  4.340169241385340e-01, -2.112921892405025e+00, -7.719730206712669e-01,  5.879435104954934e-01
  1.430000000000000e+00, -1.998754656621768e-02, -2.632989786537937e-01,  6.728052705900192e-02, -1.404161158168625e-02,  7.243795693242583e-01, -5.426522364227059e-03,  6.737088371719085e-02,  4.574968749651158e-01,  1.415102851185426e-01,  4.267246244643813e-01, -2.113487150617749e+00, -7.649164924345065e-01,  5.804742957047132e-01
  1.440000000000000e+00, -1.980957318735162e-02, -2.642583066686827e-01,  6.773785629368288e-02, -1.355619281240733e-02,  7.246332664761149e-01, -4.919421877650469e-03,  6.679578502924875e-02,  4.656721833034927e-01,  1.371129617743876e-01,  4.196493927553417e-01, -2.113973241888046e+00, -7.579196460763756e-01,  5.730973848058935e-01
  1.450000000000000e+00, -1.962365629865248e-02, -2.652545766438952e-01,  6.821362827246115e-02, -1.304985884060293e-02,  7.248988067332390e-01, -4.392121952587937e-03,  6.627487378300942e-02,  4.738852120174387e-01,  1.325463735533783e-01,  4.128242874208806e-01, -2.114363805012184e+00, -7.510234556691180e-01,  5.658594954085386e-01
  1.460000000000000e+00, -1.942822079520795e-02, -2.662956041496787e-01,  6.871167382926556e-02, -1.251838676384125e-02,  7.251784901367971e-01, -3.840428073042943e-03,  6.581185216202574e-02,  4.821524499034118e-01,  1.277746887516042e-01,  4.062893709155274e-01, -2.114636596242803e+00, -7.442723808007135e-01,  5.588124036335618e-01
  1.470000000000000e+00, -1.921972447433893e-02, -2.673991679589030e-01,  6.924065263716456e-02, -1.195228963271006e-02,  7.254774780657293e-01, -3.254797522040252e-03,  6.541114866688862e-02,  4.905295020597489e-01,  1.227161713875367e-01,  4.001004679244132e-01, -2.114751788202059e+00, -7.377193660417721e-01,  5.520200140871605e-01
  1.480000000000000e+00, -1.898582470340825e-02, -2.686269349407296e-01,  6.983054204289366e-02, -1.131870751802906e-02,  7.258138043428540e-01, -2.601991875872309e-03,  6.508152554246570e-02,  4.992469472182858e-01,  1.170886732978624e-01,  3.943895919315574e-01, -2.114605007256227e+00, -7.314637400641121e-01,  5.456061008061147e-01
  1.490000000000000e+00, -1.898582470340825e-02, -2.686269349407296e-01,  6.983054204289366e-02, -1.131870751802906e-02,  7.258138043428540e-01, -2.601991875872309e-03,  6.508152554246570e-02,  4.992469472182858e-01,  1.170886732978624e-01,  3.943895919315574e-01, -2.114605007256227e+00, -7.314637400641121e-01,  5.456061008061147e-01
