Main.Studies.MarkerTracking.t,Main.Studies.MarkerTracking.JointAngleOutputs.OutputFile_RightArm.ThoraxClavicula[0],Main.Studies.MarkerTracking.JointAngleOutputs.OutputFile_RightArm.ThoraxClavicula[1],Main.Studies.MarkerTracking.JointAngleOutputs.OutputFile_RightArm.ThoraxClavicula[2],Main.Studies.MarkerTracking.JointAngleOutputs.OutputFile_RightArm.ClaviculaScapula[0],Main.Studies.MarkerTracking.JointAngleOutputs.OutputFile_RightArm.ClaviculaScapula[1],Main.Studies.MarkerTracking.JointAngleOutputs.OutputFile_RightArm.ClaviculaScapula[2],Main.Studies.MarkerTracking.JointAngleOutputs.OutputFile_RightArm.ScapulaHumerus[0],Main.Studies.MarkerTracking.JointAngleOutputs.OutputFile_RightArm.ScapulaHumerus[1],Main.Studies.MarkerTracking.JointAngleOutputs.OutputFile_RightArm.ScapulaHumerus[2],Main.Studies.MarkerTracking.JointAngleOutputs.OutputFile_RightArm.HumerusUlna,Main.Studies.MarkerTracking.JointAngleOutputs.OutputFile_RightArm.UlnaRadius,Main.Studies.MarkerTracking.JointAngleOutputs.OutputFile_RightArm.RadiusWrist,Main.Studies.MarkerTracking.JointAngleOutputs.OutputFile_RightArm.WristHand
  3.000000000000000e-01, -7.899242100368280e-03, -2.723555760111552e-01,  7.605443337109052e-02,  6.140117063989338e-03,  7.472634795675983e-01,  8.647708671852975e-03,  1.056881602941952e-01,  1.092013851641738e+00,  2.909238818502443e-01,  2.481086654987820e-01,  2.422033074801544e+00, -2.966606988388058e+00,  2.692538950830969e+00
  3.100000000000000e-01, -7.187500612406569e-03, -2.721532624125039e-01,  7.627678433028444e-02,  7.163169258367483e-03,  7.486972006916851e-01,  9.196174070896061e-03,  1.095569264315153e-01,  1.098158328947750e+00,  3.048608973506570e-01,  2.468865914512455e-01,  2.420124093116304e+00, -2.967206080479152e+00,  2.697777586300575e+00
  3.200000000000000e-01, -6.450409401096490e-03, -2.719772526035393e-01,  7.652066850243643e-02,  8.231440096334459e-03,  7.501799464832065e-01,  9.773772412168924e-03,  1.134993975193155e-01,  1.104299209004569e+00,  3.190548112895030e-01,  2.455940695096658e-01,  2.418085447463421e+00, -2.967772451761671e+00,  2.703183421340610e+00
  3.300000000000000e-01, -5.682439327031549e-03, -2.718285428368399e-01,  7.678889354735698e-02,  9.353607429808548e-03,  7.517226883164705e-01,  1.038535782952916e-02,  1.175355986770155e-01,  1.110484326146060e+00,  3.335963217477465e-01,  2.442084034142000e-01,  2.415913576858819e+00, -2.968282889690447e+00,  2.708780940652421e+00
  3.400000000000000e-01, -4.882582641532373e-03, -2.717087229088647e-01,  7.708257989047718e-02,  1.053170022530944e-02,  7.533273732589058e-01,  1.103202306013610e-02,  1.216643644107053e-01,  1.116690725275828e+00,  3.484905471817026e-01,  2.427547446221737e-01,  2.413631357016655e+00, -2.968787370382712e+00,  2.714577775975221e+00
  3.500000000000000e-01, -4.050754604181102e-03, -2.716210455072437e-01,  7.740313868338843e-02,  1.176676646574578e-02,  7.549939245255541e-01,  1.171461761144876e-02,  1.258736479181488e-01,  1.122924827126928e+00,  3.637164495315741e-01,  2.412156136148145e-01,  2.411264054825558e+00, -2.969266450551598e+00,  2.720568044667561e+00
  3.600000000000000e-01, -3.185250781848838e-03, -2.715689252134085e-01,  7.775275157092967e-02,  1.306235408548377e-02,  7.567254664759692e-01,  1.243540426192282e-02,  1.301531853954769e-01,  1.129234264594681e+00,  3.792831462123341e-01,  2.395358098742586e-01,  2.408819067499894e+00, -2.969637190571877e+00,  2.726748013774965e+00
  3.700000000000000e-01, -2.285743465523443e-03, -2.715553481209401e-01,  7.813284688722534e-02,  1.441984641612776e-02,  7.585224237452945e-01,  1.319528186247370e-02,  1.344920147945592e-01,  1.135609139548611e+00,  3.951748385758334e-01,  2.377239911936800e-01,  2.406327419244545e+00, -2.969919999727175e+00,  2.733114361070119e+00
  3.800000000000000e-01, -1.351343671822334e-03, -2.715838276364463e-01,  7.854532156931655e-02,  1.584161957221021e-02,  7.603862710969091e-01,  1.399577666131204e-02,  1.388775344439077e-01,  1.142062718946331e+00,  4.113833159440561e-01,  2.357658398884098e-01,  2.403812671757940e+00, -2.970096030588671e+00,  2.739661613152217e+00
  3.900000000000000e-01, -3.811076165181257e-04, -2.716582045317317e-01,  7.899224468213491e-02,  1.733023241965481e-02,  7.623185451578005e-01,  1.483853383381699e-02,  1.432956098037315e-01,  1.148609992503600e+00,  4.278990830993542e-01,  2.336473303117098e-01,  2.401298692818569e+00, -2.970144823910645e+00,  2.746382726759272e+00
  4.000000000000000e-01,  6.259642738706477e-04, -2.717826888625060e-01,  7.947587731723176e-02,  1.888844086825458e-02,  7.643208387036349e-01,  1.572532850869457e-02,  1.477305420222555e-01,  1.155267432136680e+00,  4.447110232922598e-01,  2.313551222984724e-01,  2.398809345339269e+00, -2.970044611390355e+00,  2.753269023433917e+00
  4.100000000000000e-01,  1.670928353960047e-03, -2.719618979671903e-01,  7.999869127339510e-02,  2.051921161143263e-02,  7.663947948125746e-01,  1.665807492569494e-02,  1.521650619153500e-01,  1.162052775595229e+00,  4.618060818888128e-01,  2.288768961766750e-01,  2.396368157448153e+00, -2.969772561753121e+00,  2.760310147680020e+00
  4.200000000000000e-01,  2.754875909021355e-03, -2.722007030387285e-01,  8.056329945485349e-02,  2.222565507370411e-02,  7.685420773931809e-01,  1.763875044903880e-02,  1.565801478830480e-01,  1.168984687458646e+00,  4.791700921643988e-01,  2.262007991213917e-01,  2.393995139676272e+00, -2.969303138291813e+00,  2.767494536820288e+00
  4.300000000000000e-01,  3.878984585013692e-03, -2.725049504982962e-01,  8.117277856544412e-02,  2.401128241846314e-02,  7.707643836522708e-01,  1.866968025029448e-02,  1.609560161837515e-01,  1.176081658858869e+00,  4.967825901795176e-01,  2.233202857093727e-01,  2.391717879007704e+00, -2.968617845748317e+00,  2.774807674938045e+00
  4.400000000000000e-01,  5.044467866349052e-03, -2.728804658199543e-01,  8.183024116811168e-02,  2.587969157233981e-02,  7.730634559615776e-01,  1.975314668861548e-02,  1.652707418604321e-01,  1.183364409425579e+00,  5.146243450475571e-01,  2.202262841623123e-01,  2.389554269495061e+00, -2.967689287802218e+00,  2.782234674849958e+00
  4.500000000000000e-01,  6.252540864589111e-03, -2.733335426073845e-01,  8.253902612708247e-02,  2.783463773531195e-02,  7.754409492889565e-01,  2.089152359856033e-02,  1.695012431495925e-01,  1.190852564917227e+00,  5.326722968085761e-01,  2.169136303700658e-01,  2.387521932759841e+00, -2.966492971468371e+00,  2.789758792529391e+00
  4.600000000000000e-01,  7.504476647388617e-03, -2.738712617040622e-01,  8.330285997457983e-02,  2.988020230039259e-02,  7.778984978417637e-01,  2.208742427775405e-02,  1.736241556745697e-01,  1.198564429210636e+00,  5.508977516582377e-01,  2.133813365443289e-01,  2.385641981927360e+00, -2.965010415445007e+00,  2.797362106108871e+00
  4.700000000000000e-01,  8.801440259596732e-03, -2.745005703274442e-01,  8.412540878419870e-02,  3.202031901914287e-02,  7.804374861825049e-01,  2.334324656256309e-02,  1.776147598839379e-01,  1.206516571405954e+00,  5.692708901504656e-01,  2.096306488335123e-01,  2.383928388116809e+00, -2.963221949914393e+00,  2.805025856304686e+00
  4.800000000000000e-01,  1.014466394828859e-02, -2.752290970374247e-01,  8.501069645370828e-02,  3.425924578980250e-02,  7.830592937076907e-01,  2.466158649990188e-02,  1.814481689526614e-01,  1.214726339820142e+00,  5.877573396344342e-01,  2.056649598673688e-01,  2.382396743410809e+00, -2.961109553396124e+00,  2.812729746921073e+00
  4.900000000000000e-01,  1.153518571341400e-02, -2.760643052207946e-01,  8.596264490889670e-02,  3.660096082849212e-02,  7.857648639406842e-01,  2.604473580023167e-02,  1.850994865875294e-01,  1.223206152310269e+00,  6.063196047392233e-01,  2.014923740307316e-01,  2.381059086442038e+00, -2.958660991297528e+00,  2.820453648149839e+00
  5.000000000000000e-01,  1.297392828615202e-02, -2.770137278481248e-01,  8.698520956799481e-02,  3.904934351904170e-02,  7.885548259199927e-01,  2.749482342620641e-02,  1.885442876385291e-01,  1.231966219913633e+00,  6.249167143316273e-01,  1.971240186955915e-01,  2.379926165792533e+00, -2.955867567830066e+00,  2.828177004936093e+00
  5.100000000000000e-01,  1.446160759589089e-02, -2.780846486143775e-01,  8.808221000074280e-02,  4.160795659466007e-02,  7.914293411777642e-01,  2.901363485751052e-02,  1.917589616204331e-01,  1.241013408198441e+00,  6.435049009514058e-01,  1.925742297675863e-01,  2.379006244797618e+00, -2.952724608141736e+00,  2.835879206531001e+00
  5.200000000000000e-01,  1.599868316545790e-02, -2.792840347407636e-01,  8.925728233601042e-02,  4.427995245812683e-02,  7.943880037852780e-01,  3.060255350495554e-02,  1.947216811671234e-01,  1.250350038540435e+00,  6.620368913774278e-01,  1.878612162222322e-01,  2.378307235792328e+00, -2.949234986304405e+00,  2.843540490986682e+00
  5.300000000000000e-01,  1.758527361924082e-02, -2.806180798785766e-01,  9.051365104149932e-02,  4.706782579197865e-02,  7.974297222135392e-01,  3.226234844557414e-02,  1.974122166314859e-01,  1.259974611659291e+00,  6.804641467570166e-01,  1.830055908313628e-01,  2.377833295178294e+00, -2.945404791305789e+00,  2.851141391028374e+00
  5.400000000000000e-01,  1.922110656557531e-02, -2.820921107317461e-01,  9.185406540109210e-02,  4.997330580718434e-02,  8.005526254967669e-01,  3.399311667599720e-02,  1.998128974628076e-01,  1.269880837576901e+00,  6.987364221919107e-01,  1.780308174949854e-01,  2.377586773456743e+00, -2.941246339601500e+00,  2.858663536683341e+00
  5.500000000000000e-01,  2.090545709450972e-02, -2.837103081484711e-01,  9.328065033944373e-02,  5.299718086292100e-02,  8.037539734721052e-01,  3.579415982110715e-02,  2.019089517366048e-01,  1.280057749754344e+00,  7.168028758391884e-01,  1.729625080882556e-01,  2.377567455670798e+00, -2.936777161226272e+00,  2.866089751766152e+00
  5.600000000000001e-01,  2.263710080944083e-02, -2.854754851639728e-01,  9.479478411382020e-02,  5.613915542941204e-02,  8.070300927016185e-01,  3.766389721332782e-02,  2.036888824920411e-01,  1.290489858081952e+00,  7.346130126055223e-01,  1.678277972441105e-01,  2.377772294823179e+00, -2.932019408683304e+00,  2.873404215536073e+00
  5.700000000000001e-01,  2.441428326558395e-02, -2.873889016002378e-01,  9.639699516959604e-02,  5.939773751885602e-02,  8.103763450539997e-01,  3.959980938399387e-02,  2.051447359330638e-01,  1.301157542577899e+00,  7.521177113633369e-01,  1.626546031360177e-01,  2.378195142313747e+00, -2.926998945992968e+00,  2.880592552753229e+00
  5.800000000000001e-01,  2.623471053878450e-02, -2.894501324225497e-01,  9.808688775656538e-02,  6.277016888454594e-02,  8.137871365244227e-01,  4.159842026482749e-02,  2.062722353645054e-01,  1.312037693719828e+00,  7.692702875504325e-01,  1.574707979869704e-01,  2.378826510336323e+00, -2.921744140715682e+00,  2.887641845222541e+00
  5.900000000000001e-01,  2.809556401819844e-02, -2.916570040841230e-01,  9.986310430067631e-02,  6.625240749197520e-02,  8.172559705791530e-01,  4.365532352802538e-02,  2.070707613047743e-01,  1.323104586959124e+00,  7.860275312721955e-01,  1.523033244346753e-01,  2.379653403668479e+00, -2.916284414358389e+00,  2.894540562249118e+00
  6.000000000000000e-01,  2.999353986005842e-02, -2.940056072555225e-01,  1.017233292242109e-01,  6.983916656214363e-02,  8.207755452733925e-01,  4.576525404883979e-02,  2.075431719618051e-01,  1.334330947195640e+00,  8.023506509547575e-01,  1.471773096841977e-01,  2.380659257961769e+00, -2.910648645458056e+00,  2.901278411898141e+00
  6.100000000000000e-01,  3.192491006763749e-02, -2.964903858102023e-01,  1.036643339876588e-01,  7.352400713342955e-02,  8.243378870958791e-01,  4.792219983617537e-02,  2.076954795458667e-01,  1.345689115607023e+00,  8.182060470237812e-01,  1.421152459273749e-01,  2.381824019725075e+00, -2.904863563939173e+00,  2.907846120108561e+00
  6.200000000000000e-01,  3.388559862168394e-02, -2.991042920657659e-01,  1.056820574118386e-01,  7.729947300217085e-02,  8.279345083794341e-01,  5.011954406884546e-02,  2.075364186380182e-01,  1.357152199304511e+00,  8.335658465501369e-01,  1.371363118182259e-01,  2.383124389457156e+00, -2.898952300604208e+00,  2.914235153457301e+00
  6.300000000000000e-01,  3.587127493431798e-02, -3.018390135730587e-01,  1.077717259710557e-01,  8.115727472644521e-02,  8.315565905543998e-01,  5.235023810887943e-02,  2.070767968564241e-01,  1.368695572430491e+00,  8.484082611762320e-01,  1.322556272402493e-01,  2.384534771369473e+00, -2.892933121823938e+00,  2.920437504897051e+00
  6.399999999999999e-01,  3.787738495031368e-02, -3.046850999421250e-01,  1.099279042478197e-01,  8.508835264956212e-02,  8.351950561149748e-01,  5.460689499838686e-02,  2.063296372643837e-01,  1.380295642176198e+00,  8.627170916761920e-01,  1.274851278747584e-01,  2.386025571445022e+00, -2.886819172715228e+00,  2.926444977988410e+00
  6.499999999999999e-01,  3.989928661729879e-02, -3.076323341426289e-01,  1.121447016449441e-01,  8.908317372462454e-02,  8.388408145414191e-01,  5.688202668408875e-02,  2.053087916685171e-01,  1.391933263177167e+00,  8.764820589775676e-01,  1.228319229444235e-01,  2.387567188172380e+00, -2.880617561877429e+00,  2.932249555570143e+00
  6.600000000000000e-01,  4.193224832712227e-02, -3.106698295973785e-01,  1.144158004208163e-01,  9.313174403439131e-02,  8.424847698758557e-01,  5.916809463575492e-02,  2.040291649039984e-01,  1.403591903011765e+00,  8.896978338815257e-01,  1.182996440551228e-01,  2.389128382380427e+00, -2.874329924787139e+00,  2.937842694246519e+00
  6.700000000000000e-01,  4.397149607086826e-02, -3.137862571431508e-01,  1.167345649081934e-01,  9.722373646986671e-02,  8.461179055208509e-01,  6.145763081319358e-02,  2.025059604465353e-01,  1.415258915345153e+00,  9.023635119495222e-01,  1.138883554417926e-01,  2.390678413154938e+00, -2.867952737631932e+00,  2.943214958534350e+00
  6.800000000000000e-01,  4.601216922796170e-02, -3.169697693766420e-01,  1.190939771692642e-01,  1.013483947955078e-01,  8.497312309722622e-01,  6.374320119751119e-02,  2.007557780972728e-01,  1.426921098979011e+00,  9.144816361284971e-01,  1.095960725374319e-01,  2.392183866869064e+00, -2.861478915001614e+00,  2.948357273458432e+00
  6.899999999999999e-01,  4.804939928102128e-02, -3.202083915009020e-01,  1.214868373721720e-01,  1.054947621334849e-01,  8.533159002648417e-01,  6.601759178646106e-02,  1.987943555300134e-01,  1.438570726060224e+00,  9.260579174283862e-01,  1.054176211945970e-01,  2.393614812524030e+00, -2.854897164692811e+00,  2.953258758656055e+00
  7.000000000000000e-01,  5.007820647750597e-02, -3.234897977906782e-01,  1.239056093828237e-01,  1.096514551329363e-01,  8.568630603914410e-01,  6.827368483710275e-02,  1.966377377196644e-01,  1.450200646328859e+00,  9.371002829899991e-01,  1.013464911933089e-01,  2.394943804290567e+00, -2.848195520527895e+00,  2.957908436345712e+00
  7.100000000000000e-01,  5.209359111248563e-02, -3.268015702503262e-01,  1.263425721114967e-01,  1.138068820936854e-01,  8.603640129138037e-01,  7.050460582291544e-02,  1.943026012777680e-01,  1.461803841574924e+00,  9.476183358638710e-01,  9.737466943528765e-02,  2.396137633044439e+00, -2.841356630904099e+00,  2.962294343134221e+00
  7.200000000000000e-01,  5.409041512282701e-02, -3.301310275381591e-01,  1.287896821750127e-01,  1.179490090571994e-01,  8.638100220497377e-01,  7.270360643503322e-02,  1.918046860583403e-01,  1.473375432073467e+00,  9.576232531539671e-01,  9.349314421454756e-02,  2.397172185704124e+00, -2.834365852148673e+00,  2.966404506866626e+00
  7.300000000000000e-01,  5.606346445450690e-02, -3.334653775302971e-01,  1.312386670247732e-01,  1.220655061317921e-01,  8.671924319225962e-01,  7.486415672393976e-02,  1.891597904494643e-01,  1.484910420792516e+00,  9.671271377515988e-01,  8.969233922521133e-02,  2.398022824329082e+00, -2.827207276639370e+00,  2.970226541886257e+00
  7.400000000000000e-01,  5.800732936845896e-02, -3.367915217482507e-01,  1.336808758154976e-01,  1.261435050520227e-01,  8.705024758230507e-01,  7.697982165568265e-02,  1.863838832551339e-01,  1.496402430125551e+00,  9.761422618889627e-01,  8.596373200611090e-02,  2.398671049188380e+00, -2.819869926612788e+00,  2.973748238007631e+00
  7.500000000000000e-01,  5.991690541582449e-02, -3.400970259502997e-01,  1.361079601136193e-01,  1.301706905103804e-01,  8.737321189587349e-01,  7.904483858134960e-02,  1.834909242265920e-01,  1.507849993491380e+00,  9.846832879343885e-01,  8.229428540146218e-02,  2.399088522607025e+00, -2.812329813543591e+00,  2.976956582386529e+00
  7.600000000000000e-01,  6.178644197427287e-02, -3.433682920921869e-01,  1.385105850011582e-01,  1.341332545375138e-01,  8.768724872767211e-01,  8.105302607283045e-02,  1.804970043357311e-01,  1.519242819884031e+00,  9.927624087877759e-01,  7.867841563830151e-02,  2.399270474655595e+00, -2.804588355839077e+00,  2.979840908728691e+00
  7.700000000000000e-01,  6.361120594244692e-02, -3.465939825188487e-01,  1.408808021022935e-01,  1.380195750577644e-01,  8.799165741872553e-01,  8.299972093427538e-02,  1.774126539794006e-01,  1.530586998405634e+00,  1.000396196420262e+00,  7.509879689440360e-02,  2.399184409826395e+00, -2.796610530726327e+00,  2.982385882556265e+00
  7.800000000000000e-01,  6.538568543487347e-02, -3.497612404008260e-01,  1.432094585059900e-01,  1.418162451222647e-01,  8.828563351560437e-01,  8.487964078442448e-02,  1.742515062101071e-01,  1.541875174067226e+00,  1.007598028051628e+00,  7.154824993059390e-02,  2.398827914092581e+00, -2.788395724302402e+00,  2.984581108138018e+00
  7.900000000000000e-01,  6.710478599251422e-02, -3.528582355530545e-01,  1.454879498232702e-01,  1.455107497260280e-01,  8.856846050355667e-01,  8.668828272640215e-02,  1.710248451383971e-01,  1.553105305905199e+00,  1.014382427860090e+00,  6.801629698169935e-02,  2.398192297265316e+00, -2.779933522523194e+00,  2.986415103243986e+00
  8.000000000000000e-01,  6.876360785606676e-02, -3.558736926644102e-01,  1.477079106639341e-01,  1.490909886409405e-01,  8.883947210891782e-01,  8.842162819555001e-02,  1.677426735703046e-01,  1.564276597921398e+00,  1.020763920735203e+00,  6.449238438808348e-02,  2.397272089853177e+00, -2.771214510066872e+00,  2.987876858929094e+00
  8.100000000000001e-01,  7.035749905481714e-02, -3.587970034623799e-01,  1.498613078047057e-01,  1.525454123917841e-01,  8.909805857614024e-01,  9.007617024765435e-02,  1.644135894907391e-01,  1.575389801472119e+00,  1.026756935266735e+00,  6.096583189974604e-02,  2.396065126004808e+00, -2.762230043770011e+00,  2.988955886020942e+00
  8.200000000000001e-01,  7.188153744399570e-02, -3.616170927797409e-01,  1.519396667023296e-01,  1.558618602002305e-01,  8.934358445981198e-01,  9.164829710037249e-02,  1.610491623442250e-01,  1.586435230443140e+00,  1.032372943139968e+00,  5.743305797373022e-02,  2.394582281845932e+00, -2.752991313442337e+00,  2.989646070993104e+00
  8.300000000000001e-01,  7.333284781447016e-02, -3.643274529603809e-01,  1.539376027625718e-01,  1.590328365676608e-01,  8.957574339883558e-01,  9.313684575640460e-02,  1.576461976208412e-01,  1.597441750905072e+00,  1.037631379821015e+00,  5.386829403141235e-02,  2.392807079471927e+00, -2.743450821310029e+00,  2.989930390929366e+00
  8.400000000000001e-01,  7.470611788104088e-02, -3.669163085182727e-01,  1.558459907441446e-01,  1.620453153147466e-01,  8.979386572299615e-01,  9.453803370537356e-02,  1.542209768096883e-01,  1.608380972637541e+00,  1.042538370761749e+00,  5.028138289309379e-02,  2.390778027628025e+00, -2.733658223606666e+00,  2.989812085694398e+00
  8.500000000000001e-01,  7.600037102252591e-02, -3.693816592494810e-01,  1.576624480487312e-01,  1.648962546854768e-01,  8.999794732357140e-01,  9.585300186558018e-02,  1.507595186517306e-01,  1.619310143208791e+00,  1.047116645360741e+00,  4.663165540412170e-02,  2.388463592583236e+00, -2.723526316157349e+00,  2.989264830129905e+00
  8.600000000000001e-01,  7.721174740851912e-02, -3.717150758670312e-01,  1.593801068909135e-01,  1.675760285507589e-01,  9.018755152501831e-01,  9.707967239761837e-02,  1.472693522143880e-01,  1.630220593962262e+00,  1.051374702847895e+00,  4.291981097286181e-02,  2.385900654693919e+00, -2.713083327988324e+00,  2.988287864531240e+00
  8.700000000000001e-01,  7.833797137767894e-02, -3.739117412407607e-01,  1.609945998157109e-01,  1.700787035787564e-01,  9.036248266934851e-01,  9.821772653086699e-02,  1.437485249185749e-01,  1.641130097457806e+00,  1.055325180898545e+00,  3.913141928825739e-02,  2.383106231178256e+00, -2.702316173652291e+00,  2.986871648941587e+00
  8.800000000000001e-01,  7.937730677838510e-02, -3.759680925098025e-01,  1.625024472379361e-01,  1.723996482042303e-01,  9.052262402307563e-01,  9.926738494011983e-02,  1.401925040059159e-01,  1.652062028760334e+00,  1.058980664157689e+00,  3.525003645007329e-02,  2.380100520281586e+00, -2.691208176029868e+00,  2.985005674315478e+00
  8.900000000000001e-01,  8.032857941650016e-02, -3.778818711433440e-01,  1.639011104755687e-01,  1.745355934339674e-01,  9.066793769669413e-01,  1.002293958490278e-01,  1.365939859979890e-01,  1.663046158418599e+00,  1.062353762059379e+00,  3.125678764578822e-02,  2.376907123447746e+00, -2.679738549272642e+00,  2.982678101615319e+00
  8.999999999999999e-01,  8.119121795838187e-02, -3.796522204096318e-01,  1.651890751614139e-01,  1.764847364079329e-01,  9.079846743626978e-01,  1.011050483641897e-01,  1.329423960931011e-01,  1.674120244337882e+00,  1.065457355449508e+00,  2.712959425694981e-02,  2.373553490384366e+00, -2.667881388147801e+00,  2.979875189194531e+00
  9.099999999999999e-01,  8.196683680978056e-02, -3.812833006048950e-01,  1.663684119410884e-01,  1.782504353509373e-01,  9.091456615485082e-01,  1.018978341020817e-01,  1.292046783784093e-01,  1.685377389245513e+00,  1.068314591783748e+00,  2.282083018232456e-02,  2.370074058345241e+00, -2.655563466897695e+00,  2.976566138379789e+00
  9.199999999999999e-01,  8.265340248879763e-02, -3.827710563317153e-01,  1.674354515939992e-01,  1.798276467393853e-01,  9.101604190242756e-01,  1.026072122872723e-01,  1.253944414731981e-01,  1.696797026727753e+00,  1.070922662356937e+00,  1.833774943314313e-02,  2.366506543300162e+00, -2.642822274963005e+00,  2.972757358378062e+00
  9.299999999999999e-01,  8.325383048707664e-02, -3.841227795817458e-01,  1.683945780376044e-01,  1.812229356041334e-01,  9.110341059226271e-01,  1.032377745267600e-01,  1.214707672393031e-01,  1.708494540567431e+00,  1.073305857125813e+00,  1.362321310331930e-02,  2.362895701279776e+00, -2.629572319157564e+00,  2.968411977225085e+00
  9.399999999999999e-01,  8.377213602617567e-02, -3.853485047227978e-01,  1.692521586879203e-01,  1.824455767510695e-01,  9.117732598344015e-01,  1.037951209790533e-01,  1.173788398158629e-01,  1.720619804292043e+00,  1.075493576557905e+00,  8.606710870239599e-03,  2.359311177491230e+00, -2.615717295985875e+00,  2.963484394479681e+00
  9.500000000000000e-01,  8.420911157132130e-02, -3.864510650684628e-01,  1.700095163651462e-01,  1.834974310903042e-01,  9.123795868061360e-01,  1.042813084608722e-01,  1.131112210448023e-01,  1.733213706763359e+00,  1.077489589661546e+00,  3.267249525014230e-03,  2.355806158255151e+00, -2.601253336882256e+00,  2.957962972990149e+00
  9.600000000000000e-01,  8.457213280650870e-02, -3.874488957074479e-01,  1.706789777681320e-01,  1.843959662935448e-01,  9.128640133893039e-01,  1.047052763809012e-01,  1.085734549662127e-01,  1.746530654964949e+00,  1.079339617662630e+00, -2.510234337044062e-03,  2.352498396824055e+00, -2.586032143699316e+00,  2.951774344081488e+00
  9.700000000000000e-01,  8.486585389750280e-02, -3.883546567502123e-01,  1.712687686309927e-01,  1.851524838200676e-01,  9.132332991911803e-01,  1.050730328015734e-01,  1.037110521925967e-01,  1.760737915444175e+00,  1.081067163233775e+00, -8.800501522506983e-03,  2.349500366248824e+00, -2.569990687999438e+00,  2.944875579342539e+00
  9.800000000000000e-01,  8.509781569181220e-02, -3.891885141587769e-01,  1.717923118422329e-01,  1.857853579977394e-01,  9.134980164116105e-01,  1.053936752708651e-01,  9.843028943488431e-02,  1.776107492341711e+00,  1.082712772706431e+00, -1.572221281570959e-02,  2.346976913637765e+00, -2.553021131466998e+00,  2.937200723102081e+00
  9.900000000000000e-01,  8.527715674646483e-02, -3.899755501860843e-01,  1.722663129841146e-01,  1.863171280430389e-01,  9.136706197464544e-01,  1.056781374899865e-01,  9.261352155565869e-02,  1.792984005267759e+00,  1.084325586759642e+00, -2.342219261127530e-02,  2.345148458789918e+00, -2.535009342660215e+00,  2.928676962136517e+00
  1.000000000000000e+00,  8.541448813938635e-02, -3.907459962520043e-01,  1.727108051111994e-01,  1.867743565761291e-01,  9.137651632662107e-01,  1.059392080745338e-01,  8.611683575314323e-02,  1.811795499811725e+00,  1.085963515410544e+00, -3.207803948072502e-02,  2.344308552230947e+00, -2.515846564842359e+00,  2.919232186493926e+00
  1.010000000000000e+00,  8.552129194477616e-02, -3.915344766664757e-01,  1.731484677795699e-01,  1.871864035478447e-01,  9.137963165915670e-01,  1.061910819488242e-01,  7.877196081325276e-02,  1.833054412900337e+00,  1.087691050532633e+00, -4.189545551939336e-02,  2.344841725200494e+00, -2.495452726648967e+00,  2.908811270122350e+00
  1.020000000000000e+00,  8.560945147257153e-02, -3.923797922310854e-01,  1.736042784878458e-01,  1.875845820343523e-01,  9.137785151293298e-01,  1.064491069875512e-01,  7.038154208438573e-02,  1.857374548167063e+00,  1.089579814496086e+00, -5.311105130114257e-02,  2.347252533958715e+00, -2.473797536086937e+00,  2.897396092289513e+00
  1.030000000000000e+00,  8.568305665336455e-02, -3.933047105344101e-01,  1.740914412301382e-01,  1.879825182909799e-01,  9.137146408073630e-01,  1.067209598011036e-01,  6.082945938705916e-02,  1.885191881913122e+00,  1.091656372328161e+00, -6.586950446400366e-02,  2.352053282549146e+00, -2.451064388157231e+00,  2.885102793239864e+00
  1.040000000000000e+00,  8.573974508443960e-02, -3.943188059825469e-01,  1.746134245332412e-01,  1.883792089323486e-01,  9.135980440830520e-01,  1.070080327137202e-01,  5.004934064307404e-02,  1.916827905298037e+00,  1.093918054482640e+00, -8.024962845686791e-02,  2.359778001873678e+00, -2.427601582824252e+00,  2.872177712196346e+00
  1.050000000000000e+00,  8.576100073882566e-02, -3.953904511626827e-01,  1.751452435252799e-01,  1.887345111928326e-01,  9.134001459005479e-01,  1.072940307033224e-01,  3.818390674915773e-02,  1.952051759548982e+00,  1.096264793831330e+00, -9.608749689849884e-02,  2.370711278510822e+00, -2.404051217504326e+00,  2.859071497513230e+00
  1.060000000000000e+00,  8.571295825290862e-02, -3.964423502597392e-01,  1.756315904622165e-01,  1.889690823963593e-01,  9.130731249123089e-01,  1.075443210813987e-01,  2.562738306460791e-02,  1.989925163579905e+00,  1.098490321450249e+00, -1.129338032409885e-01,  2.384675056557050e+00, -2.381237449102972e+00,  2.846362966954436e+00
  1.070000000000000e+00,  8.555854262028585e-02, -3.973778157096826e-01,  1.760058841307255e-01,  1.889923715607038e-01,  9.125674884864304e-01,  1.077180447105654e-01,  1.290736025104594e-02,  2.029085880448279e+00,  1.100343680637287e+00, -1.301948570372635e-01,  2.401054942048998e+00, -2.359882175506147e+00,  2.834564943898887e+00
  1.080000000000000e+00,  8.527019416260785e-02, -3.981141073745937e-01,  1.762132163559794e-01,  1.887337764447556e-01,  9.118489727317803e-01,  1.077820623835434e-01,  5.200689319426067e-04,  2.068195793148047e+00,  1.101602958248013e+00, -1.473245719907862e-01,  2.419020572978257e+00, -2.340396207530297e+00,  2.823972872711535e+00
  1.090000000000000e+00,  8.483474745592773e-02, -3.985995788505848e-01,  1.762214097389124e-01,  1.881559642442313e-01,  9.109038535200370e-01,  1.077172169443165e-01, -1.116344171279762e-02,  2.106225659878363e+00,  1.102111144812874e+00, -1.639314178111596e-01,  2.437753041633222e+00, -2.322863209045086e+00,  2.814644679115608e+00
  1.100000000000000e+00,  8.425188509306600e-02, -3.988150283316345e-01,  1.760209888042741e-01,  1.872527679003241e-01,  9.097355163331114e-01,  1.075178467765649e-01, -2.192300105526594e-02,  2.142553822918784e+00,  1.101780361270958e+00, -1.798014086564260e-01,  2.456602161921460e+00, -2.307138298133900e+00,  2.806469795110962e+00
  1.110000000000000e+00,  8.353053397865781e-02, -3.987692333864432e-01,  1.756211453668103e-01,  1.860418746148298e-01,  9.083585386654445e-01,  1.071890925652429e-01, -3.170114490727721e-02,  2.177008757380258e+00,  1.100589576777170e+00, -1.948960130430664e-01,  2.475211364122122e+00, -2.292967984260303e+00,  2.799265766791891e+00
  1.120000000000000e+00,  8.268138295961906e-02, -3.984774787860269e-01,  1.750353352283662e-01,  1.845459422458900e-01,  9.067891613825930e-01,  1.067382149613225e-01, -4.046875748512379e-02,  2.209513737770723e+00,  1.098528613450116e+00, -2.092107359484698e-01,  2.493304426652557e+00, -2.280098502216556e+00,  2.792837072856388e+00
  1.130000000000000e+00,  8.171624690004718e-02, -3.979612561183354e-01,  1.742807404279333e-01,  1.827914253125211e-01,  9.050442528066351e-01,  1.061743689036848e-01, -4.824505975236644e-02,  2.240131722499367e+00,  1.095604476540411e+00, -2.227866384627805e-01,  2.510738552537321e+00, -2.268298481277509e+00,  2.787003480941975e+00
  1.140000000000000e+00,  8.064673108990171e-02, -3.972443087286145e-01,  1.733755884591998e-01,  1.808051441679299e-01,  9.031397232777011e-01,  1.055071155136106e-01, -5.507501689123773e-02,  2.269003240597680e+00,  1.091832118391200e+00, -2.356858415211869e-01,  2.527470712447203e+00, -2.257379768569910e+00,  2.781616934449675e+00
  1.150000000000000e+00,  7.948287009849338e-02, -3.963465746751781e-01,  1.723354636484100e-01,  1.786101931920000e-01,  9.010892927132671e-01,  1.047443179687954e-01, -6.097836842261391e-02,  2.296204663232766e+00,  1.087216252197195e+00, -2.479417546239724e-01,  2.543432574851447e+00, -2.247189421974519e+00,  2.776544829887901e+00
  1.160000000000000e+00,  7.823434161045562e-02, -3.952886827207269e-01,  1.711760875450182e-01,  1.762292844216365e-01,  8.989059076996968e-01,  1.038939140165362e-01, -6.598281424214335e-02,  2.321841072557828e+00,  1.081764445513236e+00, -2.595937122568941e-01,  2.558616653158451e+00, -2.237612727459482e+00,  2.771686298659238e+00
  1.170000000000000e+00,  7.690962138244922e-02, -3.940889527969281e-01,  1.699114041886366e-01,  1.736824383525072e-01,  8.966007963256993e-01,  1.029627912734963e-01, -7.013167953364310e-02,  2.346033314297401e+00,  1.075488436926306e+00, -2.706767512771693e-01,  2.573033043876362e+00, -2.228558505019433e+00,  2.766953509997753e+00
  1.180000000000000e+00,  7.551638494410680e-02, -3.927630772075147e-01,  1.685536265181119e-01,  1.709875477536855e-01,  8.941843215540951e-01,  1.019569009974274e-01, -7.344439720724787e-02,  2.368837884093211e+00,  1.068392465111080e+00, -2.812009868276866e-01,  2.586654778603225e+00, -2.219951500983127e+00,  2.762264415052235e+00
  1.190000000000000e+00,  7.406300180572041e-02, -3.913296820102456e-01,  1.671166651875058e-01,  1.681644941552978e-01,  8.916677344755503e-01,  1.008834703758160e-01, -7.593745597095279e-02,  2.390331328168141e+00,  1.060483389577460e+00, -2.911866316168832e-01,  2.599534674081405e+00, -2.211759463397898e+00,  2.757585914986980e+00
  1.200000000000000e+00,  7.255648125685910e-02, -3.898030574029650e-01,  1.656115633704322e-01,  1.652295785750647e-01,  8.890607329794712e-01,  9.974812706838879e-02, -7.763527031984953e-02,  2.410564075060335e+00,  1.051770596244536e+00, -3.006353298930740e-01,  2.611672900117518e+00, -2.203943282038494e+00,  2.752867240461597e+00
  1.210000000000000e+00,  7.100392536980211e-02, -3.881976629120357e-01,  1.640494065557802e-01,  1.621992583759959e-01,  8.863733375850725e-01,  9.855679350713144e-02, -7.855745152888569e-02,  2.429574332353082e+00,  1.042265143736093e+00, -3.095450970689513e-01,  2.623083841935046e+00, -2.196480728613891e+00,  2.748076149979746e+00
  1.220000000000000e+00,  6.941228110071483e-02, -3.865272356189092e-01,  1.624407594802441e-01,  1.590894641639926e-01,  8.836156046935689e-01,  9.731535051934623e-02, -7.872376484122220e-02,  2.447388229535628e+00,  1.031981285931196e+00, -3.179088953871629e-01,  2.633780738578684e+00, -2.189357602302584e+00,  2.743189132336440e+00
  1.230000000000000e+00,  6.778901512345627e-02, -3.848073019377877e-01,  1.607971947007713e-01,  1.559174429560462e-01,  8.807984495033544e-01,  9.603068172119340e-02, -7.815774031065906e-02,  2.464050534300739e+00,  1.020939649233700e+00, -3.257291838603950e-01,  2.643835918426027e+00, -2.182588972858666e+00,  2.738222014892524e+00
  1.240000000000000e+00,  6.613955321622451e-02, -3.830453301760948e-01,  1.591253242283022e-01,  1.526946386952131e-01,  8.779305922831949e-01,  9.470668186062919e-02, -7.687647963633390e-02,  2.479509616406827e+00,  1.009157960053686e+00, -3.329660995011406e-01,  2.653140644767039e+00, -2.176125372854981e+00,  2.733105152225839e+00
  1.250000000000000e+00,  6.447098801294385e-02, -3.812549987291918e-01,  1.574354529472023e-01,  1.494369970442697e-01,  8.750229528775946e-01,  9.335003696396696e-02, -7.490783053822192e-02,  2.493788448417142e+00,  9.966657604253131e-01, -3.396156378793477e-01,  2.661751507186924e+00, -2.169983220924321e+00,  2.727860509776153e+00
  1.260000000000000e+00,  6.278961678368970e-02, -3.794468234871743e-01,  1.557358821530108e-01,  1.461581459219640e-01,  8.720856999295139e-01,  9.196641867227499e-02, -7.227980504221579e-02,  2.506875226465766e+00,  9.834951838054287e-01, -3.456604014970147e-01,  2.669666083745138e+00, -2.164158920747494e+00,  2.722486623194217e+00
  1.270000000000000e+00,  6.110147555984824e-02, -3.776303103654722e-01,  1.540342109110018e-01,  1.428709109449641e-01,  8.691288449016502e-01,  9.056132852097655e-02, -6.902367794628142e-02,  2.518751087239458e+00,  9.696832060236749e-01, -3.510824793904676e-01,  2.676876190212043e+00, -2.158647932690908e+00,  2.716984871860631e+00
  1.280000000000000e+00,  5.941228290673579e-02, -3.758138576137866e-01,  1.523372708921907e-01,  1.395871972050186e-01,  8.661621298248988e-01,  8.914002526434990e-02, -6.517416135928729e-02,  2.529390884251198e+00,  9.552714370693576e-01, -3.558640349227042e-01,  2.683367231268403e+00, -2.153443856087400e+00,  2.711358456345450e+00
  1.290000000000000e+00,  5.772738586315024e-02, -3.740046712188651e-01,  1.506510706789964e-01,  1.363178807873498e-01,  8.631949136635557e-01,  8.770745113497752e-02, -6.076944028309811e-02,  2.538763900638513e+00,  9.403057682778662e-01, -3.599877773738051e-01,  2.689117715632829e+00, -2.148537788300081e+00,  2.705611466402977e+00
  1.300000000000000e+00,  5.605171128753204e-02, -3.722086974375582e-01,  1.489807525505553e-01,  1.330727163003079e-01,  8.602360639633693e-01,  8.626816083778494e-02, -5.585107835643403e-02,  2.546834460830577e+00,  9.248358990820320e-01, -3.634373012054895e-01,  2.694098902916433e+00, -2.143917929481244e+00,  2.699748039314429e+00
  1.310000000000000e+00,  5.438972486557472e-02, -3.704305748453037e-01,  1.473305634244355e-01,  1.298602644734412e-01,  8.572938588836508e-01,  8.482625633168130e-02, -5.046380654984019e-02,  2.553562411050024e+00,  9.089147709743000e-01, -3.661972853030865e-01,  2.698274571162177e+00, -2.139569408932921e+00,  2.693771627869608e+00
  1.320000000000000e+00,  5.274539861115753e-02, -3.686736050409929e-01,  1.457038394029707e-01,  1.266878405401544e-01,  8.543759024651154e-01,  8.338532885861977e-02, -4.465521007371960e-02,  2.558903428523656e+00,  8.925979362731136e-01, -3.682535434822078e-01,  2.701600876046250e+00, -2.135474302198145e+00,  2.687684389300612e+00
  1.330000000000000e+00,  5.112218635789943e-02, -3.669397381410036e-01,  1.441030013731907e-01,  1.235614810596018e-01,  8.514890537441132e-01,  8.194840802345983e-02, -3.847533077476097e-02,  2.562809108438885e+00,  8.759428872374900e-01, -3.695929140673372e-01,  2.704026254017593e+00, -2.131611804000172e+00,  2.681486692785350e+00
  1.340000000000000e+00,  4.952259691493992e-02, -3.652280573573378e-01,  1.425286654094816e-01,  1.204848299579883e-01,  8.486388205644146e-01,  8.051723099389876e-02, -3.197649397626554e-02,  2.565209833356254e+00,  8.590069933258472e-01, -3.701950426965505e-01,  2.705449229921267e+00, -2.127939761562634e+00,  2.675151820083401e+00
  1.350000000000000e+00,  4.794987400425112e-02, -3.635410478206590e-01,  1.409833553522287e-01,  1.174636693169977e-01,  8.458315749917952e-01,  7.909504025879939e-02, -2.521180984962602e-02,  2.566084937968958e+00,  8.418525430216198e-01, -3.700649512527939e-01,  2.705893305835551e+00, -2.124473047633547e+00,  2.668729242987188e+00
  1.360000000000000e+00,  4.640534723692687e-02, -3.618747947336856e-01,  1.394657181036748e-01,  1.144988271425953e-01,  8.430709966809214e-01,  7.768211913204698e-02, -1.823581863596237e-02,  2.565350959266958e+00,  8.245371051302066e-01, -3.691806500298581e-01,  2.705233288217327e+00, -2.121162464978982e+00,  2.662182889830604e+00
  1.370000000000000e+00,  4.489064221691615e-02, -3.602272492880410e-01,  1.379754089241368e-01,  1.115921383402225e-01,  8.403609979821316e-01,  7.627949403664129e-02, -1.110321621798518e-02,  2.562955776859444e+00,  8.071205710440132e-01, -3.675364527434388e-01,  2.703428044375596e+00, -2.117999010691787e+00,  2.655528311968499e+00
  1.380000000000000e+00,  4.340547032059202e-02, -3.585899960839072e-01,  1.365082744215574e-01,  1.087405420120215e-01,  8.377027182843413e-01,  7.488511968039001e-02, -3.869274082578066e-03,  2.558778607294531e+00,  7.896567718148029e-01, -3.650972295129495e-01,  2.700285674849645e+00, -2.114910188314811e+00,  2.648696154247979e+00
  1.390000000000000e+00,  4.195026771646861e-02, -3.569580762774476e-01,  1.350621196296279e-01,  1.059431491098965e-01,  8.350980921247275e-01,  7.349838135448236e-02,  3.412490055331405e-03,  2.552745321884233e+00,  7.722023422037110e-01, -3.618507510007079e-01,  2.695748542448258e+00, -2.111889097717220e+00,  2.641699789137164e+00
  1.400000000000000e+00,  4.052422703357338e-02, -3.553227013116719e-01,  1.336324467213685e-01,  1.031960066382243e-01,  8.325471559054305e-01,  7.211669425382694e-02,  1.068950556316040e-02,  2.544739690393725e+00,  7.548094254415896e-01, -3.577669761328257e-01,  2.689688153983787e+00, -2.108904598129627e+00,  2.634516742467244e+00
  1.410000000000000e+00,  3.912612986801032e-02, -3.536760710678705e-01,  1.322150501118408e-01,  1.004948195610732e-01,  8.300489044910679e-01,  7.073744057965187e-02,  1.789901880591573e-02,  2.534708977253769e+00,  7.375308006970791e-01, -3.528358766056189e-01,  2.682060257196320e+00, -2.105963106845545e+00,  2.627163299621596e+00
  1.420000000000000e+00,  3.775154526852439e-02, -3.519919532457917e-01,  1.307959645685216e-01,  9.782500741220594e-02,  8.275987617207987e-01,  6.935019443260867e-02,  2.503236338315373e-02,  2.522151013790110e+00,  7.203967231702871e-01, -3.468891845463629e-01,  2.672310578724313e+00, -2.102904987884541e+00,  2.619452160371155e+00
  1.430000000000000e+00,  3.639764491529152e-02, -3.502618356243259e-01,  1.293700536941643e-01,  9.517965106803859e-02,  8.251924246636239e-01,  6.795078963667300e-02,  3.200754768096429e-02,  2.507091859884897e+00,  7.034585074864926e-01, -3.399355854102554e-01,  2.660538104117558e+00, -2.099819004314078e+00,  2.611478474645795e+00
  1.440000000000000e+00,  3.505693191182016e-02, -3.484540338586929e-01,  1.279196725275613e-01,  9.253796822276834e-02,  8.228197943249229e-01,  6.652470381273107e-02,  3.879538304807915e-02,  2.489040539008593e+00,  6.867407007170513e-01, -3.317946870858752e-01,  2.646262052665976e+00, -2.096617526531820e+00,  2.603111393018831e+00
  1.450000000000000e+00,  3.371843257782241e-02, -3.465266103595145e-01,  1.264211460414470e-01,  8.987097565601353e-02,  8.204652028610968e-01,  6.505156967717569e-02,  4.536407226124976e-02,  2.467365387315841e+00,  6.702583113433150e-01, -3.222214911821663e-01,  2.628927434762623e+00, -2.093242356427313e+00,  2.594226725530421e+00
  1.460000000000000e+00,  3.236235059809872e-02, -3.444059099770501e-01,  1.248328077325381e-01,  8.712714345986093e-02,  8.180999103268520e-01,  6.349470503039760e-02,  5.169947659397552e-02,  2.440890604077999e+00,  6.539976837741349e-01, -3.107469371321789e-01,  2.607509620167165e+00, -2.089583339736284e+00,  2.584579726861048e+00
  1.470000000000000e+00,  3.094981458146197e-02, -3.419529678558964e-01,  1.230755933878522e-01,  8.420716759673719e-02,  8.156663963446943e-01,  6.178308887861728e-02,  5.780774290225959e-02,  2.407380082870274e+00,  6.378885596672157e-01, -2.964515566700347e-01,  2.580105819082994e+00, -2.085477531935251e+00,  2.573728439726862e+00
  1.480000000000000e+00,  2.936583258428986e-02, -3.387553069203056e-01,  1.209151703639817e-01,  8.081719233469474e-02,  8.129945836925223e-01,  5.970529834436099e-02,  6.383613361595988e-02,  2.359925934164663e+00,  6.216286538227090e-01, -2.764771301787297e-01,  2.540842298098827e+00, -2.080382396227695e+00,  2.560262035329676e+00
  1.490000000000000e+00,  2.936583258428986e-02, -3.387553069203056e-01,  1.209151703639817e-01,  8.081719233469474e-02,  8.129945836925223e-01,  5.970529834436099e-02,  6.383613361595988e-02,  2.359925934164663e+00,  6.216286538227090e-01, -2.764771301787297e-01,  2.540842298098827e+00, -2.080382396227695e+00,  2.560262035329676e+00
