Main.Studies.MarkerTracking.t,Main.Studies.MarkerTracking.JointAngleOutputs.OutputFile_RightArm.ThoraxClavicula[0],Main.Studies.MarkerTracking.JointAngleOutputs.OutputFile_RightArm.ThoraxClavicula[1],Main.Studies.MarkerTracking.JointAngleOutputs.OutputFile_RightArm.ThoraxClavicula[2],Main.Studies.MarkerTracking.JointAngleOutputs.OutputFile_RightArm.ClaviculaScapula[0],Main.Studies.MarkerTracking.JointAngleOutputs.OutputFile_RightArm.ClaviculaScapula[1],Main.Studies.MarkerTracking.JointAngleOutputs.OutputFile_RightArm.ClaviculaScapula[2],Main.Studies.MarkerTracking.JointAngleOutputs.OutputFile_RightArm.ScapulaHumerus[0],Main.Studies.MarkerTracking.JointAngleOutputs.OutputFile_RightArm.ScapulaHumerus[1],Main.Studies.MarkerTracking.JointAngleOutputs.OutputFile_RightArm.ScapulaHumerus[2],Main.Studies.MarkerTracking.JointAngleOutputs.OutputFile_RightArm.HumerusUlna,Main.Studies.MarkerTracking.JointAngleOutputs.OutputFile_RightArm.UlnaRadius,Main.Studies.MarkerTracking.JointAngleOutputs.OutputFile_RightArm.RadiusWrist,Main.Studies.MarkerTracking.JointAngleOutputs.OutputFile_RightArm.WristHand
  5.000000000000000e-01, -1.565886636670207e-02, -2.619216461923392e-01,  6.855133783464554e-02, -7.930552483165475e-03,  7.330249611352840e-01, -1.935572174168904e-03,  6.547959615169525e-02,  9.621727896434288e-01,  2.389553865846780e-01,  2.725241448181371e-01,  2.424634944832103e+00, -2.957714915262271e+00,  2.582669611097205e+00
  5.100000000000000e-01, -1.559188612235530e-02, -2.614241655686229e-01,  6.838027885556662e-02, -7.946130916644555e-03,  7.332083580352290e-01, -2.050684812272795e-03,  6.687340636250182e-02,  9.562948975722819e-01,  2.436559809577593e-01,  2.784764448435680e-01,  2.413704535386875e+00, -2.956315501256210e+00,  2.581352096274653e+00
  5.200000000000000e-01, -1.552229531339371e-02, -2.609451858675408e-01,  6.821773590425541e-02, -7.953456066457842e-03,  7.333951117425000e-01, -2.156851656762947e-03,  6.835754771275822e-02,  9.500445831988474e-01,  2.482224483095419e-01,  2.847619390392366e-01,  2.402494488362040e+00, -2.955165275238623e+00,  2.580063134343521e+00
  5.300000000000000e-01, -1.544862169706543e-02, -2.604764880465841e-01,  6.806103216459572e-02, -7.952248011920390e-03,  7.335889755524588e-01, -2.255643495765277e-03,  6.995028013070669e-02,  9.434084367384032e-01,  2.527411838861985e-01,  2.914240260500661e-01,  2.390982425671170e+00, -2.954273411850628e+00,  2.578804783487814e+00
  5.400000000000000e-01, -1.537009236820740e-02, -2.600147160189850e-01,  6.790914436940300e-02, -7.942138108603131e-03,  7.337918266160429e-01, -2.347546261953352e-03,  7.166398051582155e-02,  9.363676057405519e-01,  2.572482810394540e-01,  2.985167095356765e-01,  2.379215073702572e+00, -2.953716165570792e+00,  2.577591442280001e+00
  5.500000000000000e-01, -1.528515312854086e-02, -2.595587594543551e-01,  6.776227610454086e-02, -7.921073939472618e-03,  7.340068560983352e-01, -2.431540211940487e-03,  7.351007594301026e-02,  9.289592539759471e-01,  2.617773523900999e-01,  3.060277379040123e-01,  2.367248055388784e+00, -2.953502721739214e+00,  2.576437099642882e+00
  5.600000000000001e-01, -1.519268574025714e-02, -2.591084576658255e-01,  6.762082715991043e-02, -7.887431935219690e-03,  7.342363000077987e-01, -2.506667523846683e-03,  7.549714075260500e-02,  9.212121526382617e-01,  2.663469234779450e-01,  3.139571288292199e-01,  2.355129636686329e+00, -2.953646271594897e+00,  2.575355011680334e+00
  5.700000000000001e-01, -1.509181504338270e-02, -2.586642650495878e-01,  6.748534083619608e-02, -7.839808026562456e-03,  7.344818532120957e-01, -2.571975479014919e-03,  7.763243972885965e-02,  9.131472793013399e-01,  2.709661979519913e-01,  3.223175542666506e-01,  2.342912858546570e+00, -2.954179330903939e+00,  2.574360955219524e+00
  5.800000000000000e-01, -1.498184348106496e-02, -2.582278082315344e-01,  6.735675458116051e-02, -7.776792048392290e-03,  7.347447395398601e-01, -2.626260247694297e-03,  7.992049041137601e-02,  9.047894576541931e-01,  2.756324207345862e-01,  3.311184461824765e-01,  2.330649081014436e+00, -2.955130060735534e+00,  2.573470991372852e+00
  5.900000000000000e-01, -1.486204176823747e-02, -2.578012362052265e-01,  6.723622775662637e-02, -7.696806559656095e-03,  7.350261921084484e-01, -2.668106816635823e-03,  8.236415230785715e-02,  8.961731674064300e-01,  2.803397469548898e-01,  3.403563641993191e-01,  2.318382028846449e+00, -2.956506824995519e+00,  2.572699642864375e+00
  6.000000000000000e-01, -1.473173305475592e-02, -2.573866734401752e-01,  6.712488765350241e-02, -7.598358104384534e-03,  7.353273436852370e-01, -2.696159445520153e-03,  8.496582940432659e-02,  8.873296896608668e-01,  2.850814990277822e-01,  3.500333658917519e-01,  2.306155905093654e+00, -2.958327917751489e+00,  2.572062589159243e+00
  6.100000000000000e-01, -1.459046183325768e-02, -2.569870322185013e-01,  6.702408415951842e-02, -7.480101313845564e-03,  7.356488069156233e-01, -2.708988484153123e-03,  8.772462846621329e-02,  8.782926789448734e-01,  2.898415205510646e-01,  3.601482002705613e-01,  2.294012728752276e+00, -2.960607309682901e+00,  2.571574735289879e+00
  6.200000000000000e-01, -1.443762693110198e-02, -2.566046515010937e-01,  6.693499901270474e-02, -7.340605910273772e-03,  7.359915424060891e-01, -2.705238211029633e-03,  9.064023725747955e-02,  8.690989508458939e-01,  2.946107495195541e-01,  3.706947943698616e-01,  2.281989407696627e+00, -2.963352369147666e+00,  2.571249919352649e+00
  6.300000000000000e-01, -1.427286186937642e-02, -2.562423898551176e-01,  6.685892430492110e-02, -7.178670787404457e-03,  7.363559911676545e-01, -2.683586641915753e-03,  9.370907226485488e-02,  8.597865161246950e-01,  2.993726129661126e-01,  3.816639767964065e-01,  2.270120167113939e+00, -2.966565956440862e+00,  2.571100505601082e+00
  6.400000000000000e-01, -1.409569408240984e-02, -2.559023675545918e-01,  6.679690199230919e-02, -6.993105780754159e-03,  7.367428811304209e-01, -2.642880594743791e-03,  9.692835086139980e-02,  8.503934549181713e-01,  3.041181897005227e-01,  3.930454508104357e-01,  2.258436377254155e+00, -2.970250282524379e+00,  2.571137791629200e+00
  6.500000000000000e-01, -1.390590374670384e-02, -2.555870978443909e-01,  6.675002690669216e-02, -6.783005128720249e-03,  7.371523971632032e-01, -2.582062037937798e-03,  1.002920348930108e-01,  8.409579308334110e-01,  3.088318089180719e-01,  4.048259277650967e-01,  2.246965594784541e+00, -2.974403257092767e+00,  2.571371220742502e+00
  6.600000000000000e-01, -1.370315570600479e-02, -2.552981417967256e-01,  6.671906253931946e-02, -6.547508360091780e-03,  7.375850521347876e-01, -2.500309070176021e-03,  1.037952535121247e-01,  8.315182895720863e-01,  3.135073371978391e-01,  4.169896573054730e-01,  2.235733507046371e+00, -2.979019126357649e+00,  2.571808264697717e+00
  6.699999999999999e-01, -1.348736240886888e-02, -2.550375381060579e-01,  6.670486191261010e-02, -6.286011606260118e-03,  7.380408162603076e-01, -2.396860249982779e-03,  1.074299869193948e-01,  8.221120071607603e-01,  3.181313407082234e-01,  4.295174188489472e-01,  2.224757255374406e+00, -2.984085719068615e+00,  2.572454194430522e+00
  6.799999999999999e-01, -1.325840387906533e-02, -2.548063744925353e-01,  6.670791289469095e-02, -5.998078684141801e-03,  7.385198234554163e-01, -2.271264686993514e-03,  1.111891168602451e-01,  8.127746546756756e-01,  3.226985268876539e-01,  4.423898259513662e-01,  2.214055379477840e+00, -2.989591360586083e+00,  2.573312487630423e+00
  6.899999999999999e-01, -1.301629092622688e-02, -2.546054003850270e-01,  6.672851530231876e-02, -5.683543120124164e-03,  7.390219829934989e-01, -2.123313213798483e-03,  1.150644367030553e-01,  8.035403453739733e-01,  3.272044834544574e-01,  4.555859104574541e-01,  2.203647853732945e+00, -2.995521264366070e+00,  2.574384003302252e+00
  7.000000000000000e-01, -1.276121614044520e-02, -2.544359199574941e-01,  6.676711743691492e-02, -5.342378978892798e-03,  7.395467823476778e-01, -1.952769013306287e-03,  1.190455949837911e-01,  7.944394902811686e-01,  3.316377860576110e-01,  4.690744266119308e-01,  2.193536349597698e+00, -3.001856693197862e+00,  2.575671008817851e+00
  7.100000000000000e-01, -1.261591690740031e-02, -2.544418619286999e-01,  6.683016594951610e-02, -5.124448572223755e-03,  7.398348537638715e-01, -1.819625965193370e-03,  1.217516570136828e-01,  7.859011750279181e-01,  3.330683384298747e-01,  4.706029312650380e-01,  2.190970744245439e+00, -3.011905140716357e+00,  2.580490204762433e+00
  7.200000000000000e-01, -1.242732796567999e-02, -2.543498332841521e-01,  6.687202522637904e-02, -4.864468608384673e-03,  7.402195499151379e-01, -1.682074345339108e-03,  1.248855332666069e-01,  7.780308931555835e-01,  3.359489134106194e-01,  4.762113599911019e-01,  2.186659478009520e+00, -3.020402702579904e+00,  2.584094251181050e+00
  7.300000000000000e-01, -1.213984688699435e-02, -2.541914426841428e-01,  6.692855837244052e-02, -4.472231498448252e-03,  7.408081766795472e-01, -1.479023163815609e-03,  1.292115010137872e-01,  7.692000897393246e-01,  3.407166354354887e-01,  4.902591316550625e-01,  2.177341690023213e+00, -3.027647658338128e+00,  2.585827326253825e+00
  7.400000000000000e-01, -1.183996185018329e-02, -2.540663413932919e-01,  6.700359753165490e-02, -4.053726221753002e-03,  7.414182037136172e-01, -1.253419879129625e-03,  1.336175509225500e-01,  7.605896267529950e-01,  3.453940190014352e-01,  5.045481877527793e-01,  2.168291100933214e+00, -3.035202451422632e+00,  2.587751886967199e+00
  7.500000000000000e-01, -1.152854142444363e-02, -2.539745641744349e-01,  6.709680742427286e-02, -3.610218218766773e-03,  7.420479022429848e-01, -1.006093117772007e-03,  1.380882109123319e-01,  7.522203441233406e-01,  3.499702604821997e-01,  5.190507742738844e-01,  2.159529945760442e+00, -3.043045024903853e+00,  2.589859839640111e+00
  7.600000000000000e-01, -1.120615154086003e-02, -2.539155958876500e-01,  6.720776029036969e-02, -3.142646414935121e-03,  7.426962019598049e-01, -7.377921802178976e-04,  1.426121335165026e-01,  7.441084640299375e-01,  3.544433038362382e-01,  5.337413081441738e-01,  2.151053987741980e+00, -3.051148480953870e+00,  2.592143608471202e+00
  7.700000000000000e-01, -1.087343077780743e-02, -2.538886824577528e-01,  6.733590348820165e-02, -2.652111772244235e-03,  7.433619116659400e-01, -4.494145461480339e-04,  1.471780677865659e-01,  7.362669875062227e-01,  3.588118808327065e-01,  5.485941813929740e-01,  2.142857125987820e+00, -3.059485529393878e+00,  2.594594930450061e+00
  7.800000000000000e-01, -1.053108348476707e-02, -2.538928593857559e-01,  6.748057341063836e-02, -2.139861080575777e-03,  7.440437299255225e-01, -1.419885923195760e-04,  1.517749456387329e-01,  7.287057821174454e-01,  3.630753605710070e-01,  5.635839490777458e-01,  2.134931676246543e+00, -3.068028814697420e+00,  2.597205052631451e+00
  7.900000000000000e-01, -1.018024674243994e-02, -2.539264920742981e-01,  6.764065696242930e-02, -1.607941974714413e-03,  7.447395637100029e-01,  1.828390887692100e-04,  1.563891088663154e-01,  7.214312984720472e-01,  3.672318507947847e-01,  5.786903493195809e-01,  2.127316267887524e+00, -3.076764970512771e+00,  2.599960238196475e+00
  8.000000000000000e-01, -9.820985745142053e-03, -2.539891873117275e-01,  6.781598796197294e-02, -1.056514761989624e-03,  7.454493194394675e-01,  5.248174803933549e-04,  1.610158920561870e-01,  7.144482177999086e-01,  3.712856187323127e-01,  5.938795446079352e-01,  2.119908221527054e+00, -3.085641168469299e+00,  2.602860248573669e+00
  8.100000000000001e-01, -9.454531310205039e-03, -2.540790514953130e-01,  6.800531017503612e-02, -4.878279756401256e-04,  7.461707419335712e-01,  8.821333364403328e-04,  1.656422596837953e-01,  7.077577227630180e-01,  3.752352255161370e-01,  6.091319311404312e-01,  2.112741530810971e+00, -3.094644051070133e+00,  2.605891642724386e+00
  8.200000000000001e-01, -9.081774380620534e-03, -2.541945121644106e-01,  6.820763771689203e-02,  9.644985730091235e-05,  7.469022167128546e-01,  1.253395311609443e-03,  1.702585745519092e-01,  7.013587809553237e-01,  3.790816421498324e-01,  6.244243259817760e-01,  2.105804817709086e+00, -3.103748813419240e+00,  2.609045441483631e+00
  8.300000000000001e-01, -8.703249694792378e-03, -2.543345595189914e-01,  6.842235944677426e-02,  6.953114781514504e-04,  7.476427769254558e-01,  1.637730351311125e-03,  1.748582121370200e-01,  6.952492541233032e-01,  3.828266552686523e-01,  6.397277461329132e-01,  2.099028021697088e+00, -3.112912905723708e+00,  2.612319582092464e+00
  8.400000000000000e-01, -8.320657211455685e-03, -2.544961546484372e-01,  6.864755835928076e-02,  1.305533797126643e-03,  7.483893515878941e-01,  2.032529774576354e-03,  1.794274153181392e-01,  6.894219114587250e-01,  3.864702543078198e-01,  6.550337826204927e-01,  2.092512791377800e+00, -3.122150447319976e+00,  2.615693166860116e+00
  8.500000000000000e-01, -7.934568452401286e-03, -2.546781028709569e-01,  6.888253034058482e-02,  1.926005601797480e-03,  7.491409181287203e-01,  2.436838121961879e-03,  1.839606596632493e-01,  6.838707638468466e-01,  3.900147809493349e-01,  6.703160208237477e-01,  2.086191843860557e+00, -3.131423101373527e+00,  2.619164413162419e+00
  8.600000000000000e-01, -7.545940680519135e-03, -2.548785417939277e-01,  6.912613922325832e-02,  2.554880616008245e-03,  7.498957564572891e-01,  2.849131770447480e-03,  1.884503692965763e-01,  6.785873893622321e-01,  3.934618349261596e-01,  6.855553986307921e-01,  2.080053435174335e+00, -3.140711592691420e+00,  2.622726011746644e+00
  8.700000000000000e-01, -7.155730941214903e-03, -2.550955791936928e-01,  6.937723475969758e-02,  3.190302138130528e-03,  7.506521493887599e-01,  3.267884891326544e-03,  1.928895173917698e-01,  6.735620814830829e-01,  3.968130696736311e-01,  7.007340855272731e-01,  2.074086295421775e+00, -3.149998302938522e+00,  2.626371188986254e+00
  8.800000000000000e-01, -6.764889991964891e-03, -2.553273070653178e-01,  6.963466063275663e-02,  3.830415131267559e-03,  7.514083934034322e-01,  3.691579883135451e-03,  1.972716284536588e-01,  6.687840639942031e-01,  4.000701711939013e-01,  7.158355146732789e-01,  2.068279690218244e+00, -3.159267271693349e+00,  2.630093725668702e+00
  8.900000000000000e-01, -6.374356889484412e-03, -2.555718142760369e-01,  6.989726168140832e-02,  4.473377099589994e-03,  7.521628082535913e-01,  4.118716607822530e-03,  2.015907732339746e-01,  6.642416979845177e-01,  4.032348414406809e-01,  7.308444088046926e-01,  2.062623538869275e+00, -3.168504196227112e+00,  2.633887943820121e+00
  9.000000000000000e-01, -5.985054112509737e-03, -2.558271976768126e-01,  7.016389033138820e-02,  5.117367888279555e-03,  7.529137456680868e-01,  4.547820491494214e-03,  2.058415585068706e-01,  6.599226797052473e-01,  4.063087889052979e-01,  7.457467881563774e-01,  2.057108507405210e+00, -3.177696401879775e+00,  2.637748674310598e+00
  9.099999999999999e-01, -5.597883181623230e-03, -2.560915717655994e-01,  7.043341228214205e-02,  5.760598480706286e-03,  7.536595972178858e-01,  4.977449565868338e-03,  2.100191132128821e-01,  6.558142256863266e-01,  4.092937256700145e-01,  7.605299607682099e-01,  2.051726080103502e+00, -3.186832788344288e+00,  2.641671210740292e+00
  9.200000000000000e-01, -5.213720779660902e-03, -2.563630769477548e-01,  7.070471146371843e-02,  6.401318793068846e-03,  7.543988013291394e-01,  5.406200475145648e-03,  2.141190716693399e-01,  6.519032439398337e-01,  4.121913701684194e-01,  7.751824969432033e-01,  2.046468615426114e+00, -3.195903759439336e+00,  2.645651251795899e+00
  9.300000000000000e-01, -4.833415148072093e-03, -2.566398870167777e-01,  7.097669460656673e-02,  7.037824943276053e-03,  7.551298498216258e-01,  5.832713872914765e-03,  2.181375565869328e-01,  6.481764860502803e-01,  4.150034531139536e-01,  7.896941895656925e-01,  2.041329378221654e+00, -3.204901137476609e+00,  2.649684839155484e+00
  9.399999999999999e-01, -4.457782573335965e-03, -2.569202163193426e-01,  7.124829568673133e-02,  7.668466371915569e-03,  7.558512942870586e-01,  6.255679538980011e-03,  2.220711640725754e-01,  6.446206769056396e-01,  4.177317248221877e-01,  8.040560010296377e-01,  2.036302540055054e+00, -3.213818059245962e+00,  2.653768299059616e+00
  9.500000000000000e-01, -4.087604252171725e-03, -2.572023259285779e-01,  7.151847984882895e-02,  8.291652224931662e-03,  7.565617518102017e-01,  6.673840743498519e-03,  2.259169480385709e-01,  6.412226289470769e-01,  4.203779655014112e-01,  8.182599975060715e-01,  2.031383160452501e+00, -3.222648856096583e+00,  2.657898185261615e+00
  9.600000000000000e-01, -3.723623789079136e-03, -2.574845282669557e-01,  7.178624646760665e-02,  8.905856469655362e-03,  7.572599095812009e-01,  7.085997454927468e-03,  2.296724018881524e-01,  6.379693457964614e-01,  4.229439994417709e-01,  8.322992727127867e-01,  2.026567164921024e+00, -3.231388926443837e+00,  2.662071219494550e+00
  9.700000000000000e-01, -3.366545121436501e-03, -2.577651907929487e-01,  7.205063167784204e-02,  9.509622189472081e-03,  7.579445287417719e-01,  7.491008800188085e-03,  2.333354396526677e-01,  6.348481112749366e-01,  4.254317104711579e-01,  8.461678642700352e-01,  2.021851317855439e+00, -3.240034606293495e+00,  2.666284234584281e+00
  9.800000000000000e-01, -3.017030653011542e-03, -2.580427394604912e-01,  7.231071074805866e-02,  1.010156554647244e-02,  7.586144478237362e-01,  7.887795225398257e-03,  2.369043783660261e-01,  6.318465613854871e-01,  4.278430556543462e-01,  8.598606658600170e-01,  2.017233185885677e+00, -3.248583039713685e+00,  2.670534125135168e+00
  9.900000000000000e-01, -2.675699642172158e-03, -2.583156620113684e-01,  7.256560029893787e-02,  1.068037934699641e-02,  7.592685856770888e-01,  8.275340347229626e-03,  2.403779208650666e-01,  6.289527419175296e-01,  4.301800760833238e-01,  8.733733385001603e-01,  2.012711097695376e+00, -3.257032052458133e+00,  2.674817803543831e+00
  1.000000000000000e+00, -2.343126916327873e-03, -2.585825110343804e-01,  7.281446030565790e-02,  1.124483608130562e-02,  7.599059437520099e-01,  8.652692421776242e-03,  2.437551382491357e-01,  6.261551538445849e-01,  4.324449042219976e-01,  8.867022238075237e-01,  2.008284105908683e+00, -3.265380032258755e+00,  2.679132159206360e+00
  1.010000000000000e+00, -2.019553362519425e-03, -2.588425753817554e-01,  7.305688989393516e-02,  1.179438350650128e-02,  7.605261098093300e-01,  9.019443531273397e-03,  2.470368618808033e-01,  6.234439749228673e-01,  4.346389272101396e-01,  8.998378073637643e-01,  2.003900723588911e+00, -3.273604886945899e+00,  2.683485535167393e+00
  1.020000000000000e+00, -1.706032273151675e-03, -2.590932275219837e-01,  7.329136388141291e-02,  1.232679004327920e-02,  7.611272628661757e-01,  9.373830205623374e-03,  2.502200525884649e-01,  6.208063486142306e-01,  4.367661073688641e-01,  9.127903273383997e-01,  1.999662656573405e+00, -3.281747039158517e+00,  2.687852248310722e+00
  1.030000000000000e+00, -1.402720327570105e-03, -2.593338777094618e-01,  7.351756372467697e-02,  1.284165550671810e-02,  7.617091476426792e-01,  9.715564006395231e-03,  2.533061598680458e-01,  6.182334607981577e-01,  4.388280615744963e-01,  9.255513819941810e-01,  1.995520922749436e+00, -3.289785666987827e+00,  2.692239840660839e+00
  1.040000000000000e+00, -1.110007466055332e-03, -2.595633656467699e-01,  7.373483946215877e-02,  1.333809244556033e-02,  7.622711073560600e-01,  1.004396050324315e-02,  2.562955548959866e-01,  6.157158602725473e-01,  4.408272825483397e-01,  9.381192380375406e-01,  1.991476889150930e+00, -3.297720308119379e+00,  2.696644883146271e+00
  1.050000000000000e+00, -8.282383032925694e-04, -2.597806057348500e-01,  7.394259005737755e-02,  1.381529874707557e-02,  7.628125684909542e-01,  1.035840066120474e-02,  2.591888847746618e-01,  6.132446144750188e-01,  4.427663381444303e-01,  9.504924911578204e-01,  1.987532479902939e+00, -3.305550616615404e+00,  2.701063823001105e+00
  1.060000000000000e+00, -5.577122195630777e-04, -2.599845898039945e-01,  7.414026470418973e-02,  1.427255851380922e-02,  7.633330402555266e-01,  1.065833109516668e-02,  2.619870560508853e-01,  6.108113044906869e-01,  4.446478559481133e-01,  9.626700020806513e-01,  1.983690027807358e+00, -3.313276257813820e+00,  2.705493006166275e+00
  1.070000000000000e+00, -2.986842092776441e-04, -2.601743884117204e-01,  7.432736322035202e-02,  1.470924144134501e-02,  7.638321126715238e-01,  1.094326322118132e-02,  2.646912155365224e-01,  6.084080139713005e-01,  4.464745069051742e-01,  9.746508507517082e-01,  1.979952211765306e+00, -3.320896847522620e+00,  2.709928680006164e+00
  1.080000000000000e+00, -5.136578678160075e-05, -2.603491524869994e-01,  7.450343654757349e-02,  1.512480216888716e-02,  7.643094544975835e-01,  1.121277252067259e-02,  2.673027314130949e-01,  6.060273155470264e-01,  4.482489847539349e-01,  9.864342985181896e-01,  1.976321988753729e+00, -3.328411897159139e+00,  2.714366997947037e+00
  1.090000000000000e+00,  1.840739544466629e-04, -2.605081149951404e-01,  7.466808718297330e-02,  1.551877937941522e-02,  7.647648108336690e-01,  1.146649772702951e-02,  2.698231740872424e-01,  6.036622554885558e-01,  4.499739824568672e-01,  9.980197591223291e-01,  1.972802532867732e+00, -3.335820766715062e+00,  2.718804024372745e+00
  1.100000000000000e+00,  4.075070263191951e-04, -2.606505922611307e-01,  7.482096934843478e-02,  1.589079440461001e-02,  7.651980002433802e-01,  1.170413972509776e-02,  2.722542963577770e-01,  6.013063368894226e-01,  4.516521669417538e-01,  1.009406777325445e+00,  1.969397186510858e+00, -3.343122626530448e+00,  2.723235739015991e+00
  1.110000000000000e+00,  6.188449568113141e-04, -2.607759848078712e-01,  7.496178882984640e-02,  1.624054927192442e-02,  7.656089113783371e-01,  1.192546010268452e-02,  2.745980129884071e-01,  5.989535012384769e-01,  4.532861529603316e-01,  1.020595013129183e+00,  1.966109417452356e+00, -3.350316426864139e+00,  2.727658043663972e+00
  1.120000000000000e+00,  8.180369040760065e-04, -2.608837775441408e-01,  7.509030240727167e-02,  1.656782411783483e-02,  7.659974990802746e-01,  1.213027928008062e-02,  2.768563796376308e-01,  5.965981088086240e-01,  4.548784770606497e-01,  1.031584230283717e+00,  1.962942775761745e+00, -3.357400873278723e+00,  2.732066773764132e+00
  1.130000000000000e+00,  1.005067398224193e-03, -2.609735390367537e-01,  7.520631673377694e-02,  1.687247378708286e-02,  7.663637798412859e-01,  1.231847406376869e-02,  2.790315706424584e-01,  5.942349188060605e-01,  4.564315727879334e-01,  1.042374288630993e+00,  1.959900853821713e+00, -3.364374408223548e+00,  2.736457713365606e+00
  1.140000000000000e+00,  1.179953703085143e-03, -2.610449197628236e-01,  7.530968661603021e-02,  1.715442358177174e-02,  7.667078266221421e-01,  1.248997458383015e-02,  2.811258557685650e-01,  5.918590691322396e-01,  4.579477478048288e-01,  1.052965139897860e+00,  1.956987257189918e+00, -3.371235201564862e+00,  2.740826611342385e+00
  1.150000000000000e+00,  1.342742915492204e-03, -2.610976495963622e-01,  7.540031284968926e-02,  1.741366439684348e-02,  7.670297632356294e-01,  1.264476080057252e-02,  2.831415766862275e-01,  5.894660551772413e-01,  4.594291625684885e-01,  1.063356826256685e+00,  1.954205586400863e+00, -3.377981148830168e+00,  2.745169200512371e+00
  1.160000000000000e+00,  1.493508927194568e-03, -2.611315348878435e-01,  7.547813980969281e-02,  1.765024751869060e-02,  7.673297585062174e-01,  1.278285880751797e-02,  2.850811234956334e-01,  5.870517084778324e-01,  4.608778097656315e-01,  1.073549481212499e+00,  1.951559424137745e+00, -3.384609872565141e+00,  2.749481219941960e+00
  1.170000000000000e+00,  1.632349275314681e-03, -2.611464551921069e-01,  7.554315282981033e-02,  1.786427914018575e-02,  7.676080202518987e-01,  1.290433696785507e-02,  2.869469110089226e-01,  5.846121768713665e-01,  4.622954947583053e-01,  1.083543332847910e+00,  1.949052330058953e+00, -3.391118726119102e+00,  2.753758434286541e+00
  1.180000000000000e+00,  1.759381865062188e-03, -2.611423595165202e-01,  7.559537531332192e-02,  1.805591453993656e-02,  7.678647890718868e-01,  1.300930182303314e-02,  2.887413546237399e-01,  5.821439068636385e-01,  4.636838179645844e-01,  1.093338708602830e+00,  1.946687849353768e+00, -3.397504801894379e+00,  2.757996643792208e+00
  1.190000000000000e+00,  1.874456382713815e-03, -2.611185736157849e-01,  7.563446260020483e-02,  1.822475562311657e-02,  7.680998393975820e-01,  1.309741819318640e-02,  2.904655881124848e-01,  5.796425556202085e-01,  4.650452173970396e-01,  1.102941755101531e+00,  1.944517088679959e+00, -3.403786650004380e+00,  2.762175858188234e+00
  1.200000000000000e+00,  1.978300486082670e-03, -2.610765688221485e-01,  7.566132227901309e-02,  1.837224791267111e-02,  7.683144588415425e-01,  1.316982135796840e-02,  2.921245199269459e-01,  5.771072897562866e-01,  4.663787032014510e-01,  1.112341365226087e+00,  1.942446871229137e+00, -3.409916826498943e+00,  2.766323908822900e+00
  1.210000000000000e+00,  2.070784941862439e-03, -2.610157821170626e-01,  7.567566624234802e-02,  1.849805515575003e-02,  7.685084508672269e-01,  1.322622637938336e-02,  2.937191494479487e-01,  5.745342628676009e-01,  4.676862326109381e-01,  1.121544041887091e+00,  1.940529369941390e+00, -3.415913791726988e+00,  2.770420818252850e+00
  1.220000000000000e+00,  2.152077506074008e-03, -2.609363996305159e-01,  7.567764015594512e-02,  1.860247128011871e-02,  7.686821278979412e-01,  1.326685218314571e-02,  2.952516755561115e-01,  5.719209420864991e-01,  4.689684461258423e-01,  1.130550565524883e+00,  1.938768440020501e+00, -3.421773859928305e+00,  2.774462477779448e+00
  1.230000000000000e+00,  2.222354995237763e-03, -2.608386659404313e-01,  7.566741842088219e-02,  1.868581941276077e-02,  7.688358134806806e-01,  1.329194282176033e-02,  2.967242126994570e-01,  5.692650188687370e-01,  4.702257025823438e-01,  1.139361778766136e+00,  1.937167596008688e+00, -3.427493014380097e+00,  2.778444953304040e+00
  1.240000000000000e+00,  2.281799511655274e-03, -2.607228769338392e-01,  7.564519961056686e-02,  1.874844438708468e-02,  7.689698355139732e-01,  1.330176195943363e-02,  2.981387700526092e-01,  5.665643871822323e-01,  4.714580785465266e-01,  1.147978618818616e+00,  1.935730307315095e+00, -3.433067073857451e+00,  2.782364395861621e+00
  1.250000000000000e+00,  2.330597010328392e-03, -2.605893779515366e-01,  7.561120505780441e-02,  1.879071004862494e-02,  7.690845235705572e-01,  1.329659114540514e-02,  2.994972414467897e-01,  5.638171311652239e-01,  4.726653618593455e-01,  1.156402111027780e+00,  1.934459974599635e+00, -3.438491719230454e+00,  2.786217061657049e+00
  1.260000000000000e+00,  2.368936213401931e-03, -2.604385621854290e-01,  7.556567768649280e-02,  1.881299714062534e-02,  7.691802068976281e-01,  1.327672847307983e-02,  3.008013974359947e-01,  5.610215156625611e-01,  4.738470485606344e-01,  1.164633360689433e+00,  1.933359906642347e+00, -3.443762523859755e+00,  2.789999329069742e+00
  1.270000000000000e+00,  2.396696048295850e-03, -2.602700956515335e-01,  7.550843192105783e-02,  1.881504473859070e-02,  7.692566769128409e-01,  1.324196115624591e-02,  3.020515938915301e-01,  5.581747757625546e-01,  4.750036605031130e-01,  1.172679059330962e+00,  1.932480904895496e+00, -3.448897419628414e+00,  2.793689962871380e+00
  1.280000000000000e+00,  2.414725180743971e-03, -2.600860853845172e-01,  7.544069411114915e-02,  1.879864471041699e-02,  7.693153881234478e-01,  1.319372370503299e-02,  3.032520665029663e-01,  5.552780356533664e-01,  4.761313879763402e-01,  1.180528656297476e+00,  1.931724739700240e+00, -3.453844187668910e+00,  2.797323188800570e+00
  1.290000000000000e+00,  2.422881305821740e-03, -2.598862325327307e-01,  7.536228534839887e-02,  1.876351436272073e-02,  7.693560846441533e-01,  1.313179385971411e-02,  3.044027856243612e-01,  5.523287755734517e-01,  4.772302417128709e-01,  1.188189565633736e+00,  1.931146936219120e+00, -3.458623001232008e+00,  2.800876460984540e+00
  1.300000000000000e+00,  2.420997772042190e-03, -2.596701753370682e-01,  7.527299142980486e-02,  1.870932035036487e-02,  7.693784687907441e-01,  1.305590560846746e-02,  3.055036054312653e-01,  5.493244586328614e-01,  4.783003792932637e-01,  1.195668426682176e+00,  1.930798957009014e+00, -3.463252393877253e+00,  2.804327932784534e+00
  1.310000000000000e+00,  2.410057823959116e-03, -2.594405350594886e-01,  7.517430768894917e-02,  1.863818315506548e-02,  7.693842047172550e-01,  1.296777771469792e-02,  3.065587078713427e-01,  5.462673113780183e-01,  4.793361684870159e-01,  1.202954473366511e+00,  1.930574773152686e+00, -3.467676513381562e+00,  2.807716554866193e+00
  1.320000000000000e+00,  2.389850888616915e-03, -2.591969273137292e-01,  7.506599284094259e-02,  1.854969878844842e-02,  7.693729087443637e-01,  1.286709676525662e-02,  3.075674489179209e-01,  5.431549659623888e-01,  4.803373731171218e-01,  1.210055567390109e+00,  1.930535542638924e+00, -3.471918812056284e+00,  2.811017222743935e+00
  1.330000000000000e+00,  2.360568923679681e-03, -2.589400172811563e-01,  7.494840645244540e-02,  1.844432389776115e-02,  7.693448832973603e-01,  1.275424517679134e-02,  3.085306496681732e-01,  5.399868031536074e-01,  4.813017127897986e-01,  1.216973113093078e+00,  1.930685142896777e+00, -3.475975899814370e+00,  2.814226804864131e+00
  1.340000000000000e+00,  2.322417809546778e-03, -2.586705320484028e-01,  7.482193959280627e-02,  1.832255140944049e-02,  7.693004514927968e-01,  1.262963712529847e-02,  3.094490567662511e-01,  5.367624185131443e-01,  4.822266803600908e-01,  1.223708257854775e+00,  1.931025681814313e+00, -3.479843835552818e+00,  2.817342983717254e+00
  1.350000000000000e+00,  2.275606997877697e-03, -2.583892293802879e-01,  7.468699757649969e-02,  1.818488729003893e-02,  7.692399400489616e-01,  1.249369930068556e-02,  3.103233076696800e-01,  5.334815843713560e-01,  4.831096290837275e-01,  1.230262029664069e+00,  1.931558944066848e+00, -3.483518865524272e+00,  2.820363702426071e+00
  1.360000000000000e+00,  2.220349524797883e-03, -2.580968924339120e-01,  7.454399772302935e-02,  1.803184919437899e-02,  7.691636799965602e-01,  1.234686924007716e-02,  3.111539373881840e-01,  5.301442547344918e-01,  4.839478145228852e-01,  1.236635311770952e+00,  1.932286379142341e+00, -3.486997473259920e+00,  2.823287169551364e+00
  1.370000000000000e+00,  2.156624585851421e-03, -2.577938851614586e-01,  7.439308704687629e-02,  1.786350122158229e-02,  7.690715805659895e-01,  1.218924365154026e-02,  3.119401009018714e-01,  5.267497925439172e-01,  4.847383478269399e-01,  1.242836416867190e+00,  1.933268846377582e+00, -3.490306074575845e+00,  2.826087427173478e+00
  1.380000000000000e+00,  2.085032924832348e-03, -2.574816900061888e-01,  7.423513289102998e-02,  1.768111455637669e-02,  7.689646722820204e-01,  1.202182382246922e-02,  3.126843081773800e-01,  5.232997143554378e-01,  4.854788466154120e-01,  1.248852717233826e+00,  1.934404750098590e+00, -3.493391036643227e+00,  2.828804792898903e+00
  1.390000000000000e+00,  2.005424782959271e-03, -2.571604351969634e-01,  7.407013128548322e-02,  1.748450216165569e-02,  7.688426326532415e-01,  1.184451604692601e-02,  3.133848357974119e-01,  5.197933028352146e-01,  4.861664435034912e-01,  1.254696281907750e+00,  1.935787251262134e+00, -3.496295958044660e+00,  2.831400162060093e+00
  1.400000000000000e+00,  1.918446401989481e-03, -2.568317868717094e-01,  7.389904330454355e-02,  1.727504694046900e-02,  7.687065626838473e-01,  1.165842259292499e-02,  3.140439971105391e-01,  5.162327782314252e-01,  4.867981423920718e-01,  1.260355738297620e+00,  1.937323177078562e+00, -3.498972635068079e+00,  2.833911293492018e+00
  1.410000000000000e+00,  1.824154351791204e-03, -2.564962201480814e-01,  7.372209355759059e-02,  1.705295614796584e-02,  7.685565157088832e-01,  1.146374145813745e-02,  3.146610673259286e-01,  5.126184691409893e-01,  4.873715080928916e-01,  1.265836026943017e+00,  1.939052477959881e+00, -3.501439552081048e+00,  2.836321050285874e+00
  1.420000000000000e+00,  1.722789944930651e-03, -2.561545543961994e-01,  7.353972517898429e-02,  1.681879810297070e-02,  7.683928772844902e-01,  1.126094383138821e-02,  3.152362094521756e-01,  5.089515479510217e-01,  4.878842099653568e-01,  1.271136751458472e+00,  1.940973349840209e+00, -3.503695230836930e+00,  2.838629569224476e+00
  1.430000000000000e+00,  1.614358710797921e-03, -2.558070811915292e-01,  7.335206597308601e-02,  1.657265925508202e-02,  7.682156203330066e-01,  1.105012087858129e-02,  3.157684548497016e-01,  5.052324573761395e-01,  4.883345519961294e-01,  1.276263113818307e+00,  1.943131681680952e+00, -3.505762766803278e+00,  2.840816737725146e+00
  1.440000000000000e+00,  1.499576722605937e-03, -2.554555620133465e-01,  7.316014331122656e-02,  1.631604811568039e-02,  7.680259774850968e-01,  1.083246744668635e-02,  3.162601225599867e-01,  5.014646402270959e-01,  4.887200284069531e-01,  1.281203018473868e+00,  1.945430952286436e+00, -3.507595047789183e+00,  2.842922970701608e+00
  1.450000000000000e+00,  1.378493847559171e-03, -2.551003087116763e-01,  7.296411097920573e-02,  1.604912182206982e-02,  7.678240098258700e-01,  1.060811956656215e-02,  3.167104101324538e-01,  4.976491666928973e-01,  4.890395264594284e-01,  1.285960580519237e+00,  1.947909793574574e+00, -3.509213159435121e+00,  2.844931415924064e+00
  1.460000000000000e+00,  1.251379894044396e-03, -2.547420494996035e-01,  7.276438513377947e-02,  1.577246821933187e-02,  7.676101733424371e-01,  1.037754183479092e-02,  3.171195542135496e-01,  4.937881989654816e-01,  4.892920074603148e-01,  1.290534507647330e+00,  1.950562727927203e+00, -3.510617077769528e+00,  2.846843900107144e+00
  1.470000000000000e+00,  1.118513307430523e-03, -2.543814779686527e-01,  7.256137091661781e-02,  1.548667941766668e-02,  7.673849461431248e-01,  1.014119468163867e-02,  3.174878535342716e-01,  4.898841834039210e-01,  4.894768662091517e-01,  1.294923325722743e+00,  1.953383102120416e+00, -3.511807085222825e+00,  2.848662742911815e+00
  1.480000000000000e+00,  9.801805447981955e-04, -2.540192478189140e-01,  7.235546002370044e-02,  1.519234957487691e-02,  7.671488278229938e-01,  9.899532134228029e-03,  3.178156787217249e-01,  4.859398577829582e-01,  4.895939602319162e-01,  1.299125447927236e+00,  1.956363294007814e+00, -3.512783904283891e+00,  2.850390654715549e+00
  1.490000000000000e+00,  8.366764196351462e-04, -2.536559708528178e-01,  7.214703002246166e-02,  1.489007492343743e-02,  7.669023403889832e-01,  9.653001515777582e-03,  3.181034846689668e-01,  4.819582625867770e-01,  4.896436280510433e-01,  1.303139224478035e+00,  1.959494699691072e+00, -3.513548726530570e+00,  2.852030730427725e+00
  1.500000000000000e+00,  6.883043554772010e-04, -2.532922161817959e-01,  7.193644413074048e-02,  1.458045395066437e-02,  7.666460288475443e-01,  9.402043482727624e-03,  3.183518201664001e-01,  4.779427510447413e-01,  4.896266965591464e-01,  1.306963000081195e+00,  1.962767729967660e+00, -3.514103247800170e+00,  2.853586441458785e+00
  1.510000000000000e+00,  5.353766151211748e-04, -2.529285108560058e-01,  7.172405156978727e-02,  1.426408787983391e-02,  7.663804615647561e-01,  9.147092528610198e-03,  3.185613352385914e-01,  4.738969959898461e-01,  4.895444765493496e-01,  1.310595178497642e+00,  1.966171827552130e+00, -3.514449706919052e+00,  2.855061619169798e+00
  1.520000000000000e+00,  3.782144326033699e-04, -2.525653416135203e-01,  7.151018833555355e-02,  1.394158126944829e-02,  7.661062302899422e-01,  8.888577789218182e-03,  3.187327859840901e-01,  4.698249931294184e-01,  4.893987477115560e-01,  1.314034292404549e+00,  1.969695514713620e+00, -3.514590928818907e+00,  2.856460422495514e+00
  1.530000000000000e+00,  2.171481066032286e-04, -2.522031575975545e-01,  7.129517834975808e-02,  1.361354278122116e-02,  7.658239499799823e-01,  8.626924145984606e-03,  3.188670375474950e-01,  4.657310611511467e-01,  4.891917351792195e-01,  1.317279075214191e+00,  1.973326458119397e+00, -3.514530368153471e+00,  2.857787295030404e+00
  1.540000000000000e+00,  5.225922417896401e-05, -2.518418288228105e-01,  7.107900508725938e-02,  1.328006940474576e-02,  7.655338023332546e-01,  8.362146297317149e-03,  3.189639255571783e-01,  4.616186147845175e-01,  4.889264746395611e-01,  1.320334356403231e+00,  1.977101019524514e+00, -3.514297226560273e+00,  2.859025158707281e+00
  1.550000000000000e+00, -1.155923633909216e-04, -2.514828222946681e-01,  7.086262757795160e-02,  1.294280583880211e-02,  7.652373518494708e-01,  8.095472540437311e-03,  3.190268001429591e-01,  4.574950080535107e-01,  4.886051916326350e-01,  1.323187940274745e+00,  1.980907368572880e+00, -3.513846684858363e+00,  2.860221961685673e+00
  1.560000000000000e+00, -2.862988608315374e-04, -2.511259681583111e-01,  7.064602279731096e-02,  1.260187746878427e-02,  7.649348385800788e-01,  7.826928815176564e-03,  3.190557512568764e-01,  4.533643226884577e-01,  4.882316354192214e-01,  1.325845259936705e+00,  1.984779201025272e+00, -3.513208639597303e+00,  2.861361552160620e+00
  1.570000000000000e+00, -4.594929116213643e-04, -2.507716068123628e-01,  7.042948370434379e-02,  1.225792020055075e-02,  7.646269665096229e-01,  7.556938865351607e-03,  3.190520880231998e-01,  4.492320900888497e-01,  4.878094543733498e-01,  1.328306574820633e+00,  1.988701776017512e+00, -3.512389443148094e+00,  2.862448897931364e+00
  1.580000000000000e+00, -6.347968647536582e-04, -2.504200659935965e-01,  7.021330186595040e-02,  1.191158166148980e-02,  7.643144621141540e-01,  7.285932235435362e-03,  3.190172342072695e-01,  4.451041020866225e-01,  4.873425401001150e-01,  1.330572672691640e+00,  1.992659895007969e+00, -3.511396112976172e+00,  2.863489007579531e+00
  1.590000000000000e+00, -8.118238847631319e-04, -2.500716636632168e-01,  6.999776816470414e-02,  1.156352017746412e-02,  7.639980717300588e-01,  7.014344395065065e-03,  3.189527231815614e-01,  4.409863762258904e-01,  4.868349812606401e-01,  1.332644947815033e+00,  1.996638229493261e+00, -3.510236402448970e+00,  2.864486786906424e+00
  1.600000000000000e+00, -9.901787915302892e-04, -2.497267115106530e-01,  6.978317387115227e-02,  1.121440430387909e-02,  7.636785593982599e-01,  6.742617297834885e-03,  3.188601929844117e-01,  4.368851226579373e-01,  4.862910171867174e-01,  1.334525454914796e+00,  2.000621514080487e+00, -3.508918788579420e+00,  2.865446958049437e+00
  1.610000000000000e+00, -1.169459207712631e-03, -2.493855179515609e-01,  6.956981138223915e-02,  1.086491177630555e-02,  7.633567041490629e-01,  6.471199492009505e-03,  3.187413791115555e-01,  4.328067077514969e-01,  4.857149911311377e-01,  1.336216954318039e+00,  2.004594751077970e+00, -3.507452453553360e+00,  2.866373980565506e+00
  1.620000000000000e+00, -1.348999643982595e-03, -2.490489231816601e-01,  6.935829807150130e-02,  1.051623920824090e-02,  7.630337537252820e-01,  6.200950657935701e-03,  3.185992360796742e-01,  4.287589840235418e-01,  4.851109910555979e-01,  1.337717184579926e+00,  2.008493939195604e+00, -3.505821893217528e+00,  2.867293687104747e+00
  1.630000000000000e+00, -1.528904865887319e-03, -2.487161643347889e-01,  6.914827889271793e-02,  1.016804964930657e-02,  7.627095892867440e-01,  5.931517496610869e-03,  3.184333966416230e-01,  4.247457624350038e-01,  4.844840669708054e-01,  1.339042006276083e+00,  2.012404785270000e+00, -3.504088615341957e+00,  2.868166083807318e+00
  1.640000000000000e+00, -1.708499878132610e-03, -2.483880934464894e-01,  6.894037904719184e-02,  9.821555148562000e-03,  7.623854762900111e-01,  5.663774921215010e-03,  3.182469734720905e-01,  4.207749899704396e-01,  4.838382701717007e-01,  1.340190648360079e+00,  2.016264517676387e+00, -3.502238260942611e+00,  2.869016292529784e+00
  1.650000000000000e+00, -1.887365148065558e-03, -2.480650351064015e-01,  6.873490248787456e-02,  9.477459339837322e-03,  7.620622264133673e-01,  5.398198327493493e-03,  3.180420080874831e-01,  4.168532545177478e-01,  4.831779011810348e-01,  1.341168854010646e+00,  2.020060687944723e+00, -3.500282276060168e+00,  2.869847254307670e+00
  1.660000000000000e+00, -2.065082450892395e-03, -2.477473192607551e-01,  6.853215426976549e-02,  9.136464205828016e-03,  7.617406479699206e-01,  5.135265485422817e-03,  3.178205795260108e-01,  4.129870926452557e-01,  4.825071468166813e-01,  1.341983129543427e+00,  2.023782125657262e+00, -3.498232689436630e+00,  2.870661296612583e+00
  1.670000000000000e+00, -2.241235215762819e-03, -2.474352851490729e-01,  6.833244201474027e-02,  8.799270486191528e-03,  7.614215447275682e-01,  4.875457573379448e-03,  3.175847953129700e-01,  4.091829613698322e-01,  4.818300426712764e-01,  1.342640676794883e+00,  2.027418734446282e+00, -3.496101897531698e+00,  2.871460242835766e+00
  1.680000000000000e+00, -2.415410186576328e-03, -2.471292820588642e-01,  6.813607554014532e-02,  8.466575371800105e-03,  7.611057124514207e-01,  4.619257965608381e-03,  3.173367761921115e-01,  4.054472061804052e-01,  4.811504418372760e-01,  1.343149342049095e+00,  2.030961506215794e+00, -3.493902572488069e+00,  2.872245422716595e+00
  1.690000000000000e+00, -2.587199193519737e-03, -2.468296692343437e-01,  6.794336610288801e-02,  8.139069848108917e-03,  7.607939353290455e-01,  4.367150615156269e-03,  3.170786404721492e-01,  4.017860317414784e-01,  4.804719895428147e-01,  1.343517553210912e+00,  2.034402507337826e+00, -3.491647565169067e+00,  2.873017691600675e+00
  1.700000000000000e+00, -2.756201052975253e-03, -2.465368148935320e-01,  6.775462523357452e-02,  7.817435646731027e-03,  7.604869822433368e-01,  4.119617997870708e-03,  3.168124884092126e-01,  3.982054736828253e-01,  4.797981034315638e-01,  1.343754247597296e+00,  2.037734848409952e+00, -3.489349807423757e+00,  2.873777456455737e+00
  1.710000000000000e+00, -2.922023627217808e-03, -2.462510942870121e-01,  6.757016312202251e-02,  7.502341747698441e-03,  7.601856028400028e-01,  3.877138568668808e-03,  3.165403870845523e-01,  3.947113694779141e-01,  4.791319591732462e-01,  1.343868792380621e+00,  2.040952643797444e+00, -3.487022216171878e+00,  2.874524709017164e+00
  1.720000000000000e+00, -3.084286081728662e-03, -2.459728867050507e-01,  6.739028650136654e-02,  7.194440353153159e-03,  7.598905233216822e-01,  3.640183663350603e-03,  3.162643561153131e-01,  3.913093267870945e-01,  4.784764812383248e-01,  1.343870899839989e+00,  2.044050966668181e+00, -3.484677601476545e+00,  2.875259065185521e+00
  1.730000000000000e+00, -3.242621276292227e-03, -2.457025716355272e-01,  6.721529613996173e-02,  6.894362476397376e-03,  7.596024420735206e-01,  3.409213971508886e-03,  3.159863545640427e-01,  3.880046890069696e-01,  4.778343380734613e-01,  1.343770539859423e+00,  2.047025802362621e+00, -3.482328577628142e+00,  2.875979812139201e+00
  1.740000000000000e+00, -3.396678170351326e-03, -2.454405245044309e-01,  6.704548416551952e-02,  6.602713425540725e-03,  7.593220253102869e-01,  3.184675834710601e-03,  3.157082689971583e-01,  3.848024994655182e-01,  4.772079402479733e-01,  1.343577851814766e+00,  2.049874001107770e+00, -3.479987474052051e+00,  2.876685963891040e+00
  1.750000000000000e+00, -3.546124190165634e-03, -2.451871122851130e-01,  6.688113135854321e-02,  6.320068325812047e-03,  7.590499028172610e-01,  2.966997516892040e-03,  3.154319020418676e-01,  3.817074666229533e-01,  4.765994405058932e-01,  1.343303057073304e+00,  2.052593234449705e+00, -3.477666246018642e+00,  2.877376317140117e+00
  1.760000000000000e+00, -3.690647579918294e-03, -2.449426889599202e-01,  6.672250439842645e-02,  6.046967641239635e-03,  7.587866637410536e-01,  2.756585424027957e-03,  3.151589608953185e-01,  3.787239320422765e-01,  4.760107357938232e-01,  1.342956372532895e+00,  2.055181961021278e+00, -3.475376388048026e+00,  2.878049497859676e+00
  1.770000000000000e+00, -3.829707426906068e-03, -2.447080933397517e-01,  6.657016045158602e-02,  5.784406628551512e-03,  7.585333031023356e-01,  2.554214278560176e-03,  3.148921729990855e-01,  3.758573777037282e-01,  4.754432906983108e-01,  1.342542291258656e+00,  2.057590303006535e+00, -3.473103007345162e+00,  2.878724761583647e+00
  1.780000000000000e+00, -3.963558547157547e-03, -2.444826060704031e-01,  6.642369779276108e-02,  5.531828524591715e-03,  7.582893913959290e-01,  2.359426065628894e-03,  3.146307107757138e-01,  3.731081769021090e-01,  4.748988843995437e-01,  1.342082331630412e+00,  2.059918982299436e+00, -3.470909436237449e+00,  2.879357848054171e+00
  1.790000000000000e+00, -4.091700754655403e-03, -2.442670414869101e-01,  6.628364677341851e-02,  5.290161662041533e-03,  7.580558440500942e-01,  2.172952003284821e-03,  3.143771115975055e-01,  3.704810008027364e-01,  4.743784834725909e-01,  1.341580291237915e+00,  2.062117295952645e+00, -3.468778334422877e+00,  2.879968895965667e+00
  1.800000000000000e+00, -4.213925042960675e-03, -2.440616587343145e-01,  6.615019289556312e-02,  5.059769845809346e-03,  7.578330534249913e-01,  1.995077480451079e-03,  3.141326147391387e-01,  3.679784600009162e-01,  4.738830263274196e-01,  1.341045468032236e+00,  2.064186066754142e+00, -3.466718340627370e+00,  2.880556469737252e+00
  1.810000000000000e+00, -4.330054859818348e-03, -2.438666777588537e-01,  6.602349247175761e-02,  4.840959286860317e-03,  7.576213508527265e-01,  1.826045915928500e-03,  3.138983151742288e-01,  3.656026607794027e-01,  4.734132371226339e-01,  1.340486782420634e+00,  2.066127035823640e+00, -3.464737458913204e+00,  2.881119048463928e+00
  1.820000000000000e+00, -4.439945361421265e-03, -2.436822796720253e-01,  6.590367314424481e-02,  4.633979913709732e-03,  7.574210081076934e-01,  1.666059362399724e-03,  3.136751680955941e-01,  3.633552040820093e-01,  4.729696364726129e-01,  1.339912665041116e+00,  2.067942379181805e+00, -3.462842788132298e+00,  2.881655253350304e+00
  1.830000000000000e+00, -4.543484344405983e-03, -2.435086039780114e-01,  6.579083243944570e-02,  4.439023441208373e-03,  7.572322358562776e-01,  1.515276572832580e-03,  3.134639846821133e-01,  3.612371788120133e-01,  4.725525523409788e-01,  1.339331007694506e+00,  2.069634643034014e+00, -3.461040477923992e+00,  2.882163892309954e+00
  1.840000000000000e+00, -4.640593022831139e-03, -2.433457462087803e-01,  6.568503654667880e-02,  4.256221756927499e-03,  7.570551823708244e-01,  1.373811356261885e-03,  3.132654273944170e-01,  3.592491614768523e-01,  4.721621306790411e-01,  1.338749132213448e+00,  2.071206708649474e+00, -3.459335706482988e+00,  2.882643984643730e+00
  1.850000000000000e+00, -4.731226726457947e-03, -2.431937556255422e-01,  6.558631915123218e-02,  4.085645432776053e-03,  7.568899323949050e-01,  1.241731040368048e-03,  3.130800049608282e-01,  3.573912219426112e-01,  4.717983472493339e-01,  1.338173771326192e+00,  2.072661764859741e+00, -3.457732673182470e+00,  2.883094772882611e+00
  1.860000000000000e+00, -4.815135124258401e-03, -2.430531058364978e-01,  6.549497016327495e-02,  3.927770572689420e-03,  7.567369363272468e-01,  1.119429823016185e-03,  3.129091544693250e-01,  3.556644402440479e-01,  4.714608782996282e-01,  1.337605724710617e+00,  2.073956574691927e+00, -3.456209693173466e+00,  2.883535033797453e+00
  1.870000000000000e+00, -4.892841571139497e-03, -2.429227657665899e-01,  6.541035383762711e-02,  3.781570737538172e-03,  7.565952580893202e-01,  1.006101029641881e-03,  3.127508170538966e-01,  3.540647807148131e-01,  4.711497011903647e-01,  1.337061566268755e+00,  2.075191694911962e+00, -3.454820670153099e+00,  2.883924379801890e+00
  1.880000000000000e+00, -4.964148631376388e-03, -2.428031410918554e-01,  6.533271157115687e-02,  3.647428415822611e-03,  7.564652491340655e-01,  9.020672554681144e-04,  3.126061874968535e-01,  3.525924591016203e-01,  4.708642048586804e-01,  1.336540499922641e+00,  2.076321189215088e+00, -3.453540385478613e+00,  2.884283356985028e+00
  1.890000000000000e+00, -5.029145456120509e-03, -2.426940878145069e-01,  6.526194518242859e-02,  3.525171619860245e-03,  7.563467464313313e-01,  8.072084441302167e-04,  3.124751722340738e-01,  3.512456384919757e-01,  4.706038180982126e-01,  1.336046686368599e+00,  2.077348273426099e+00, -3.452368805918534e+00,  2.884612401027560e+00
  1.900000000000000e+00, -5.087957404417062e-03, -2.425954043953225e-01,  6.519791872162492e-02,  3.414561583537229e-03,  7.562395205374290e-01,  7.213519392743440e-04,  3.123575242340687e-01,  3.500219872411043e-01,  4.703678649022702e-01,  1.335583702747980e+00,  2.078276866168196e+00, -3.451305316243540e+00,  2.884911875422436e+00
  1.910000000000000e+00, -5.140742377737828e-03, -2.425068367723994e-01,  6.514046201371501e-02,  3.315299412401617e-03,  7.561432824119179e-01,  6.442774201842861e-04,  3.122528688158635e-01,  3.489186894169408e-01,  4.701555762296517e-01,  1.335154458734098e+00,  2.079110953552096e+00, -3.450348420184646e+00,  2.885182305712667e+00
  1.920000000000000e+00, -5.187452942453468e-03, -2.424285416195308e-01,  6.508965535815842e-02,  3.227487947375300e-03,  7.560581096489811e-01,  5.760866811618964e-04,  3.121617964634738e-01,  3.479339311199862e-01,  4.699659742904028e-01,  1.334755925910604e+00,  2.079808402262302e+00, -3.449471014767253e+00,  2.885443285363527e+00
  1.930000000000000e+00, -5.228808797245400e-03, -2.423591811319754e-01,  6.504466104145415e-02,  3.149740988425535e-03,  7.559827053441012e-01,  5.156880534909949e-04,  3.120814519874313e-01,  3.470607296634566e-01,  4.697984097482771e-01,  1.334400709735621e+00,  2.080470368732589e+00, -3.448721960899569e+00,  2.885655879004821e+00
  1.940000000000000e+00, -5.264803951084328e-03, -2.422988439493912e-01,  6.500551557960940e-02,  3.082084980386214e-03,  7.559170713205043e-01,  4.631216029981630e-04,  3.120123313148192e-01,  3.462963458006381e-01,  4.696517537017881e-01,  1.334083992092565e+00,  2.081051085476284e+00, -3.448070557741653e+00,  2.885841566751299e+00
  1.950000000000000e+00, -5.295712570674341e-03, -2.422470739221840e-01,  6.497192079423092e-02,  3.024003069142426e-03,  7.558607073125098e-01,  4.179914917172044e-04,  3.119537203646227e-01,  3.456359084063301e-01,  4.695249563383609e-01,  1.333805851606193e+00,  2.081553718468321e+00, -3.447511527051615e+00,  2.886001963328764e+00
  1.960000000000000e+00, -5.321592164890308e-03, -2.422038449921133e-01,  6.494384129710976e-02,  2.975401257723508e-03,  7.558135003047156e-01,  3.802410118554086e-04,  3.119059534976034e-01,  3.450755325619387e-01,  4.694167517283935e-01,  1.333560409453098e+00,  2.081934744408695e+00, -3.447013748510297e+00,  2.886157952111078e+00
  1.970000000000000e+00, -5.343308205546399e-03, -2.421675458227395e-01,  6.492027049081378e-02,  2.934615008866131e-03,  7.557738909155471e-01,  3.485521300081400e-04,  3.118657837855409e-01,  3.446058294539570e-01,  4.693262952219824e-01,  1.333358207264480e+00,  2.082300951050880e+00, -3.446626130034009e+00,  2.886269276954313e+00
  1.980000000000000e+00, -5.360813272004189e-03, -2.421383264371715e-01,  6.490128765094383e-02,  2.901748379232410e-03,  7.557419574177873e-01,  3.230203094686095e-04,  3.118338243821621e-01,  3.442247472006604e-01,  4.692527023680216e-01,  1.333192938834799e+00,  2.082603219215397e+00, -3.446316758411596e+00,  2.886358021956499e+00
  1.990000000000000e+00, -5.374438807089451e-03, -2.421156938956063e-01,  6.488655709279186e-02,  2.876191916464311e-03,  7.557170881732048e-01,  3.031844046117725e-04,  3.118099744620108e-01,  3.439221941759579e-01,  4.691936165644396e-01,  1.333054508538437e+00,  2.082797550698180e+00, -3.446046323191801e+00,  2.886448469913815e+00
  2.000000000000000e+00, -5.385730826972123e-03, -2.420969011923008e-01,  6.487433506555514e-02,  2.855004593955028e-03,  7.556964822564036e-01,  2.867321541110974e-04,  3.117898231399913e-01,  3.436735352385356e-01,  4.691452917171119e-01,  1.332945597321803e+00,  2.083000798061687e+00, -3.445850269540364e+00,  2.886504698398250e+00
