Main.Studies.MarkerTracking.t,Main.Studies.MarkerTracking.JointAngleOutputs.OutputFile_LeftArm.ThoraxClavicula[0],Main.Studies.MarkerTracking.JointAngleOutputs.OutputFile_LeftArm.ThoraxClavicula[1],Main.Studies.MarkerTracking.JointAngleOutputs.OutputFile_LeftArm.ThoraxClavicula[2],Main.Studies.MarkerTracking.JointAngleOutputs.OutputFile_LeftArm.ClaviculaScapula[0],Main.Studies.MarkerTracking.JointAngleOutputs.OutputFile_LeftArm.ClaviculaScapula[1],Main.Studies.MarkerTracking.JointAngleOutputs.OutputFile_LeftArm.ClaviculaScapula[2],Main.Studies.MarkerTracking.JointAngleOutputs.OutputFile_LeftArm.ScapulaHumerus[0],Main.Studies.MarkerTracking.JointAngleOutputs.OutputFile_LeftArm.ScapulaHumerus[1],Main.Studies.MarkerTracking.JointAngleOutputs.OutputFile_LeftArm.ScapulaHumerus[2],Main.Studies.MarkerTracking.JointAngleOutputs.OutputFile_LeftArm.HumerusUlna,Main.Studies.MarkerTracking.JointAngleOutputs.OutputFile_LeftArm.UlnaRadius,Main.Studies.MarkerTracking.JointAngleOutputs.OutputFile_LeftArm.RadiusWrist,Main.Studies.MarkerTracking.JointAngleOutputs.OutputFile_LeftArm.WristHand
  5.000000000000000e-01, -1.790235883561712e-02, -2.562746958057720e-01,  6.535559064592182e-02, -1.256356204431498e-02,  7.291813405148706e-01, -5.995247624439897e-03,  8.615568266861276e-02,  6.463369865377463e-01,  2.317640102089297e-01,  3.434403952688513e-01, -2.118484351985909e+00, -5.640364698300413e-01,  4.296039202700941e-01
  5.100000000000000e-01, -1.763129678208869e-02, -2.562007354117939e-01,  6.543926216871039e-02, -1.217849314199730e-02,  7.297231908919123e-01, -5.771359602152983e-03,  8.975883919725577e-02,  6.402685990243050e-01,  2.358424086987158e-01,  3.487391117898012e-01, -2.121036722472512e+00, -5.642207371198174e-01,  4.314533337527084e-01
  5.200000000000000e-01, -1.735100617959718e-02, -2.561569978141010e-01,  6.553882816377930e-02, -1.177271470475014e-02,  7.302803912916424e-01, -5.528541660926319e-03,  9.347332131141253e-02,  6.338555431036994e-01,  2.397779100186170e-01,  3.542824425611398e-01, -2.123596199621343e+00, -5.645379297187033e-01,  4.335854199561249e-01
  5.300000000000000e-01, -1.706001999219722e-02, -2.561345014470297e-01,  6.565133328568755e-02, -1.134608465076110e-02,  7.308567585287531e-01, -5.268677178900351e-03,  9.732974084886861e-02,  6.270982540613884e-01,  2.436568679405942e-01,  3.600997486181801e-01, -2.126148885375704e+00, -5.649869750440685e-01,  4.360136382624828e-01
  5.400000000000000e-01, -1.675806275132813e-02, -2.561258863684331e-01,  6.577396768063656e-02, -1.089985775562257e-02,  7.314536044034541e-01, -4.994172696621614e-03,  1.013414562419825e-01,  6.200245538115754e-01,  2.475376580082638e-01,  3.661892615853125e-01, -2.128680300480934e+00, -5.655663986459629e-01,  4.387356178571968e-01
  5.500000000000000e-01, -1.644539961397311e-02, -2.561253573057817e-01,  6.590431639884423e-02, -1.043573470871839e-02,  7.320710204356899e-01, -4.707374702105036e-03,  1.055118964637571e-01,  6.126808349874646e-01,  2.514602598082316e-01,  3.725342400954181e-01, -2.131171976421709e+00, -5.662729277697335e-01,  4.417404105946643e-01
  5.600000000000001e-01, -1.612208402649069e-02, -2.561293860661470e-01,  6.604095464823029e-02, -9.954584452887870e-03,  7.327092874707156e-01, -4.409629185453868e-03,  1.098444650785030e-01,  6.051019496012691e-01,  2.554498202204428e-01,  3.791256698121421e-01, -2.133606809169051e+00, -5.671020245142069e-01,  4.450189197546611e-01
  5.700000000000001e-01, -1.578820220711252e-02, -2.561348825971588e-01,  6.618261683154641e-02, -9.457225321198637e-03,  7.333685805035306e-01, -4.102155796979582e-03,  1.143416707592736e-01,  5.973224411792303e-01,  2.595277853402921e-01,  3.859544964309031e-01, -2.135976115819001e+00, -5.680487451256918e-01,  4.485602423465834e-01
  5.800000000000000e-01, -1.544383935909972e-02, -2.561405963992578e-01,  6.632877082344533e-02, -8.944053205583224e-03,  7.340488888241133e-01, -3.785521105516377e-03,  1.190034839760240e-01,  5.893712266405551e-01,  2.637014671297053e-01,  3.930127060789875e-01, -2.138269155595188e+00, -5.691077524148701e-01,  4.523538622653929e-01
  5.900000000000000e-01, -1.508905500794470e-02, -2.561465373243624e-01,  6.647939826221731e-02, -8.415136728663538e-03,  7.347501226807623e-01, -3.459822529816745e-03,  1.238281764179157e-01,  5.812735229204197e-01,  2.679689386500293e-01,  4.002938474934531e-01, -2.140472237358997e+00, -5.702734902732766e-01,  4.563905797006527e-01
  6.000000000000000e-01, -1.472389588018262e-02, -2.561524976846807e-01,  6.663439920258561e-02, -7.870575046361929e-03,  7.354722409811922e-01, -3.125223727003264e-03,  1.288140436512425e-01,  5.730569250290367e-01,  2.723304714245068e-01,  4.077920706790035e-01, -2.142588198165384e+00, -5.715409296808605e-01,  4.606598459245346e-01
  6.100000000000000e-01, -1.434845218035866e-02, -2.561598372113212e-01,  6.679428265779523e-02, -7.310171371728948e-03,  7.362149522806370e-01, -2.781375081812784e-03,  1.339567729855561e-01,  5.647402292679654e-01,  2.767735111527288e-01,  4.155012020349984e-01, -2.144599665159514e+00, -5.729041904236842e-01,  4.651528995828418e-01
  6.200000000000000e-01, -1.396274213489176e-02, -2.561692864172974e-01,  6.695933697299793e-02, -6.733765367081183e-03,  7.369781726459029e-01, -2.428085724426686e-03,  1.392527943731226e-01,  5.563488762999087e-01,  2.812920003877658e-01,  4.234170034154614e-01, -2.146517919483661e+00, -5.743585360632255e-01,  4.698595010197088e-01
  6.300000000000000e-01, -1.356687571548844e-02, -2.561828332000225e-01,  6.713031652835051e-02, -6.141042937367279e-03,  7.377615023485463e-01, -2.064806064408924e-03,  1.446960102975651e-01,  5.478980526489817e-01,  2.858686433238273e-01,  4.315336634929595e-01, -2.148320700587274e+00, -5.758977076131069e-01,  4.747715704329955e-01
  6.400000000000000e-01, -1.316085468887676e-02, -2.562015727274760e-01,  6.730766498935462e-02, -5.531732815539051e-03,  7.385648483804531e-01, -1.691205897584330e-03,  1.502814938823530e-01,  5.394128267950057e-01,  2.904954345977410e-01,  4.398479625107922e-01, -2.150030459384278e+00, -5.775175066703475e-01,  4.798784494403571e-01
  6.500000000000000e-01, -1.274484451876510e-02, -2.562277189409766e-01,  6.749220735383712e-02, -4.905548531905620e-03,  7.393876719799239e-01, -1.306710741657276e-03,  1.560015777902891e-01,  5.309051337774210e-01,  2.951529587353443e-01,  4.483538522140475e-01, -2.151616045248936e+00, -5.792108636896096e-01,  4.851726117962371e-01
  6.600000000000000e-01, -1.231881252978413e-02, -2.562625152407576e-01,  6.768446434060559e-02, -4.262130218730471e-03,  7.402299280223763e-01, -9.109119028562607e-04,  1.618503039371817e-01,  5.224011657137708e-01,  2.998333358288093e-01,  4.570496341960310e-01, -2.153115065960275e+00, -5.809744915652149e-01,  4.906431132251710e-01
  6.699999999999999e-01, -1.188301110858899e-02, -2.563082054148988e-01,  6.788524047699786e-02, -3.601310731777931e-03,  7.410908954918612e-01, -5.033073991816115e-04,  1.678185079281242e-01,  5.139092697999975e-01,  3.045160833029846e-01,  4.659281781036667e-01, -2.154481855674273e+00, -5.828004541457050e-01,  4.962826344482085e-01
  6.799999999999999e-01, -1.143747873932083e-02, -2.563662452753294e-01,  6.809511577241563e-02, -2.922783876979189e-03,  7.419703590214591e-01, -8.348246971473648e-05,  1.738986398032547e-01,  5.054514235438008e-01,  3.091910903272512e-01,  4.749873306591222e-01, -2.155740324485517e+00, -5.846847293499182e-01,  5.020812461184834e-01
  6.899999999999999e-01, -1.098222097497869e-02, -2.564381765480294e-01,  6.831472047961060e-02, -2.226172489993641e-03,  7.428681567212396e-01,  3.490346361261189e-04,  1.800827742587988e-01,  4.970501917652869e-01,  3.138485001241054e-01,  4.842256808692069e-01, -2.156926352235575e+00, -5.866250529223157e-01,  5.080287229970653e-01
  7.000000000000000e-01, -1.051756109136962e-02, -2.565267881610657e-01,  6.854505548601943e-02, -1.511283386976457e-03,  7.437833555039395e-01,  7.948672861216910e-04,  1.863594693086061e-01,  4.887061609504861e-01,  3.184630832310104e-01,  4.936299491851722e-01, -2.157973927680894e+00, -5.886118502672197e-01,  5.141198458834992e-01
  7.100000000000000e-01, -9.970357085636995e-03, -2.577060933320705e-01,  6.924923844679684e-02, -4.195205123458069e-04,  7.447443236096075e-01,  1.695755366104743e-03,  1.917890597056647e-01,  4.756371933734553e-01,  3.155467752408956e-01,  4.924351313861953e-01, -2.160813959696920e+00, -5.909490287933483e-01,  5.189052522802937e-01
  7.200000000000000e-01, -9.482442288056539e-03, -2.583631301156113e-01,  6.971892396088714e-02,  4.634342452314809e-04,  7.456441991070207e-01,  2.359070120979511e-03,  1.972639098225382e-01,  4.657529997888946e-01,  3.160028817421526e-01,  4.943242498617129e-01, -2.164303020935926e+00, -5.921260095138273e-01,  5.221594551398026e-01
  7.300000000000000e-01, -8.999690751769625e-03, -2.584172883907905e-01,  6.994368934590560e-02,  1.198983912334631e-03,  7.466001508386575e-01,  2.805284821233160e-03,  2.037723182918696e-01,  4.581521549828955e-01,  3.210366896080854e-01,  5.039752884256272e-01, -2.165671262631195e+00, -5.940692084578963e-01,  5.281073822601332e-01
  7.400000000000000e-01, -8.508556551500108e-03, -2.584924924967493e-01,  7.018055457751086e-02,  1.952399642065523e-03,  7.475710627656911e-01,  3.265235547693557e-03,  2.103406544195399e-01,  4.506486783780393e-01,  3.259892781629841e-01,  5.138266630875505e-01, -2.166886775490854e+00, -5.960594015650477e-01,  5.341981283526449e-01
  7.500000000000000e-01, -8.009015941741127e-03, -2.585920270853910e-01,  7.043087732700659e-02,  2.724517643373406e-03,  7.485566166452908e-01,  3.740022083703677e-03,  2.169560325323224e-01,  4.432579754502676e-01,  3.308395351548285e-01,  5.238768540733898e-01, -2.167999503540829e+00, -5.980989369555849e-01,  5.404258005689027e-01
  7.600000000000000e-01, -7.501241433434351e-03, -2.587175672004119e-01,  7.069528670470072e-02,  3.515508161540237e-03,  7.495562747927781e-01,  4.230004269456587e-03,  2.236077154361091e-01,  4.359898681307134e-01,  3.355752811636818e-01,  5.341239050298964e-01, -2.169008543972678e+00, -6.001868027543654e-01,  5.467881478366472e-01
  7.700000000000000e-01, -6.985429717492034e-03, -2.588706534422256e-01,  7.097435014644386e-02,  4.325476249335573e-03,  7.505694613272325e-01,  4.735472000965295e-03,  2.302849048998125e-01,  4.288533719282689e-01,  3.401851806666741e-01,  5.445654187657039e-01, -2.169912050095554e+00, -6.023221349177611e-01,  5.532831558393738e-01
  7.800000000000000e-01, -6.461801113314469e-03, -2.590526875816341e-01,  7.126857176697071e-02,  5.154461458262452e-03,  7.515955638486767e-01,  5.256644648600151e-03,  2.369767897762394e-01,  4.218568268729376e-01,  3.446587754671963e-01,  5.551986017679942e-01, -2.170708335620985e+00, -6.045042985998229e-01,  5.599089768908110e-01
  7.900000000000000e-01, -5.930463604253849e-03, -2.592654950180994e-01,  7.157867741231028e-02,  6.002773890466839e-03,  7.526341420531816e-01,  5.793985941403563e-03,  2.436720960701267e-01,  4.150115895474135e-01,  3.489846025329579e-01,  5.660223815517784e-01, -2.171427537077175e+00, -6.067367701353332e-01,  5.666633565432759e-01
  8.000000000000000e-01, -5.391972863153184e-03, -2.595089776359619e-01,  7.190442769733704e-02,  6.869602331489860e-03,  7.536840723987595e-01,  6.346898459865155e-03,  2.503612365426649e-01,  4.083169667282689e-01,  3.531580816606254e-01,  5.770287740095497e-01, -2.172003546540032e+00, -6.090115129901225e-01,  5.735458406752212e-01
  8.100000000000001e-01, -4.846484903773116e-03, -2.597847108270518e-01,  7.224643163059759e-02,  7.755129890705036e-03,  7.547448377082481e-01,  6.915717052822918e-03,  2.570331252486809e-01,  4.017828617587166e-01,  3.571691444897694e-01,  5.882159235075047e-01, -2.172467724747714e+00, -6.113322882528903e-01,  5.805543397568345e-01
  8.200000000000001e-01, -4.294327852406651e-03, -2.600934675697158e-01,  7.260490290435515e-02,  8.659094809192110e-03,  7.558156626773332e-01,  7.500347254519530e-03,  2.636774404059815e-01,  3.954149121530138e-01,  3.610109653483239e-01,  5.995794797738365e-01, -2.172820769440365e+00, -6.136993607039828e-01,  5.876872969161901e-01
  8.300000000000001e-01, -3.735962418897841e-03, -2.604354775509372e-01,  7.297978037375649e-02,  9.580909020085978e-03,  7.568955643910049e-01,  8.100392721398203e-03,  2.702843609999087e-01,  3.892155095520854e-01,  3.646786437663089e-01,  6.111132327754116e-01, -2.173042489318764e+00, -6.161099690545467e-01,  5.949433523826437e-01
  8.400000000000000e-01, -3.171575110949200e-03, -2.608119358882070e-01,  7.337151276563142e-02,  1.052062611182832e-02,  7.579839949414652e-01,  8.716030419670080e-03,  2.768435562289896e-01,  3.831937535265239e-01,  3.681648565193977e-01,  6.228150031217295e-01, -2.173176745575114e+00, -6.185710042811597e-01,  6.023204478307189e-01
  8.500000000000000e-01, -2.601698627605653e-03, -2.612226702758002e-01,  7.377984825051198e-02,  1.147745669281456e-02,  7.590798656649071e-01,  9.346666219427952e-03,  2.833458848156754e-01,  3.773503867926163e-01,  3.714666778801083e-01,  6.346777526739681e-01, -2.173202255810889e+00, -6.210798762015338e-01,  6.098171095807379e-01
  8.600000000000000e-01, -2.026792368368684e-03, -2.616677358678070e-01,  7.420465910662670e-02,  1.245077519368580e-02,  7.601822055918126e-01,  9.991851812204591e-03,  2.897822749912805e-01,  3.716880086194372e-01,  3.745807899847598e-01,  6.466956448993043e-01, -2.173120317512297e+00, -6.236373222801859e-01,  6.174314769201530e-01
  8.700000000000000e-01, -1.447347652778559e-03, -2.621470019165570e-01,  7.464572891620819e-02,  1.343986349692883e-02,  7.612899982848664e-01,  1.065105105589315e-02,  2.961440641051769e-01,  3.662086074138138e-01,  3.775047649736821e-01,  6.588625931498906e-01, -2.172933270672464e+00, -6.262442931448446e-01,  6.251614922203741e-01
  8.800000000000000e-01, -8.638880079843092e-04, -2.626601518883145e-01,  7.510275197532944e-02,  1.444390986131655e-02,  7.624021816876786e-01,  1.132364065084274e-02,  3.024230343221442e-01,  3.609135117825706e-01,  3.802370279412586e-01,  6.711722597020868e-01, -2.172644076686806e+00, -6.289019115522447e-01,  6.330048821720569e-01
  8.900000000000000e-01, -2.769683598459258e-04, -2.632066844419058e-01,  7.557533348965247e-02,  1.546200966483540e-02,  7.635176501035941e-01,  1.200891206149713e-02,  3.086114426146216e-01,  3.558034081611285e-01,  3.827768386522560e-01,  6.836180828298194e-01, -2.172256313099831e+00, -6.316114928688625e-01,  6.409591269899604e-01
  9.000000000000000e-01,  3.128261146360037e-04, -2.637859155771569e-01,  7.606299036796135e-02,  1.649316691176410e-02,  7.646352567512216e-01,  1.270607412796945e-02,  3.147020462671676e-01,  3.508783630885760e-01,  3.851242712822137e-01,  6.961933017609411e-01, -2.171774166276939e+00, -6.343745681669596e-01,  6.490214326223915e-01
  9.099999999999999e-01,  9.048814269442400e-04, -2.643969819373957e-01,  7.656515259442540e-02,  1.753629643730971e-02,  7.657538167978289e-01,  1.341425630777654e-02,  3.206881237571420e-01,  3.461378474120419e-01,  3.872801914911955e-01,  7.088909777931970e-01, -2.171202412261811e+00, -6.371929027792130e-01,  6.571887092725079e-01
  9.200000000000000e-01,  1.498556497015926e-03, -2.650388452484918e-01,  7.708116517585173e-02,  1.859022680169648e-02,  7.668721108456795e-01,  1.413251251975413e-02,  3.265634911465308e-01,  3.415807611034963e-01,  3.892462307726023e-01,  7.217040115595174e-01, -2.170546387149856e+00, -6.400685110537379e-01,  6.654575562514289e-01
  9.300000000000000e-01,  2.093185193819660e-03, -2.657102979413181e-01,  7.761029070921967e-02,  1.965370395931955e-02,  7.679888889414718e-01,  1.485982562674473e-02,  3.323225144483417e-01,  3.372054582196431e-01,  3.910247582842984e-01,  7.346251561974650e-01, -2.169811950984224e+00, -6.430036719537067e-01,  6.738242490604049e-01
  9.399999999999999e-01,  2.688078659633022e-03, -2.664099697925760e-01,  7.815171249545709e-02,  2.072539562024650e-02,  7.691028750473720e-01,  1.559511245470561e-02,  3.379601178478794e-01,  3.330097733295369e-01,  3.926188512126859e-01,  7.476470253288754e-01, -2.169005448591845e+00, -6.460009485693916e-01,  6.822847258724005e-01
  9.500000000000000e-01,  3.282527810656184e-03, -2.671363353409007e-01,  7.870453806310720e-02,  2.180389609677801e-02,  7.702127717808610e-01,  1.633722916271483e-02,  3.434717872872087e-01,  3.289910499962174e-01,  3.940322642758853e-01,  7.607620954903397e-01, -2.168133666813257e+00, -6.490632186949843e-01,  6.908345743938478e-01
  9.600000000000000e-01,  3.875805991505658e-03, -2.678877221499206e-01,  7.926780313036814e-02,  2.288773162978441e-02,  7.713172653622671e-01,  1.708497695878844e-02,  3.488535695756009e-01,  3.251461693181704e-01,  3.952693972473198e-01,  7.739627042070885e-01, -2.167203784238695e+00, -6.521937238679142e-01,  6.994690200485323e-01
  9.700000000000000e-01,  4.467171778094941e-03, -2.686623199594683e-01,  7.984047602906487e-02,  2.397536620896445e-02,  7.724150307466363e-01,  1.783710816065329e-02,  3.541020674389924e-01,  3.214715769923800e-01,  3.963352598275404e-01,  7.872410446626009e-01, -2.166223312591998e+00, -6.553961343431057e-01,  7.081829153001413e-01
  9.800000000000000e-01,  5.055871847453737e-03, -2.694581904714314e-01,  8.042146245981611e-02,  2.506520771247177e-02,  7.735047367978376e-01,  1.859233243717808e-02,  3.592144306180837e-01,  3.179633089268249e-01,  3.972354346033016e-01,  8.005891567255043e-01, -2.165200032548694e+00, -6.586746175018445e-01,  7.169707307980343e-01
  9.900000000000000e-01,  5.641143825892284e-03, -2.702732775366889e-01,  8.100961045159669e-02,  2.615561418465969e-02,  7.745850513477736e-01,  1.934932307099984e-02,  3.641883431381401e-01,  3.146170149433742e-01,  3.979760384887474e-01,  8.139989139412662e-01, -2.164141922784537e+00, -6.620338947124135e-01,  7.258265496838785e-01
  1.000000000000000e+00,  6.222219069157679e-03, -2.711054176448728e-01,  8.160371547135023e-02,  2.724490016461920e-02,  7.756546460517162e-01,  2.010672316594449e-02,  3.690220070377276e-01,  3.114279799358583e-01,  3.985636825212206e-01,  8.274620071097567e-01, -2.163057079842138e+00, -6.654792807545173e-01,  7.347440665689272e-01
  1.010000000000000e+00,  6.798319491281487e-03, -2.719522229154481e-01,  8.220247022287641e-02,  2.833130290004615e-02,  7.767122050070155e-01,  2.086310346631858e-02,  3.737140335200048e-01,  3.083930886219922e-01,  3.990066689950427e-01,  8.409712728111163e-01, -2.161971280263886e+00, -6.690215427402613e-01,  7.437166142082416e-01
  1.020000000000000e+00,  7.368685183247679e-03, -2.728116004643298e-01,  8.280469127935115e-02,  2.941315088944655e-02,  7.777564166148188e-01,  2.161716199253238e-02,  3.782637770391540e-01,  3.055031880200363e-01,  3.993100610975909e-01,  8.545154141960762e-01, -2.160858667591167e+00, -6.726581795275681e-01,  7.527371327229222e-01
  1.030000000000000e+00,  7.932539059218806e-03, -2.736810110213451e-01,  8.340899674764002e-02,  3.048862900625868e-02,  7.787859943945633e-01,  2.236744253056742e-02,  3.826707862783209e-01,  3.027543707632732e-01,  3.994828419735659e-01,  8.680866901078041e-01, -2.159743298350328e+00, -6.764006421168591e-01,  7.617981606059824e-01
  1.040000000000000e+00,  8.489116772145231e-03, -2.745579787158016e-01,  8.401402994976483e-02,  3.155594827397763e-02,  7.797996746767383e-01,  2.311253275151661e-02,  3.869351236881989e-01,  3.001406662342598e-01,  3.995331596026190e-01,  8.816759225579619e-01, -2.158633110197004e+00, -6.802568483879969e-01,  7.708919080929251e-01
  1.050000000000000e+00,  9.037662314843006e-03, -2.754399818332166e-01,  8.461841226386789e-02,  3.261331257997756e-02,  7.807962215034477e-01,  2.385102313713096e-02,  3.910572532618610e-01,  2.976558223791670e-01,  3.994694169591935e-01,  8.952736775843665e-01, -2.157535640304668e+00, -6.842353011837442e-01,  7.800102465192271e-01
  1.060000000000000e+00,  9.577430778126145e-03, -2.763244650171623e-01,  8.522074936573347e-02,  3.365892598696694e-02,  7.817744309037630e-01,  2.458151304889186e-02,  3.950380089927491e-01,  2.952933482742131e-01,  3.993002316890927e-01,  9.088702734893623e-01, -2.156458096996713e+00, -6.883450858476775e-01,  7.891447271635191e-01
  1.070000000000000e+00,  1.010769062788188e-02, -2.772088514419601e-01,  8.581963732761863e-02,  3.469099940094587e-02,  7.827331341315251e-01,  2.530261628791796e-02,  3.988785612232635e-01,  2.930465422422259e-01,  3.990343879828210e-01,  9.224557828723804e-01, -2.155407299873889e+00, -6.925958129931219e-01,  7.982866015112940e-01
  1.080000000000000e+00,  1.062772551107928e-02, -2.780905541883175e-01,  8.641366825588681e-02,  3.570775641507874e-02,  7.836711999808559e-01,  2.601296590503193e-02,  4.025803804484541e-01,  2.909085212570861e-01,  3.986807893154016e-01,  9.360200410438817e-01, -2.154389636129276e+00, -6.969975504256005e-01,  8.074268445836807e-01
  1.090000000000000e+00,  1.113683561556322e-02, -2.789669868688537e-01,  8.700143549239713e-02,  3.670743836933000e-02,  7.845875362240389e-01,  2.671121830966882e-02,  4.061451993283297e-01,  2.888722502150515e-01,  3.982484115584944e-01,  9.495526613382671e-01, -2.153411026415188e+00, -7.015607472543743e-01,  8.165561808734890e-01
  1.100000000000000e+00,  1.163433868675322e-02, -2.798355738490966e-01,  8.758153856344512e-02,  3.768830886118510e-02,  7.854810903377587e-01,  2.739605688848448e-02,  4.095749734971484e-01,  2.869305704194013e-01,  3.977462549554299e-01,  9.630430584661068e-01, -2.152476895565314e+00, -7.062961571968326e-01,  8.256651101211308e-01
  1.110000000000000e+00,  1.211957085874616e-02, -2.806937605101392e-01,  8.815258812705304e-02,  3.864865805252864e-02,  7.863508497795783e-01,  2.806619541763193e-02,  4.128718417275906e-01,  2.850762280790567e-01,  3.971832937229757e-01,  9.764804823521706e-01, -2.151592152799710e+00, -7.112147695859585e-01,  8.347439301290560e-01
  1.120000000000000e+00,  1.259188746063641e-02, -2.815390237892835e-01,  8.871321108466329e-02,  3.958680707329008e-02,  7.871958421099433e-01,  2.872038148055755e-02,  4.160380866722898e-01,  2.833019030250734e-01,  3.965684234891944e-01,  9.898540633649651e-01, -2.150761186156544e+00, -7.163277475499260e-01,  8.437827578929893e-01
  1.130000000000000e+00,  1.305066386394488e-02, -2.823688829223811e-01,  8.926205585161025e-02,  4.050111260052076e-02,  7.880151351044529e-01,  2.935739992117296e-02,  4.190760973343761e-01,  2.816002369759741e-01,  3.959104076769958e-01,  1.003152867113044e+00, -2.149987873307734e+00, -7.216463677430160e-01,  8.527715527325855e-01
  1.140000000000000e+00,  1.349529638677861e-02, -2.831809103249056e-01,  8.979779776350919e-02,  4.138997161540515e-02,  7.888078368978232e-01,  2.997607632677501e-02,  4.219883337918224e-01,  2.799638605843029e-01,  3.952178232056447e-01,  1.016365956432370e+00, -2.149275606880523e+00, -7.271819591470641e-01,  8.617001417414470e-01
  1.150000000000000e+00,  1.392520329580999e-02, -2.839727426496965e-01,  9.031914464871296e-02,  4.225182640611373e-02,  7.895730962412729e-01,  3.057528059002408e-02,  4.247772947980391e-01,  2.783854177766842e-01,  3.944990053264315e-01,  1.029482458448756e+00, -2.148627327001169e+00, -7.329458387713292e-01,  8.705582451745605e-01
  1.160000000000000e+00,  1.433982587454281e-02, -2.847420917806702e-01,  9.082484244736552e-02,  4.308516970087381e-02,  7.903101028445969e-01,  3.115393044935986e-02,  4.274454886974721e-01,  2.768575864527134e-01,  3.937619926389019e-01,  1.042491633763594e+00, -2.148045554068867e+00, -7.389492343925712e-01,  8.793355003227880e-01
  1.170000000000000e+00,  1.473862941363859e-02, -2.854867552650964e-01,  9.131368059859080e-02,  4.388854957633493e-02,  7.910180875825230e-01,  3.171099473711281e-02,  4.299954070679654e-01,  2.753730970967609e-01,  3.930144743747842e-01,  1.055382944732286e+00, -2.147532420521475e+00, -7.452031764308072e-01,  8.880214817566207e-01
  1.180000000000000e+00,  1.512110399378448e-02, -2.862046258228827e-01,  9.178449697844940e-02,  4.466057383887733e-02,  7.916963223577036e-01,  3.224549612490035e-02,  4.324295000217527e-01,  2.739247521356568e-01,  3.922637415673464e-01,  1.068146121170971e+00, -2.147089706559033e+00, -7.517183552382933e-01,  8.966057138432822e-01
  1.190000000000000e+00,  1.548676342432709e-02, -2.868938435417676e-01,  9.223624220646376e-02,  4.539994760784733e-02,  7.923440974182775e-01,  3.275656015536929e-02,  4.347502685105636e-01,  2.725027216045003e-01,  3.915149519883708e-01,  1.080768741040981e+00, -2.146690742059776e+00, -7.584903063154305e-01,  9.050765257907010e-01
  1.200000000000000e+00,  1.583515096287816e-02, -2.875522254740557e-01,  9.266774233401008e-02,  4.610533893304325e-02,  7.929608074267777e-01,  3.324322775744112e-02,  4.369597810590642e-01,  2.711054424141564e-01,  3.907778532712340e-01,  1.093246166463680e+00, -2.146392670431416e+00, -7.655572317144893e-01,  9.134255833312848e-01
  1.210000000000000e+00,  1.616583289002470e-02, -2.881781408012113e-01,  9.307806548689931e-02,  4.677559052533366e-02,  7.935458228588749e-01,  3.370474207118638e-02,  4.390603438968647e-01,  2.697233951886549e-01,  3.900566300646800e-01,  1.105566881191970e+00, -2.146169072710281e+00, -7.729139808859925e-01,  9.216411780440198e-01
  1.220000000000000e+00,  1.647840204093627e-02, -2.887699384174809e-01,  9.346628283623812e-02,  4.740958156993024e-02,  7.940985717910422e-01,  3.414035854920415e-02,  4.410540294892777e-01,  2.683498546455838e-01,  3.893565724047911e-01,  1.117722231557350e+00, -2.146020518342095e+00, -7.805680379550974e-01,  9.297125953716661e-01
  1.230000000000000e+00,  1.677247756664637e-02, -2.893260939999214e-01,  9.383153105862553e-02,  4.800626519011385e-02,  7.946185195444421e-01,  3.454939298266709e-02,  4.429427735151737e-01,  2.669783014106170e-01,  3.886824171848859e-01,  1.129704115957155e+00, -2.145947785058471e+00, -7.885257818253844e-01,  9.376290509899539e-01
  1.240000000000000e+00,  1.704770497317908e-02, -2.898452151380169e-01,  9.417301510267341e-02,  4.856467051452427e-02,  7.951051675336167e-01,  3.493122226086125e-02,  4.447283656294378e-01,  2.656024109718328e-01,  3.880383129253875e-01,  1.141504987612670e+00, -2.145951615647482e+00, -7.967921158323691e-01,  9.453796632248065e-01
  1.250000000000000e+00,  1.730375635379299e-02, -2.903260444203127e-01,  9.449001015402196e-02,  4.908390448932055e-02,  7.955580527882333e-01,  3.528528463643039e-02,  4.464124431427286e-01,  2.642160682744836e-01,  3.874278074753831e-01,  1.153117873237256e+00, -2.146032764352861e+00, -8.053702484214571e-01,  9.529534393720284e-01
  1.260000000000000e+00,  1.754033083186068e-02, -2.907674617236152e-01,  9.478186332627542e-02,  4.956315377175916e-02,  7.959767480263228e-01,  3.561107993191505e-02,  4.479964898150799e-01,  2.628133786934616e-01,  3.868538430921116e-01,  1.164536381348900e+00, -2.146192042568978e+00, -8.142614893589784e-01,  9.603392660715366e-01
  1.270000000000000e+00,  1.775713427141556e-02, -2.911686635694793e-01,  9.504806112950880e-02,  5.000169954090012e-02,  7.963607962166027e-01,  3.590821304958169e-02,  4.494820417680117e-01,  2.613839039564532e-01,  3.863160689317328e-01,  1.175750058921378e+00, -2.146380253419259e+00, -8.234326763562393e-01,  9.675235272081988e-01
  1.280000000000000e+00,  1.795395929221959e-02, -2.915284391790615e-01,  9.528795875827215e-02,  5.039885767353802e-02,  7.967099684569264e-01,  3.617621278316581e-02,  4.508698870708482e-01,  2.599316761736097e-01,  3.858216271602406e-01,  1.186762830859337e+00, -2.146697820371427e+00, -8.329442527130433e-01,  9.744995634286351e-01
  1.290000000000000e+00,  1.813057332732838e-02, -2.918462703088956e-01,  9.550119668100569e-02,  5.075408577794634e-02,  7.970238905603075e-01,  3.641481246790536e-02,  4.521612798911037e-01,  2.584468898761340e-01,  3.853690383549046e-01,  1.197565540313775e+00, -2.147097648882125e+00, -8.427603296454392e-01,  9.812535800506943e-01
  1.300000000000000e+00,  1.828673068260650e-02, -2.921218308090966e-01,  9.568749449116112e-02,  5.106687491237867e-02,  7.973021337449263e-01,  3.662379202679897e-02,  4.533574967523570e-01,  2.569160085014817e-01,  3.849543672906734e-01,  1.208145434910657e+00, -2.147490566112134e+00, -8.528101385099648e-01,  9.877697637833122e-01
  1.310000000000000e+00,  1.842238502067580e-02, -2.923541900020684e-01,  9.584640773760664e-02,  5.133687629570890e-02,  7.975447502884402e-01,  3.680287260866837e-02,  4.544587144254869e-01,  2.553510174435814e-01,  3.845867044756543e-01,  1.218515406500812e+00, -2.148055078920867e+00, -8.632043770152710e-01,  9.940445882090421e-01
  1.320000000000000e+00,  1.853736743956849e-02, -2.925433075989545e-01,  9.597781902207735e-02,  5.156378352528897e-02,  7.977514227941254e-01,  3.695197060384659e-02,  4.554660046311397e-01,  2.537394743194960e-01,  3.842613026424310e-01,  1.228664262368470e+00, -2.148709154496510e+00, -8.738727988590057e-01,  1.000062255298435e+00
  1.330000000000000e+00,  1.863159043644805e-02, -2.926890328406401e-01,  9.608160447275922e-02,  5.174739393317080e-02,  7.979220099628970e-01,  3.707101816740474e-02,  4.563800763928917e-01,  2.520768760831142e-01,  3.839771583569223e-01,  1.238588822870749e+00, -2.149452589432263e+00, -8.847976959940704e-01,  1.005810704261958e+00
  1.340000000000000e+00,  1.870500581383588e-02, -2.927913431305317e-01,  9.615771636343572e-02,  5.188760431977787e-02,  7.980564294492535e-01,  3.716001052471810e-02,  4.572015934537829e-01,  2.503592097581924e-01,  3.837329712727595e-01,  1.248286480157422e+00, -2.150288166890327e+00, -8.959604923879483e-01,  1.011277958139286e+00
  1.350000000000000e+00,  1.875760557284798e-02, -2.928503504947228e-01,  9.620618634740054e-02,  5.198441409561842e-02,  7.981546586805489e-01,  3.721900857447442e-02,  4.579312086307061e-01,  2.485827184114788e-01,  3.835270547427121e-01,  1.257754909436922e+00, -2.151219126523473e+00, -9.073400076015639e-01,  1.016452060141779e+00
  1.360000000000000e+00,  1.878942458019744e-02, -2.928663017078166e-01,  9.622712673675989e-02,  5.203792949316120e-02,  7.982167401641403e-01,  3.724814082074548e-02,  4.585695887440236e-01,  2.467439047043092e-01,  3.833573714987923e-01,  1.266992012675265e+00, -2.152249073565446e+00, -9.189124494505327e-01,  1.021321130295735e+00
  1.370000000000000e+00,  1.880067024137703e-02, -2.928395784515041e-01,  9.622078828956800e-02,  5.204856504356813e-02,  7.982430432365258e-01,  3.724770056927384e-02,  4.591171383058971e-01,  2.448482912517893e-01,  3.832252855609887e-01,  1.276004925534790e+00, -2.153474075400507e+00, -9.307224114506504e-01,  1.025876391138273e+00
  1.380000000000000e+00,  1.879123124787430e-02, -2.927707346540574e-01,  9.618735723648895e-02,  5.201628978053320e-02,  7.982332674008062e-01,  3.721779041106989e-02,  4.595752255749141e-01,  2.428756675080185e-01,  3.831207036937109e-01,  1.284774026428455e+00, -2.154716199689370e+00, -9.426015456447212e-01,  1.030100181607970e+00
  1.390000000000000e+00,  1.876148186917487e-02, -2.926604273042626e-01,  9.612728389493411e-02,  5.194185895918849e-02,  7.981880753879524e-01,  3.715890204596912e-02,  4.599442330595994e-01,  2.408367526882375e-01,  3.830464067241747e-01,  1.293311420689499e+00, -2.156120007074582e+00, -9.546263590970784e-01,  1.033985761274140e+00
  1.400000000000000e+00,  1.871150151768228e-02, -2.925093831238413e-01,  9.604092083796524e-02,  5.182559278499937e-02,  7.981075223340928e-01,  3.707132084276780e-02,  4.602254414372932e-01,  2.387196626655520e-01,  3.829955211342633e-01,  1.301605542307933e+00, -2.157589150635399e+00, -9.666851703854159e-01,  1.037519729999503e+00
  1.410000000000000e+00,  1.864165500752120e-02, -2.923185443939660e-01,  9.592884288964625e-02,  5.166831489183593e-02,  7.979922077638352e-01,  3.695560945503359e-02,  4.604197489938672e-01,  2.365273147199880e-01,  3.829668134966308e-01,  1.309659829339289e+00, -2.159178469480829e+00, -9.787816412651483e-01,  1.040693430429987e+00
  1.420000000000000e+00,  1.855229218239327e-02, -2.920889676977235e-01,  9.579167008493565e-02,  5.147085938510908e-02,  7.978426831328769e-01,  3.681234976646908e-02,  4.605283589801996e-01,  2.342582807054590e-01,  3.829570114006766e-01,  1.317472851352643e+00, -2.160892912758066e+00, -9.908792551159893e-01,  1.043497487836329e+00
  1.430000000000000e+00,  1.844388299753004e-02, -2.918219086972900e-01,  9.563016336986918e-02,  5.123430185142905e-02,  7.976597134784218e-01,  3.664227307656375e-02,  4.605525510898651e-01,  2.319143849001199e-01,  3.829637232085538e-01,  1.325046203191285e+00, -2.162766781111153e+00, -1.002963438856869e+00,  1.045923522999692e+00
  1.440000000000000e+00,  1.831678119534956e-02, -2.915185594044859e-01,  9.544500763217321e-02,  5.095952475091974e-02,  7.974438359458648e-01,  3.644599620300221e-02,  4.604940164861986e-01,  2.294893738188794e-01,  3.829816354772612e-01,  1.332372466584931e+00, -2.164744380305892e+00, -1.014948082776426e+00,  1.047963544301997e+00
  1.450000000000000e+00,  1.817157639529550e-02, -2.911804162544579e-01,  9.523712397034492e-02,  5.064785761709652e-02,  7.971960216052613e-01,  3.622440899004731e-02,  4.603543863042941e-01,  2.269859692660444e-01,  3.830083851417556e-01,  1.339453232174939e+00, -2.166858577985769e+00, -1.026816763205666e+00,  1.049611500509756e+00
  1.460000000000000e+00,  1.800886506599237e-02, -2.908090388064676e-01,  9.500746494091229e-02,  5.030065909159835e-02,  7.969172459169116e-01,  3.597842329319239e-02,  4.601355704020456e-01,  2.244046283285110e-01,  3.830407114166983e-01,  1.346287210728072e+00, -2.169112496529159e+00, -1.038530159778323e+00,  1.050862343057184e+00
  1.470000000000000e+00,  1.782930543266257e-02, -2.904060985737534e-01,  9.475705915868110e-02,  4.991941398441013e-02,  7.966085934786408e-01,  3.570903151257972e-02,  4.598396851060577e-01,  2.217463249836266e-01,  3.830754594274981e-01,  1.352873170907185e+00, -2.171508390738069e+00, -1.050049442174485e+00,  1.051712478239634e+00
  1.480000000000000e+00,  1.763361637385470e-02, -2.899733715128383e-01,  9.448700705729013e-02,  4.950572891966049e-02,  7.962712572711476e-01,  3.541730444306095e-02,  4.594690581310662e-01,  2.190125798830051e-01,  3.831096225367207e-01,  1.359209985594338e+00, -2.174047709351633e+00, -1.061336963155733e+00,  1.052159910330769e+00
  1.490000000000000e+00,  1.742257519342535e-02, -2.895127292972015e-01,  9.419847562378328e-02,  4.906132590399052e-02,  7.959065357934493e-01,  3.510438791605105e-02,  4.590262297356172e-01,  2.162054693983047e-01,  3.831403735788136e-01,  1.365296668381312e+00, -2.176731000797394e+00, -1.072356801459927e+00,  1.052204371332295e+00
  1.500000000000000e+00,  1.719701457643984e-02, -2.890261297200180e-01,  9.389269240195912e-02,  4.858803439830985e-02,  7.955158286542804e-01,  3.477149855535391e-02,  4.585139492984199e-01,  2.133276304482790e-01,  3.831650904822854e-01,  1.371132416396566e+00, -2.179557845868529e+00, -1.083075287025454e+00,  1.051847431627892e+00
  1.510000000000000e+00,  1.695781870090515e-02, -2.885156061731322e-01,  9.357093874162632e-02,  4.808778185133557e-02,  7.951006305595191e-01,  3.441991858239824e-02,  4.579351672262038e-01,  2.103822603326841e-01,  3.831813762695886e-01,  1.376716655948429e+00, -2.182526807585520e+00, -1.093461486232817e+00,  1.051092589639765e+00
  1.520000000000000e+00,  1.670591855876469e-02, -2.879832562623665e-01,  9.323454235504074e-02,  4.756258280868868e-02,  7.946625237852637e-01,  3.405098970411820e-02,  4.572930226085216e-01,  2.073731109153807e-01,  3.831870736716367e-01,  1.382049088360702e+00, -2.185635389914683e+00, -1.103487615055353e+00,  1.049945341382255e+00
  1.530000000000000e+00,  1.644228666463132e-02, -2.874312297585130e-01,  9.288486935562924e-02,  4.701452694043808e-02,  7.942031694612560e-01,  3.366610625827230e-02,  4.565908279287627e-01,  2.043044767632925e-01,  3.831802752037121e-01,  1.387129734828044e+00, -2.188880007267175e+00, -1.113129367784947e+00,  1.048413231045011e+00
  1.540000000000000e+00,  1.616798605480544e-02, -2.868618063399058e-01,  9.252337819555509e-02,  4.644587384284223e-02,  7.937243966172144e-01,  3.326677971500471e-02,  4.558320449953581e-01,  2.011830003213878e-01,  3.831597888191236e-01,  1.391961010646030e+00, -2.192275237103515e+00, -1.122379256112154e+00,  1.046504479293522e+00
  1.550000000000000e+00,  1.588394687970691e-02, -2.862770250400801e-01,  9.215136419371812e-02,  4.585861290162022e-02,  7.932278001302059e-01,  3.285434549974369e-02,  4.550202997382651e-01,  1.980103717353559e-01,  3.831233017336090e-01,  1.396539668331912e+00, -2.195776942920711e+00, -1.131194270242026e+00,  1.044233422683751e+00
  1.560000000000000e+00,  1.559128364296357e-02, -2.856792030165555e-01,  9.177031823366792e-02,  4.525508506784764e-02,  7.927153131858741e-01,  3.243037903815649e-02,  4.541593074874607e-01,  1.947941737469736e-01,  3.830701371718685e-01,  1.400868934637220e+00, -2.199397209511959e+00, -1.139575036947718e+00,  1.041612598298471e+00
  1.570000000000000e+00,  1.529107541694121e-02, -2.850705729148544e-01,  9.138167627415653e-02,  4.463755036890043e-02,  7.921888114346999e-01,  3.199640792859287e-02,  4.532528963259493e-01,  1.915406301479514e-01,  3.829994146225247e-01,  1.404950536611307e+00, -2.203128195453049e+00, -1.147513192944955e+00,  1.038657762390145e+00
  1.580000000000000e+00,  1.498441229421046e-02, -2.844533569376780e-01,  9.098687090622302e-02,  4.400827820499812e-02,  7.916501971121130e-01,  3.155397267337784e-02,  4.523049796695998e-01,  1.882563396001802e-01,  3.829104965442799e-01,  1.408786714560784e+00, -2.206960982172776e+00, -1.155004464834972e+00,  1.035386583443090e+00
  1.590000000000000e+00,  1.467238986299991e-02, -2.838297559638764e-01,  9.058732414845967e-02,  4.336953575890904e-02,  7.911013893505765e-01,  3.110461930707984e-02,  4.513195418139493e-01,  1.849482341106685e-01,  3.828029819119059e-01,  1.412380266256800e+00, -2.210885743669301e+00, -1.162048671473533e+00,  1.031818503925417e+00
  1.600000000000000e+00,  1.435610357611943e-02, -2.832019387424543e-01,  9.018444029865119e-02,  4.272357635376729e-02,  7.905443142090892e-01,  3.064989181634782e-02,  4.503006239492930e-01,  1.816235263663720e-01,  3.826766961331769e-01,  1.415734576820341e+00, -2.214891846857963e+00, -1.168649583977110e+00,  1.027974569180536e+00
  1.610000000000000e+00,  1.403664317265192e-02, -2.825720314185604e-01,  8.977959902033386e-02,  4.207262807208201e-02,  7.899808947111658e-01,  3.019132455683296e-02,  4.492523100034266e-01,  1.782896539323843e-01,  3.825316795079218e-01,  1.418853641275575e+00, -2.218967960151695e+00, -1.174814679913129e+00,  1.023877223858302e+00
  1.620000000000000e+00,  1.371502795872172e-02, -2.819420080255403e-01,  8.937408101947183e-02,  4.141876648194146e-02,  7.894129341818199e-01,  2.973035533582245e-02,  4.481786863446797e-01,  1.749524297678443e-01,  3.823677500787105e-01,  1.421740054460913e+00, -2.223083284951931e+00, -1.180544850699634e+00,  1.019552647124264e+00
  1.630000000000000e+00,  1.339243844442956e-02, -2.813140791501109e-01,  8.896933279414061e-02,  4.076436923666458e-02,  7.888425336824634e-01,  2.926863562960188e-02,  4.470839301494176e-01,  1.716231432178254e-01,  3.821861859242925e-01,  1.424403116449565e+00, -2.227263229724264e+00, -1.185874238303043e+00,  1.015020411135946e+00
  1.640000000000000e+00,  1.306985706875590e-02, -2.806900871523654e-01,  8.856655533633372e-02,  4.011141055559775e-02,  7.882714444447292e-01,  2.880754871012895e-02,  4.459721502997918e-01,  1.683077664629372e-01,  3.819871702321946e-01,  1.426846694863812e+00, -2.231476321489806e+00, -1.190808988662843e+00,  1.010308137892773e+00
  1.650000000000000e+00,  1.274829781798711e-02, -2.800718926179355e-01,  8.816696730093250e-02,  3.946191248693504e-02,  7.877014813742353e-01,  2.834851702003398e-02,  4.448474657769400e-01,  1.650140091012632e-01,  3.817714614238871e-01,  1.429077251456144e+00, -2.235709396905592e+00, -1.195367513181488e+00,  1.005441482079567e+00
  1.660000000000000e+00,  1.242874395827994e-02, -2.794612691580659e-01,  8.777173375693480e-02,  3.881782276774572e-02,  7.871344106680329e-01,  2.789291817419779e-02,  4.437139682843538e-01,  1.617495192008029e-01,  3.815399696078166e-01,  1.431101848735989e+00, -2.239949346139414e+00, -1.199569933969411e+00,  1.000446219730102e+00
  1.670000000000000e+00,  1.211214293089828e-02, -2.788598951829512e-01,  8.738196079038485e-02,  3.818100525568340e-02,  7.865719402974011e-01,  2.744207767193484e-02,  4.425757051345182e-01,  1.585218137268143e-01,  3.812937392236235e-01,  1.432928097783051e+00, -2.244183046474532e+00, -1.203437501584498e+00,  9.953480420878184e-01
  1.680000000000000e+00,  1.179940208440682e-02, -2.782693472955087e-01,  8.699869119474188e-02,  3.755323212048092e-02,  7.860157119576906e-01,  2.699726270394711e-02,  4.414366620633210e-01,  1.553382285445890e-01,  3.810339360872574e-01,  1.434564116187827e+00, -2.248397453227133e+00, -1.206992124940288e+00,  9.901723569380936e-01
  1.690000000000000e+00,  1.149138482029024e-02, -2.776910946925196e-01,  8.662290079723370e-02,  3.693617697704650e-02,  7.854672937155405e-01,  2.655967653632706e-02,  4.403007456665243e-01,  1.522058741660567e-01,  3.807618347758848e-01,  1.436018479547610e+00, -2.252579684836538e+00, -1.210255941621613e+00,  9.849441149295020e-01
  1.700000000000000e+00,  1.118890711957854e-02, -2.771264944909842e-01,  8.625549536423792e-02,  3.633140887860379e-02,  7.849281733051022e-01,  2.613045343605210e-02,  4.391717651643436e-01,  1.491315982423592e-01,  3.804788066682590e-01,  1.437300167408299e+00, -2.256717100861274e+00, -1.213250936203911e+00,  9.796876576112165e-01
  1.710000000000000e+00,  1.089273454008195e-02, -2.765767882555232e-01,  8.589730823153002e-02,  3.574038736519079e-02,  7.843997522257066e-01,  2.571065431979655e-02,  4.380534136737755e-01,  1.461219548037152e-01,  3.801863076329099e-01,  1.438418505706041e+00, -2.260797379169824e+00, -1.215998617951709e+00,  9.744265885620250e-01
  1.720000000000000e+00,  1.060357982215556e-02, -2.760431000941940e-01,  8.554909886355481e-02,  3.516445885632520e-02,  7.838833408775593e-01,  2.530126337759122e-02,  4.369492496945256e-01,  1.431831788680404e-01,  3.798858639367691e-01,  1.439383107305238e+00, -2.264808593674077e+00, -1.218519754765602e+00,  9.691836662922048e-01
  1.730000000000000e+00,  1.032210114754589e-02, -2.755264363019900e-01,  8.521155234326525e-02,  3.460485443941794e-02,  7.833801548349673e-01,  2.490318572021603e-02,  4.358626798200632e-01,  1.403211644864731e-01,  3.795790564406492e-01,  1.440203811239848e+00, -2.268739288245864e+00, -1.220834151582623e+00,  9.639807128620008e-01
  1.740000000000000e+00,  1.004890103806299e-02, -2.750276862995346e-01,  8.488527967279037e-02,  3.406268895749724e-02,  7.828913122660387e-01,  2.451724597282910e-02,  4.347969436876074e-01,  1.375414448113673e-01,  3.792675041874481e-01,  1.440890621674205e+00, -2.272578552088851e+00, -1.222960480753942e+00,  9.588385322672518e-01
  1.750000000000000e+00,  9.784525793483311e-03, -2.745476245005454e-01,  8.457081868148830e-02,  3.353896114155878e-02,  7.824178323461132e-01,  2.414418762816035e-02,  4.337551014660642e-01,  1.348491732898486e-01,  3.789528484003492e-01,  1.441453646694763e+00, -2.276316100439698e+00, -1.224916174018146e+00,  9.537768375504286e-01
  1.760000000000000e+00,  9.529465209970662e-03, -2.740869125046981e-01,  8.426863517248730e-02,  3.303455423293310e-02,  7.819606342198062e-01,  2.378467276213284e-02,  4.327400229475209e-01,  1.322491058491506e-01,  3.786367379154519e-01,  1.441903035101441e+00, -2.279942345273514e+00, -1.226717358804237e+00,  9.488141931629573e-01
  1.770000000000000e+00,  9.284082967528482e-03, -2.736459858002145e-01,  8.397904602919343e-02,  3.255010196732517e-02,  7.815204104436768e-01,  2.343918720251119e-02,  4.317542908489322e-01,  1.297436930693564e-01,  3.783203959956687e-01,  1.442246799826404e+00, -2.283428675666817e+00, -1.228373049955643e+00,  9.439724308165224e-01
  1.780000000000000e+00,  9.048896858941924e-03, -2.732255225861727e-01,  8.370253575035594e-02,  3.208653368440424e-02,  7.810981339984188e-01,  2.310842269509653e-02,  4.308005380656478e-01,  1.273406996805803e-01,  3.780063042984950e-01,  1.442499275875362e+00, -2.286807269572971e+00, -1.229908633767962e+00,  9.392587227369162e-01
  1.790000000000000e+00,  8.824156811115817e-03, -2.728257428985152e-01,  8.343928260253219e-02,  3.164425575082774e-02,  7.806942938583228e-01,  2.279270156019673e-02,  4.298809232051315e-01,  1.250416791301524e-01,  3.776956367958867e-01,  1.442668200168543e+00, -2.290050781396487e+00, -1.231330116584549e+00,  9.346924497546878e-01
  1.800000000000000e+00,  8.610126977829813e-03, -2.724468823154452e-01,  8.318947803116550e-02,  3.122370079281198e-02,  7.803094051553572e-01,  2.249236188741424e-02,  4.289974667345900e-01,  1.228496192797698e-01,  3.773899412402971e-01,  1.442763209504319e+00, -2.293152431717559e+00, -1.232648217642991e+00,  9.302873879396784e-01
  1.810000000000000e+00,  8.407018457765847e-03, -2.720890813397391e-01,  8.295325173045620e-02,  3.082519769285849e-02,  7.799438871061374e-01,  2.220766580914356e-02,  4.281519651594632e-01,  1.207670793249767e-01,  3.770907211698464e-01,  1.442793713790645e+00, -2.296106666419667e+00, -1.233872521646652e+00,  9.260559814255985e-01
  1.820000000000000e+00,  8.214989245851097e-03, -2.717523879165974e-01,  8.273067286178215e-02,  3.044897243427299e-02,  7.795980625374835e-01,  2.193879983424440e-02,  4.273459859126936e-01,  1.187961460229356e-01,  3.767994148766360e-01,  1.442768804390749e+00, -2.298908819672862e+00, -1.235011429563095e+00,  9.220094097790196e-01
  1.830000000000000e+00,  8.034145330055422e-03, -2.714367614213061e-01,  8.252175234868667e-02,  3.009515101936294e-02,  7.792721595597308e-01,  2.168587666083672e-02,  4.265808649475891e-01,  1.169384228974266e-01,  3.765173842213859e-01,  1.442697201897910e+00, -2.301555116879438e+00, -1.236072219097272e+00,  9.181575758830691e-01
  1.840000000000000e+00,  7.864541933074983e-03, -2.711420767221914e-01,  8.232644523609484e-02,  2.976376258501021e-02,  7.789663135394357e-01,  2.144893719571771e-02,  4.258577060528315e-01,  1.151950192964483e-01,  3.762459039866154e-01,  1.442587207440782e+00, -2.304042684373780e+00, -1.237061114788406e+00,  9.145090854132931e-01
  1.850000000000000e+00,  7.706184843306458e-03, -2.708681282938507e-01,  8.214465308031949e-02,  2.945474262567086e-02,  7.786805692610843e-01,  2.122795272697633e-02,  4.251773813316159e-01,  1.135665394392478e-01,  3.759861512975056e-01,  1.442446657328925e+00, -2.306369564759616e+00, -1.237983373337274e+00,  9.110712142564451e-01
  1.860000000000000e+00,  7.558969304382897e-03, -2.706145304869170e-01,  8.197615639708226e-02,  2.916781540025794e-02,  7.784147698927421e-01,  2.102274135630087e-02,  4.245404560903871e-01,  1.120513307871198e-01,  3.757388209728637e-01,  1.442280982784569e+00, -2.308517513389647e+00, -1.238839722370242e+00,  9.078537941733184e-01
  1.870000000000000e+00,  7.422934226199488e-03, -2.703811414861205e-01,  8.182089987117006e-02,  2.890298606035544e-02,  7.781690177329886e-01,  2.083331749116987e-02,  4.239474967088024e-01,  1.106525358550015e-01,  3.755056348983336e-01,  1.442100864661853e+00, -2.310521858170049e+00, -1.239641374793180e+00,  9.048532391618150e-01
  1.880000000000000e+00,  7.297879813136004e-03, -2.701674284183816e-01,  8.167856461097435e-02,  2.865980127678136e-02,  7.779429808745069e-01,  2.065936679736288e-02,  4.233986101451059e-01,  1.093673861822924e-01,  3.752870376890557e-01,  1.441910536744962e+00, -2.312365750391784e+00, -1.240387342544179e+00,  9.020765167887825e-01
  1.890000000000000e+00,  7.183623640206335e-03, -2.699728962841412e-01,  8.154885622881863e-02,  2.843784544137089e-02,  7.777363570946645e-01,  2.050059887230353e-02,  4.228937489597445e-01,  1.081942962035022e-01,  3.750837035525302e-01,  1.441715498379917e+00, -2.314050382249276e+00, -1.241079726070552e+00,  8.995251843700672e-01
  1.900000000000000e+00,  7.079941140592079e-03, -2.697969896523413e-01,  8.143143845073728e-02,  2.823662568623591e-02,  7.775487659164382e-01,  2.035666573244529e-02,  4.224326418859090e-01,  1.071311695062025e-01,  3.748961686395393e-01,  1.441520655835138e+00, -2.315578393689517e+00, -1.241720142914416e+00,  8.971990206204595e-01
  1.910000000000000e+00,  6.986564895162578e-03, -2.696390937740568e-01,  8.132593324815632e-02,  2.805557104748627e-02,  7.773797470717149e-01,  2.022716163858159e-02,  4.220147898096795e-01,  1.061753450737223e-01,  3.747248047987835e-01,  1.441330257372942e+00, -2.316953343918347e+00, -1.242309713850945e+00,  8.950960862768554e-01
  1.920000000000000e+00,  6.903124823387728e-03, -2.694984320491308e-01,  8.123185266399945e-02,  2.789391614240970e-02,  7.772286524477835e-01,  2.011153967670807e-02,  4.216393450100293e-01,  1.053222245982183e-01,  3.745695532345504e-01,  1.441146366507059e+00, -2.318164308488619e+00, -1.242846225366501e+00,  8.932173268740683e-01
  1.930000000000000e+00,  6.829394945221472e-03, -2.693744985923759e-01,  8.114888383551833e-02,  2.775118318053794e-02,  7.770950909130584e-01,  2.000945947614034e-02,  4.213055783656052e-01,  1.045708920251919e-01,  3.744309515635574e-01,  1.440975107823037e+00, -2.319248413079385e+00, -1.243336422745973e+00,  8.915478037322178e-01
  1.940000000000000e+00,  6.764918624512079e-03, -2.692664027959794e-01,  8.107645659220258e-02,  2.762645008547558e-02,  7.769782526915614e-01,  1.992025995083326e-02,  4.210121494671413e-01,  1.039156530789483e-01,  3.743085784961384e-01,  1.440817259397313e+00, -2.320195912332137e+00, -1.243777628772215e+00,  8.900853295053022e-01
  1.950000000000000e+00,  6.709256568632605e-03, -2.691733060745387e-01,  8.101403074933278e-02,  2.751883542324616e-02,  7.768773561590702e-01,  1.984330943045458e-02,  4.207575778084900e-01,  1.033516374789641e-01,  3.742020625653164e-01,  1.440674491255271e+00, -2.321012736137785e+00, -1.244170132459067e+00,  8.888216248238319e-01
  1.960000000000000e+00,  6.661881167441216e-03, -2.690942387475317e-01,  8.096097485220703e-02,  2.742729240880649e-02,  7.767914571669760e-01,  1.977785765181129e-02,  4.205401225106152e-01,  1.028719277635264e-01,  3.741105253342391e-01,  1.440546282134549e+00, -2.321692868911008e+00, -1.244512515461753e+00,  8.877484480163486e-01
  1.970000000000000e+00,  6.622368102242739e-03, -2.690284195311044e-01,  8.091678054451938e-02,  2.735097894206526e-02,  7.767197965420319e-01,  1.972330058745555e-02,  4.203577704601889e-01,  1.024742399161266e-01,  3.740339910244810e-01,  1.440436904621749e+00, -2.322272142495725e+00, -1.244809561934705e+00,  8.868511780585980e-01
  1.980000000000000e+00,  6.590341740667469e-03, -2.689751628023189e-01,  8.088100060873117e-02,  2.728915149047179e-02,  7.766617013402138e-01,  1.967910479927084e-02,  4.202093546148738e-01,  1.021531471917785e-01,  3.739717031032472e-01,  1.440345407255626e+00, -2.322742493339712e+00, -1.245058945476633e+00,  8.861239939274910e-01
  1.990000000000000e+00,  6.564725030996572e-03, -2.689326071225827e-01,  8.085240094558355e-02,  2.723971110539079e-02,  7.766152271816573e-01,  1.964376412869155e-02,  4.200902851710023e-01,  1.018972210919604e-01,  3.739218517520513e-01,  1.440269481145505e+00, -2.323103494718024e+00, -1.245261891438130e+00,  8.855515186656548e-01
  2.000000000000000e+00,  6.543852341080338e-03, -2.688979896786900e-01,  8.082912260770139e-02,  2.719944245193049e-02,  7.765773521350061e-01,  1.961498482102995e-02,  4.199929382575097e-01,  1.016892261939258e-01,  3.738810005610221e-01,  1.440206696171261e+00, -2.323409630704913e+00, -1.245434115952206e+00,  8.850777934677776e-01
