Main.Studies.MarkerTracking.t,Main.Studies.MarkerTracking.JointAngleOutputs.OutputFile_LeftLeg.HipFlexion,Main.Studies.MarkerTracking.JointAngleOutputs.OutputFile_LeftLeg.HipAbduction,Main.Studies.MarkerTracking.JointAngleOutputs.OutputFile_LeftLeg.HipExternalRotation,Main.Studies.MarkerTracking.JointAngleOutputs.OutputFile_LeftLeg.KneeFlexion,Main.Studies.MarkerTracking.JointAngleOutputs.OutputFile_LeftLeg.AnklePlantarFlexion,Main.Studies.MarkerTracking.JointAngleOutputs.OutputFile_LeftLeg.SubTalarEversion
  2.500000000000000e-01,  6.820067797981190e-02,  2.941991251806408e-02,  3.152427262609876e-01,  1.885791666168279e-01, -2.991454116690256e-02,  1.126405272209220e-01
  2.600000000000000e-01,  7.771847122304264e-02,  2.990044016221138e-02,  3.143596343852875e-01,  1.958293483902383e-01, -3.283868131286808e-02,  1.124748883220427e-01
  2.700000000000000e-01,  8.771691464202562e-02,  3.037706027199127e-02,  3.134483432451358e-01,  2.033614763172776e-01, -3.583581575237089e-02,  1.123388599635241e-01
  2.800000000000000e-01,  9.828309965313213e-02,  3.084800515330444e-02,  3.125066927373081e-01,  2.112459667868365e-01, -3.894279349965209e-02,  1.122227045671469e-01
  2.900000000000000e-01,  1.094642857889285e-01,  3.131016649556218e-02,  3.115331644901758e-01,  2.195065215370043e-01, -4.216393826061786e-02,  1.121319009230360e-01
  3.000000000000000e-01,  1.212788922969174e-01,  3.176000120970612e-02,  3.105265834403568e-01,  2.281365412844771e-01, -4.548353061479206e-02,  1.120808749363149e-01
  3.100000000000000e-01,  1.337520056586037e-01,  3.219381077940997e-02,  3.094860292553540e-01,  2.371373756218808e-01, -4.889056748444272e-02,  1.120812350233921e-01
  3.200000000000000e-01,  1.469036266365063e-01,  3.260793783871185e-02,  3.084109120633120e-01,  2.465077704408269e-01, -5.237331622068409e-02,  1.121446155221510e-01
  3.300000000000000e-01,  1.607470344841565e-01,  3.299882466794135e-02,  3.073012530518145e-01,  2.562428533166607e-01, -5.591814233346136e-02,  1.122821232538488e-01
  3.400000000000000e-01,  1.752859803160504e-01,  3.336336978002752e-02,  3.061578718179375e-01,  2.663336006618722e-01, -5.950967892557597e-02,  1.125034755084654e-01
  3.500000000000000e-01,  1.905171028631442e-01,  3.369881276556796e-02,  3.049823589902474e-01,  2.767680502945694e-01, -6.313246988130240e-02,  1.128170791959105e-01
  3.600000000000000e-01,  2.064233287574570e-01,  3.400346206588933e-02,  3.037774527262879e-01,  2.875293489576662e-01, -6.676938373333560e-02,  1.132282745027885e-01
  3.700000000000000e-01,  2.229765216295985e-01,  3.427670862388355e-02,  3.025469069329787e-01,  2.985973151642795e-01, -7.040352081873393e-02,  1.137393398072651e-01
  3.800000000000000e-01,  2.401368168426018e-01,  3.451929814176991e-02,  3.012954975733811e-01,  3.099486832224984e-01, -7.401849929444608e-02,  1.143488752311167e-01
  3.900000000000000e-01,  2.578535558912171e-01,  3.473349302838402e-02,  3.000288879710461e-01,  3.215579001658276e-01, -7.759910460883751e-02,  1.150515592465955e-01
  4.000000000000000e-01,  2.760670517615932e-01,  3.492313727174534e-02,  2.987534015310473e-01,  3.333981079802907e-01, -8.113189794790385e-02,  1.158381915666271e-01
  4.100000000000000e-01,  2.947110480777043e-01,  3.509361167268787e-02,  2.974757209634513e-01,  3.454422164055170e-01, -8.460571552837759e-02,  1.166960355865371e-01
  4.200000000000000e-01,  3.137156154143244e-01,  3.525168077769480e-02,  2.962025452424306e-01,  3.576639535091773e-01, -8.801200424392983e-02,  1.176094269837007e-01
  4.300000000000000e-01,  3.330101606007870e-01,  3.540524857942229e-02,  2.949402405467109e-01,  3.700387852275898e-01, -9.134496450650625e-02,  1.185605744968674e-01
  4.400000000000000e-01,  3.525262277620375e-01,  3.556305083414690e-02,  2.936945219500648e-01,  3.825446201096575e-01, -9.460150001592078e-02,  1.195304570440678e-01
  4.500000000000000e-01,  3.721998355062319e-01,  3.573431704043184e-02,  2.924701971073054e-01,  3.951622546166706e-01, -9.778100064922100e-02,  1.204997198598815e-01
  4.600000000000000e-01,  3.919731964340186e-01,  3.592843421652403e-02,  2.912709902961535e-01,  4.078755563431778e-01, -1.008850030460803e-01,  1.214494872190406e-01
  4.700000000000000e-01,  4.117957740161297e-01,  3.615463834282906e-02,  2.900994500860593e-01,  4.206714170583090e-01, -1.039167802008402e-01,  1.223620344016960e-01
  4.800000000000000e-01,  4.316247234012755e-01,  3.642175034745621e-02,  2.889569331356936e-01,  4.335395283027404e-01, -1.068809083836243e-01,  1.232212914854516e-01
  4.900000000000000e-01,  4.514248226518584e-01,  3.673796432557430e-02,  2.878436506342847e-01,  4.464720394430215e-01, -1.097828507989345e-01,  1.240131792115043e-01
  5.000000000000000e-01,  4.711680270948573e-01,  3.711068797259065e-02,  2.867587612782902e-01,  4.594631544047940e-01, -1.126285853129804e-01,  1.247257955270323e-01
  5.100000000000000e-01,  4.908327796396684e-01,  3.754642987925627e-02,  2.857004955566306e-01,  4.725087128088089e-01, -1.154242909201767e-01,  1.253494795667626e-01
  5.200000000000000e-01,  5.104031933682556e-01,  3.805072651627994e-02,  2.846662986266075e-01,  4.856057889657731e-01, -1.181760970656429e-01,  1.258767808571232e-01
  5.300000000000000e-01,  5.298681962569940e-01,  3.862810267574401e-02,  2.836529812393425e-01,  4.987523306970746e-01, -1.208898935094639e-01,  1.263023593809456e-01
  5.400000000000000e-01,  5.492206999282798e-01,  3.928205977332366e-02,  2.826568703420556e-01,  5.119468497308505e-01, -1.235711954270725e-01,  1.266228391012223e-01
  5.500000000000000e-01,  5.684568317147625e-01,  4.001508616042337e-02,  2.816739531065381e-01,  5.251881675674057e-01, -1.262250564623101e-01,  1.268366339296733e-01
  5.600000000000001e-01,  5.875752522291403e-01,  4.082868460742795e-02,  2.807000091847022e-01,  5.384752156615490e-01, -1.288560208876106e-01,  1.269437606183518e-01
  5.700000000000001e-01,  6.065765681671380e-01,  4.172341450878836e-02,  2.797307269955204e-01,  5.518068866526326e-01, -1.314681060920758e-01,  1.269456472661245e-01
  5.800000000000001e-01,  6.254628393122835e-01,  4.269894741526525e-02,  2.787618039771841e-01,  5.651819316401541e-01, -1.340648085500753e-01,  1.268449416520164e-01
  5.900000000000001e-01,  6.442371716955826e-01,  4.375413354123459e-02,  2.777890339328848e-01,  5.785988966447286e-01, -1.366491285007121e-01,  1.266453235566736e-01
  6.000000000000000e-01,  6.629072100246738e-01,  4.488725359902612e-02,  2.768082028217041e-01,  5.920565225797212e-01, -1.392235706589360e-01,  1.263516777132644e-01
  6.100000000000000e-01,  6.814695210916680e-01,  4.609539365608395e-02,  2.758158572139408e-01,  6.055519986973039e-01, -1.417903429015048e-01,  1.259685122132066e-01
  6.200000000000000e-01,  6.999324769538389e-01,  4.737557647631641e-02,  2.748082952510933e-01,  6.190836131648529e-01, -1.443511850006279e-01,  1.255019495911436e-01
  6.300000000000000e-01,  7.183007298711886e-01,  4.872419689018170e-02,  2.737822592988827e-01,  6.326490307652813e-01, -1.469075744836246e-01,  1.249581359653246e-01
  6.400000000000000e-01,  7.365789011530200e-01,  5.013723982749152e-02,  2.727348133287493e-01,  6.462457656397821e-01, -1.494607353341201e-01,  1.243434907279956e-01
  6.500000000000000e-01,  7.547715068337262e-01,  5.161039073120888e-02,  2.716633350990478e-01,  6.598712399493696e-01, -1.520116904304606e-01,  1.236645778410705e-01
  6.599999999999999e-01,  7.728828994733793e-01,  5.313912524955722e-02,  2.705655122214901e-01,  6.735228397444626e-01, -1.545613048328918e-01,  1.229279983783324e-01
  6.699999999999999e-01,  7.909172278814943e-01,  5.471879257789625e-02,  2.694393314977883e-01,  6.871979698163991e-01, -1.571103219846173e-01,  1.221402983590300e-01
  6.799999999999999e-01,  8.088784074805301e-01,  5.634469173428802e-02,  2.682830604079858e-01,  7.008941047651931e-01, -1.596593930681091e-01,  1.213078914586149e-01
  6.899999999999999e-01,  8.267700969025342e-01,  5.801213938506677e-02,  2.670952220695268e-01,  7.146088339125318e-01, -1.622090994007332e-01,  1.204369946431101e-01
  7.000000000000000e-01,  8.445956781996781e-01,  5.971652865066068e-02,  2.658745674656808e-01,  7.283398983514295e-01, -1.647599673118127e-01,  1.195335745902406e-01
  7.100000000000000e-01,  8.623582377577007e-01,  6.145337856443533e-02,  2.646200477440906e-01,  7.420852190345055e-01, -1.673124754277840e-01,  1.186033043855650e-01
  7.200000000000000e-01,  8.800605451036010e-01,  6.321837332433256e-02,  2.633307870009849e-01,  7.558429149077097e-01, -1.698670552830528e-01,  1.176515314496841e-01
  7.300000000000000e-01,  8.977050285691541e-01,  6.500739141207967e-02,  2.620060551130506e-01,  7.696113108742417e-01, -1.724240867404052e-01,  1.166832570418899e-01
  7.400000000000000e-01,  9.152976215346807e-01,  6.681649537365075e-02,  2.606453462241357e-01,  7.833890259044206e-01, -1.749837132557871e-01,  1.157034742810857e-01
  7.500000000000000e-01,  9.328318181420029e-01,  6.864211123422015e-02,  2.592478827671263e-01,  7.971745882913085e-01, -1.775465547876811e-01,  1.147157042423788e-01
  7.600000000000000e-01,  9.503131772050116e-01,  7.048069378989497e-02,  2.578133890403227e-01,  8.109670056929856e-01, -1.801125641772937e-01,  1.137243093745177e-01
  7.700000000000000e-01,  9.677425065838279e-01,  7.232904565772103e-02,  2.563414344321811e-01,  8.247653416480405e-01, -1.826817911855672e-01,  1.127328688621142e-01
  7.800000000000000e-01,  9.851201265077745e-01,  7.418417414538281e-02,  2.548316360878938e-01,  8.385687837198117e-01, -1.852541577525762e-01,  1.117446363571997e-01
  7.900000000000000e-01,  1.002445855812904e+00,  7.604329773753360e-02,  2.532836213858141e-01,  8.523766187758137e-01, -1.878294418788792e-01,  1.107625473053401e-01
  8.000000000000000e-01,  1.019718989158887e+00,  7.790383260698763e-02,  2.516970143879775e-01,  8.661882015580844e-01, -1.904072586169419e-01,  1.097892320934654e-01
  8.100000000000001e-01,  1.036938276884534e+00,  7.976337627645025e-02,  2.500714273256485e-01,  8.800029220961185e-01, -1.929870423937423e-01,  1.088270296509076e-01
  8.200000000000000e-01,  1.054101908189194e+00,  8.161969139730463e-02,  2.484064563403280e-01,  8.938201735474599e-01, -1.955680328862947e-01,  1.078780005289654e-01
  8.300000000000000e-01,  1.071212917149780e+00,  8.347070608025375e-02,  2.467018024162709e-01,  9.076396589467084e-01, -1.981491804869792e-01,  1.069444733707554e-01
  8.400000000000000e-01,  1.088256818592378e+00,  8.531452501901771e-02,  2.449566400669489e-01,  9.214599624207015e-01, -2.007294904491154e-01,  1.060268214913097e-01
  8.500000000000000e-01,  1.105236196800294e+00,  8.714922097559907e-02,  2.431708420942529e-01,  9.352806971930460e-01, -2.033074620053336e-01,  1.051269771745739e-01
  8.600000000000000e-01,  1.122146909907908e+00,  8.897310645591228e-02,  2.413439219995668e-01,  9.491009818710567e-01, -2.058814761928068e-01,  1.042459863340419e-01
  8.700000000000000e-01,  1.138984201883162e+00,  9.078457516027405e-02,  2.394754373948776e-01,  9.629197975136308e-01, -2.084496885477896e-01,  1.033846815000679e-01
  8.800000000000000e-01,  1.155742723863831e+00,  9.258211339342526e-02,  2.375649660865801e-01,  9.767359708008739e-01, -2.110100340506646e-01,  1.025436909382128e-01
  8.900000000000000e-01,  1.172414267088128e+00,  9.436402100420582e-02,  2.356125556126236e-01,  9.905480624126229e-01, -2.135602567307675e-01,  1.017232802874524e-01
  9.000000000000000e-01,  1.188997189326109e+00,  9.612945720353783e-02,  2.336170654854084e-01,  1.004354750472348e+00, -2.160978152079333e-01,  1.009240832984085e-01
  9.100000000000000e-01,  1.205481822545541e+00,  9.787690978010222e-02,  2.315784972265622e-01,  1.018154181561218e+00, -2.186200560933056e-01,  1.001459816550556e-01
  9.200000000000000e-01,  1.221860589314864e+00,  9.960513726740916e-02,  2.294966165389369e-01,  1.031944410903146e+00, -2.211241080927626e-01,  9.938892809087090e-02
  9.300000000000000e-01,  1.238125202675403e+00,  1.013128895133597e-01,  2.273714093703527e-01,  1.045723301058231e+00, -2.236069353614374e-01,  9.865276136038716e-02
  9.399999999999999e-01,  1.254267591499315e+00,  1.029991796454863e-01,  2.252024032283475e-01,  1.059488420792420e+00, -2.260653234828804e-01,  9.793714601142450e-02
  9.500000000000000e-01,  1.270278549266652e+00,  1.046628565451413e-01,  2.229896959487230e-01,  1.073237180018216e+00, -2.284959378045600e-01,  9.724170782172850e-02
  9.600000000000000e-01,  1.286148718487224e+00,  1.063028752230364e-01,  2.207333200725670e-01,  1.086966739805459e+00, -2.308953109643512e-01,  9.656596841978680e-02
  9.700000000000000e-01,  1.301868394525563e+00,  1.079182338218865e-01,  2.184333920467662e-01,  1.100674038081594e+00, -2.332598690374758e-01,  9.590937206027592e-02
  9.800000000000000e-01,  1.317427566453373e+00,  1.095079704198505e-01,  2.160901291854412e-01,  1.114355795998723e+00, -2.355859506962737e-01,  9.527129129206396e-02
  9.900000000000000e-01,  1.332815961244579e+00,  1.110711597618024e-01,  2.137038595135922e-01,  1.128008525699621e+00, -2.378698268153155e-01,  9.465103335733438e-02
  1.000000000000000e+00,  1.348024041157263e+00,  1.126074138202018e-01,  2.112733094688316e-01,  1.141628436820015e+00, -2.401077147151613e-01,  9.404784935471043e-02
  1.010000000000000e+00,  1.363039290710771e+00,  1.141149047807972e-01,  2.088022227532318e-01,  1.155211830987715e+00, -2.422958255237788e-01,  9.346093060336667e-02
  1.020000000000000e+00,  1.377850749889133e+00,  1.155926898865651e-01,  2.062921152729295e-01,  1.168754733765426e+00, -2.444303641682995e-01,  9.288941497370003e-02
  1.030000000000000e+00,  1.392449554423745e+00,  1.170411079338536e-01,  2.037397013169029e-01,  1.182252657815141e+00, -2.465075374615179e-01,  9.233238026111017e-02
  1.040000000000000e+00,  1.406823601804748e+00,  1.184588211008002e-01,  2.011483599962136e-01,  1.195701408181803e+00, -2.485236288255694e-01,  9.178883814923998e-02
  1.050000000000000e+00,  1.420962202533608e+00,  1.198453377644524e-01,  1.985185518953494e-01,  1.209096450939948e+00, -2.504749816380029e-01,  9.125772666191424e-02
  1.060000000000000e+00,  1.434854118279019e+00,  1.211999271473212e-01,  1.958523247431798e-01,  1.222433263835009e+00, -2.523580358718863e-01,  9.073792718120118e-02
  1.070000000000000e+00,  1.448488464467593e+00,  1.225220914796008e-01,  1.931511193343965e-01,  1.235707159645470e+00, -2.541693376536577e-01,  9.022825860940886e-02
  1.080000000000000e+00,  1.461854248919686e+00,  1.238113309213822e-01,  1.904170336028237e-01,  1.248913441018697e+00, -2.559055658032445e-01,  8.972747085601018e-02
  1.090000000000000e+00,  1.474940372393713e+00,  1.250671463898110e-01,  1.876529685380613e-01,  1.262047451803610e+00, -2.575635477843145e-01,  8.923424950347179e-02
  1.100000000000000e+00,  1.487735020238402e+00,  1.262887857443389e-01,  1.848645331502427e-01,  1.275104895695821e+00, -2.591402801742950e-01,  8.874721905111826e-02
  1.110000000000000e+00,  1.487735020238402e+00,  1.262887857443389e-01,  1.848645331502427e-01,  1.275104895695821e+00, -2.591402801742950e-01,  8.874721905111826e-02
