Main.Studies.MarkerTracking.t,Main.Studies.MarkerTracking.JointAngleOutputs.OutputFile_LeftArm.ThoraxClavicula[0],Main.Studies.MarkerTracking.JointAngleOutputs.OutputFile_LeftArm.ThoraxClavicula[1],Main.Studies.MarkerTracking.JointAngleOutputs.OutputFile_LeftArm.ThoraxClavicula[2],Main.Studies.MarkerTracking.JointAngleOutputs.OutputFile_LeftArm.ClaviculaScapula[0],Main.Studies.MarkerTracking.JointAngleOutputs.OutputFile_LeftArm.ClaviculaScapula[1],Main.Studies.MarkerTracking.JointAngleOutputs.OutputFile_LeftArm.ClaviculaScapula[2],Main.Studies.MarkerTracking.JointAngleOutputs.OutputFile_LeftArm.ScapulaHumerus[0],Main.Studies.MarkerTracking.JointAngleOutputs.OutputFile_LeftArm.ScapulaHumerus[1],Main.Studies.MarkerTracking.JointAngleOutputs.OutputFile_LeftArm.ScapulaHumerus[2],Main.Studies.MarkerTracking.JointAngleOutputs.OutputFile_LeftArm.HumerusUlna,Main.Studies.MarkerTracking.JointAngleOutputs.OutputFile_LeftArm.UlnaRadius,Main.Studies.MarkerTracking.JointAngleOutputs.OutputFile_LeftArm.RadiusWrist,Main.Studies.MarkerTracking.JointAngleOutputs.OutputFile_LeftArm.WristHand
  2.500000000000000e+00, -2.912570542085997e-02, -1.729418524011971e-01,  2.855203161724793e-02, -4.628185302735451e-02,  7.157055305070255e-01, -4.645740074958418e-02,  2.700236719546839e-01,  2.633405635649980e-01,  6.618213296088937e-01,  6.165837811515766e-01, -2.381513673942347e+00,  2.979010074209555e+00,  2.108883804485734e+00
  2.510000000000000e+00, -2.898467775260906e-02, -1.734637047145876e-01,  2.880241559844160e-02, -4.598210821243027e-02,  7.159297404717520e-01, -4.613088840459389e-02,  2.704554283578017e-01,  2.616525719785496e-01,  6.595376093787959e-01,  6.212647540054165e-01, -2.382452379256406e+00,  2.978075425749251e+00,  2.107347508637688e+00
  2.520000000000000e+00, -2.883870422122855e-02, -1.740030875351802e-01,  2.906141311255294e-02, -4.567176604443775e-02,  7.161619372163165e-01, -4.579329835998555e-02,  2.709060917401744e-01,  2.598971649783398e-01,  6.571782835713788e-01,  6.261121732084368e-01, -2.383383639773323e+00,  2.977089532744537e+00,  2.105712959335553e+00
  2.530000000000000e+00, -2.868627485254209e-02, -1.745651835978272e-01,  2.933156733888374e-02, -4.534766453242505e-02,  7.164045708353594e-01, -4.544129131430434e-02,  2.713855792279889e-01,  2.580444952281026e-01,  6.547199149463204e-01,  6.311702749758522e-01, -2.384308959499835e+00,  2.976008779022068e+00,  2.103966965511485e+00
  2.540000000000000e+00, -2.852689624697158e-02, -1.751516940982353e-01,  2.961372563611975e-02, -4.500874449709493e-02,  7.166584445044607e-01, -4.507378522623314e-02,  2.718962549365904e-01,  2.560863788704260e-01,  6.521550620608468e-01,  6.364553139369169e-01, -2.385222441564648e+00,  2.974824518491672e+00,  2.102098035496775e+00
  2.550000000000000e+00, -2.836074587632449e-02, -1.757619560818048e-01,  2.990758903768623e-02, -4.465535064307321e-02,  7.169232813508988e-01, -4.469120962056210e-02,  2.724365731845741e-01,  2.540267277771092e-01,  6.494869547906735e-01,  6.419633611888577e-01, -2.386118542037118e+00,  2.973538624372456e+00,  2.100106724698255e+00
  2.560000000000000e+00, -2.818773670292584e-02, -1.763962164366482e-01,  3.021330345606865e-02, -4.428727596533663e-02,  7.171992329712672e-01, -4.429340737673540e-02,  2.730063943369311e-01,  2.518652719346196e-01,  6.467148616434886e-01,  6.476984029270667e-01, -2.386993263584965e+00,  2.972148890929105e+00,  2.097989559589096e+00
  2.570000000000000e+00, -2.800778627308236e-02, -1.770547034307556e-01,  3.053100711489802e-02, -4.390432162609945e-02,  7.174864439551701e-01, -4.388023374105166e-02,  2.736055057992551e-01,  2.496019281378397e-01,  6.438381565699508e-01,  6.536643135805908e-01, -2.387842116072032e+00,  2.970653365339147e+00,  2.095742959020886e+00
  2.580000000000000e+00, -2.782081597904302e-02, -1.777376270907209e-01,  3.086083097501005e-02, -4.350629582638666e-02,  7.177850532995900e-01, -4.345155548497035e-02,  2.742336232989893e-01,  2.472368270875948e-01,  6.408563287818480e-01,  6.598648512417093e-01, -2.388660311876140e+00,  2.969050329522206e+00,  2.093363327294214e+00
  2.590000000000000e+00, -2.762675070811987e-02, -1.784451797927841e-01,  3.120289909581127e-02, -4.309301319315204e-02,  7.180951950218348e-01, -4.300725037961511e-02,  2.748903921717272e-01,  2.447703223644065e-01,  6.377689838007963e-01,  6.663036510697299e-01, -2.389442798412057e+00,  2.967338322550718e+00,  2.090847072252662e+00
  2.600000000000000e+00, -2.742551857774982e-02, -1.791775368739810e-01,  3.155732897125795e-02, -4.266429428798556e-02,  7.184169985963259e-01, -4.254720675074317e-02,  2.755753882558659e-01,  2.422029974709938e-01,  6.345758430733192e-01,  6.729842172348360e-01, -2.390184268651764e+00,  2.965516168027015e+00,  2.088190616748211e+00
  2.610000000000000e+00, -2.721705064094834e-02, -1.799348574525667e-01,  3.192423195590105e-02, -4.221996503550351e-02,  7.187505894257386e-01, -4.207132293154388e-02,  2.762881189535496e-01,  2.395356718307744e-01,  6.312767423014758e-01,  6.799099154868044e-01, -2.390879170361513e+00,  2.963583002947813e+00,  2.085390410085029e+00
  2.620000000000000e+00, -2.700128045484328e-02, -1.807172857295646e-01,  3.230371392566039e-02, -4.175985586368145e-02,  7.190960895319247e-01, -4.157950641028521e-02,  2.770280251991358e-01,  2.367694046733091e-01,  6.278716276628179e-01,  6.870839676987358e-01, -2.391521720177857e+00,  2.961538302579086e+00,  2.082442942701051e+00
  2.630000000000000e+00, -2.677814355348643e-02, -1.815249526669749e-01,  3.269587611928831e-02, -4.128380063328835e-02,  7.194536183956167e-01, -4.107167275225743e-02,  2.777944841462932e-01,  2.339054968255889e-01,  6.243605501794066e-01,  6.945094480217368e-01, -2.392105924709397e+00,  2.959381898705926e+00,  2.079344765786484e+00
  2.640000000000000e+00, -2.654757696071057e-02, -1.823579777230525e-01,  3.310081598853606e-02, -4.079163561082645e-02,  7.198232937086659e-01, -4.054774454501181e-02,  2.785868116691418e-01,  2.309454912349784e-01,  6.207436590455849e-01,  7.021892788615076e-01, -2.392625603982301e+00,  2.957113998167364e+00,  2.076092513041817e+00
  2.650000000000000e+00, -2.630951872417298e-02, -1.832164707144747e-01,  3.351862809115155e-02, -4.028319844400272e-02,  7.202052320685528e-01, -4.000765032370148e-02,  2.794042643999595e-01,  2.278911729771251e-01,  6.170211937689983e-01,  7.101262257754141e-01, -2.393074413614235e+00,  2.954735207648449e+00,  2.072682922735268e+00
  2.660000000000000e+00, -2.606390743326848e-02, -1.841005338429168e-01,  3.394940505581976e-02, -3.975832707705527e-02,  7.205995496865745e-01, -3.945132342603235e-02,  2.802460415376922e-01,  2.247445691549304e-01,  6.131934753655595e-01,  7.183228908199703e-01, -2.393445865076732e+00,  2.952246561301461e+00,  2.069112861646610e+00
  2.670000000000000e+00, -2.581089926252211e-02, -1.850103282600715e-01,  3.439318081306129e-02, -3.921715920129215e-02,  7.210059193770436e-01, -3.887889349183910e-02,  2.811109081265271e-01,  2.214984336882109e-01,  6.092565069470454e-01,  7.267799738516427e-01, -2.393635938071827e+00,  2.949682008383872e+00,  2.065331123376637e+00
  2.680000000000000e+00, -2.555006330266264e-02, -1.859457343600971e-01,  3.485010540743950e-02, -3.865904042134865e-02,  7.214252231241712e-01, -3.829000918352952e-02,  2.819988593321761e-01,  2.181718581525794e-01,  6.052189800619785e-01,  7.355014284225566e-01, -2.393813562574931e+00,  2.946981139765865e+00,  2.061425545544115e+00
  2.690000000000000e+00, -2.528147028621791e-02, -1.869070054389657e-01,  3.532028291123043e-02, -3.808396342141993e-02,  7.218572944953394e-01, -3.768468663941322e-02,  2.829083428512735e-01,  2.147613639388878e-01,  6.010778072197993e-01,  7.444897532613286e-01, -2.393900119351589e+00,  2.944175561092602e+00,  2.057353267937029e+00
  2.700000000000000e+00, -2.500530383543617e-02, -1.878939793563030e-01,  3.580361628837148e-02, -3.749216342674834e-02,  7.223017863404717e-01, -3.706320119069727e-02,  2.838390159520667e-01,  2.112596991225108e-01,  5.968309036446661e-01,  7.537401550819789e-01, -2.393809855560902e+00,  2.941278458217044e+00,  2.053087814879234e+00
  2.710000000000000e+00, -2.472108092119540e-02, -1.889071861046719e-01,  3.630052861046333e-02, -3.688277672040838e-02,  7.227596122420080e-01, -3.642492755642879e-02,  2.847885754584073e-01,  2.076876151934007e-01,  5.924833110896480e-01,  7.632657832654155e-01, -2.393668829504946e+00,  2.938277146397847e+00,  2.048666652458952e+00
  2.720000000000000e+00, -2.442892145744420e-02, -1.899465131011040e-01,  3.681096879733357e-02, -3.625593261522370e-02,  7.232305467407689e-01, -3.577006479700807e-02,  2.857565181302169e-01,  2.040408117827659e-01,  5.880337744932443e-01,  7.730627853741463e-01, -2.393412452214606e+00,  2.935182159959894e+00,  2.044071354739895e+00
  2.730000000000000e+00, -2.412877190356653e-02, -1.910120381581130e-01,  3.733502592087323e-02, -3.561147113222759e-02,  7.237146909030384e-01, -3.509857532194655e-02,  2.867417180243944e-01,  2.003225202271355e-01,  5.834828590978071e-01,  7.831319542373092e-01, -2.393030255950952e+00,  2.931998621178542e+00,  2.039299257430739e+00
  2.740000000000000e+00, -2.382056903123966e-02, -1.921038465479373e-01,  3.787279693882973e-02, -3.494921478604252e-02,  7.242121639492588e-01, -3.441041143053791e-02,  2.877429892751684e-01,  1.965365953826475e-01,  5.788312819143616e-01,  7.934739976935801e-01, -2.392515107695586e+00,  2.928731729098866e+00,  2.034349169204175e+00
  2.750000000000000e+00, -2.350424992414527e-02, -1.932220213681544e-01,  3.842437921341416e-02, -3.426898489082341e-02,  7.247230842058086e-01, -3.370552864397013e-02,  2.887591075735651e-01,  1.926871255038806e-01,  5.740798044313808e-01,  8.040892849059992e-01, -2.391860149362312e+00,  2.925387223138078e+00,  2.029220365016118e+00
  2.760000000000000e+00, -2.317975339306084e-02, -1.943666410022230e-01,  3.898986900747649e-02, -3.357060411051600e-02,  7.252475664952336e-01, -3.298388805169779e-02,  2.897888146180605e-01,  1.887783999313045e-01,  5.692292292079196e-01,  8.149777976392490e-01, -2.391058655381102e+00,  2.921971409675864e+00,  2.023912560017505e+00
  2.770000000000000e+00, -2.284702124091158e-02, -1.955377760028807e-01,  3.956935980479790e-02, -3.285389892801812e-02,  7.257857198880011e-01, -3.224545870098235e-02,  2.908308211444187e-01,  1.848148960986231e-01,  5.642804051907563e-01,  8.261390907748769e-01, -2.390104061292491e+00,  2.918491158613850e+00,  2.018425938168273e+00
  2.780000000000000e+00, -2.250599971338266e-02, -1.967354852700212e-01,  4.016294027386968e-02, -3.211870254853265e-02,  7.263376451565905e-01, -3.149022040120367e-02,  2.918838105381452e-01,  1.808012651719267e-01,  5.592342356083690e-01,  8.375722509860359e-01, -2.388990009007268e+00,  2.914953893988653e+00,  2.012761183470611e+00
  2.790000000000000e+00, -2.215690654116875e-02, -1.979595750520511e-01,  4.077049795888014e-02, -3.136529123738897e-02,  7.269029251066038e-01, -3.071850787850107e-02,  2.929464404294610e-01,  1.767324858865579e-01,  5.540888151233908e-01,  8.492691266097774e-01, -2.387621337919624e+00,  2.911387318617880e+00,  2.006887392468811e+00
  2.800000000000000e+00, -2.179919837512501e-02, -1.992105135236240e-01,  4.139247126255814e-02, -3.059270145666933e-02,  7.274825968815052e-01, -2.992968565599239e-02,  2.940173091207379e-01,  1.726322573426158e-01,  5.488506719415871e-01,  8.612404000355071e-01, -2.386161261798978e+00,  2.907763173711720e+00,  2.000867148714713e+00
  2.810000000000000e+00, -2.143307360421755e-02, -2.004880952060786e-01,  4.202875358464878e-02, -2.980117958309689e-02,  7.280762818286020e-01, -2.912407907857024e-02,  2.950950948010018e-01,  1.684970429383630e-01,  5.435184198944661e-01,  8.734777494492451e-01, -2.384527348012646e+00,  2.904106942543347e+00,  1.994675160535167e+00
  2.820000000000000e+00, -2.105852216184518e-02, -2.017922750552451e-01,  4.267938180660831e-02, -2.899063583024219e-02,  7.286840012123931e-01, -2.830175642629849e-02,  2.961784293460811e-01,  1.643316628783020e-01,  5.380932022758743e-01,  8.859777131389638e-01, -2.382711737843430e+00,  2.900428668915965e+00,  1.988313401587378e+00
  2.830000000000000e+00, -2.067553910962299e-02, -2.031229775543930e-01,  4.334438015401914e-02, -2.816099260916883e-02,  7.293057683874056e-01, -2.746280392131115e-02,  2.972659479627172e-01,  1.601413068533034e-01,  5.325763690525908e-01,  8.987363490038789e-01, -2.380709888865815e+00,  2.896738179982745e+00,  1.981785504056821e+00
  2.840000000000000e+00, -2.028413475536223e-02, -2.044800834064028e-01,  4.402375100352512e-02, -2.731220217867194e-02,  7.299415698857790e-01, -2.660734011601131e-02,  2.983562964139482e-01,  1.559312051829851e-01,  5.269694039459483e-01,  9.117489919426751e-01, -2.378517956828885e+00,  2.893045596064813e+00,  1.975095819623208e+00
  2.850000000000000e+00, -1.988433677721182e-02, -2.058634238081637e-01,  4.471747167504513e-02, -2.644425121734357e-02,  7.305913617201788e-01, -2.573551980585553e-02,  2.994481374082208e-01,  1.517065901759724e-01,  5.212739339953696e-01,  9.250102125615284e-01, -2.376132800129279e+00,  2.889361257032528e+00,  1.968249421675633e+00
  2.860000000000000e+00, -1.947619211583550e-02, -2.072727749566865e-01,  4.542549137039634e-02, -2.555716506648009e-02,  7.312550661307594e-01, -2.484753759087788e-02,  3.005401555858622e-01,  1.474726689228313e-01,  5.154917419188680e-01,  9.385137873645915e-01, -2.373552087119698e+00,  2.885695599578697e+00,  1.961252145085379e+00
  2.870000000000000e+00, -1.905976885159932e-02, -2.087078528286429e-01,  4.614772818953994e-02, -2.465101195221204e-02,  7.319325683364538e-01, -2.394363127877178e-02,  3.016310610568274e-01,  1.432345959603399e-01,  5.096247767735491e-01,  9.522526748539278e-01, -2.370774401446150e+00,  2.882059017016674e+00,  1.954110622175685e+00
  2.880000000000000e+00, -1.863515782049760e-02, -2.101683088504508e-01,  4.688406656166704e-02, -2.372590669626022e-02,  7.326237137203125e-01, -2.302408467383605e-02,  3.027195928432287e-01,  1.389974440855598e-01,  5.036751611549596e-01,  9.662189993811552e-01, -2.367799346263404e+00,  2.878461710921540e+00,  1.946832314406976e+00
  2.890000000000000e+00, -1.820247387215767e-02, -2.116537266147511e-01,  4.763435519277696e-02, -2.278201373742893e-02,  7.333283056258670e-01, -2.208922960832739e-02,  3.038045227485743e-01,  1.347661737512363e-01,  4.976451949870392e-01,  9.804040431288817e-01, -2.364627652096527e+00,  2.874913532478657e+00,  1.939425542530371e+00
  2.900000000000000e+00, -1.776185695093526e-02, -2.131636191672195e-01,  4.839840527684563e-02, -2.181954981847299e-02,  7.340461034573933e-01, -2.113944755821731e-02,  3.048846582384138e-01,  1.305456041034323e-01,  4.915373576660594e-01,  9.947982447791531e-01, -2.361261286621552e+00,  2.871423805975860e+00,  1.931899518170499e+00
  2.910000000000000e+00, -1.731347313631199e-02, -2.146974264793595e-01,  4.917598876830085e-02, -2.083878661567942e-02,  7.347768208538707e-01, -2.017517110945052e-02,  3.059588435018022e-01,  1.263403876413922e-01,  4.853543100047624e-01,  1.009391203573500e+00, -2.357703569017525e+00,  2.868001125170558e+00,  1.924264383466774e+00
  2.920000000000000e+00, -1.685751553687154e-02, -2.162545132754566e-01,  4.996683682423453e-02, -1.984005311816365e-02,  7.355201241324617e-01, -1.919688511508073e-02,  3.070259597035008e-01,  1.221549878660526e-01,  4.790988958852369e-01,  1.024171689345261e+00, -2.353959299065977e+00,  2.864653113703156e+00,  1.916531265868669e+00
  2.930000000000000e+00, -1.639420496180417e-02, -2.178341673581382e-01,  5.077063850523363e-02, -1.882373761027923e-02,  7.362756311400378e-01, -1.820512742278641e-02,  3.080849251769396e-01,  1.179936589702258e-01,  4.727741433092347e-01,  1.039127659108916e+00, -2.350034899336815e+00,  2.861386148616017e+00,  1.908712346491429e+00
  2.940000000000000e+00, -1.592379043302399e-02, -2.194355983091033e-01,  5.158703966446627e-02, -1.779028936941612e-02,  7.370429104017427e-01, -1.720048927861493e-02,  3.091346954219549e-01,  1.138604266719666e-01,  4.663832648532875e-01,  1.054246279242463e+00, -2.345938553149578e+00,  2.858205058432912e+00,  1.900820930812227e+00
  2.950000000000000e+00, -1.544654951865002e-02, -2.210579366205154e-01,  5.241564205720535e-02, -1.674022003418353e-02,  7.378214806000318e-01, -1.618361537278772e-02,  3.101742633071655e-01,  1.097590687105552e-01,  4.599296571149203e-01,  1.069513952398856e+00, -2.341680323418405e+00,  2.855112817160395e+00,  1.892871508608311e+00
  2.960000000000000e+00, -1.496278840493249e-02, -2.227002334074388e-01,  5.325600276668464e-02, -1.567410448144911e-02,  7.386108105356717e-01, -1.515520340149128e-02,  3.112026601404904e-01,  1.056930944417921e-01,  4.534168989272666e-01,  1.084916349054500e+00, -2.337272245755903e+00,  2.852110250977007e+00,  1.884879796068874e+00
  2.970000000000000e+00, -1.447284173860429e-02, -2.243614605741248e-01,  5.410763388807461e-02, -1.459258127804016e-02,  7.394103195216858e-01, -1.411600322530804e-02,  3.122189572827462e-01,  1.016657251584210e-01,  4.468487491094270e-01,  1.100438443131826e+00, -2.332728394842276e+00,  2.849195754767769e+00,  1.876862763511679e+00
  2.980000000000000e+00, -1.397707230316165e-02, -2.260405112776060e-01,  5.497000238757217e-02, -1.349635282717978e-02,  7.402193781004858e-01, -1.306681574459466e-02,  3.132222675377767e-01,  9.767987749983685e-02,  4.402291445055309e-01,  1.116064551205617e+00, -2.328064931159701e+00,  2.846365007286006e+00,  1.868838658024589e+00
  2.990000000000000e+00, -1.347587046249123e-02, -2.277362008789249e-01,  5.584253024252205e-02, -1.238618506305760e-02,  7.410373091970455e-01, -1.200849136917805e-02,  3.142117463520399e-01,  9.373815085539741e-02,  4.335621978917386e-01,  1.131778375907674e+00, -2.323300140258012e+00,  2.843610682297294e+00,  1.860827029006701e+00
  3.000000000000000e+00, -1.297005418473328e-02, -2.294469323374096e-01,  5.672429958844005e-02, -1.126357361835080e-02,  7.418626218683516e-01, -1.094241340758709e-02,  3.151849275632527e-01,  8.983103283659664e-02,  4.268482912222542e-01,  1.147550604237103e+00, -2.318312286628228e+00,  2.840995197059691e+00,  1.852783290392220e+00
  3.010000000000000e+00, -1.245928211737320e-02, -2.311720300999351e-01,  5.761522208364623e-02, -1.012810417523555e-02,  7.426960512776416e-01, -9.868573337288895e-03,  3.161442510016273e-01,  8.598360210822616e-02,  4.200995224165016e-01,  1.163388039082941e+00, -2.313401437463862e+00,  2.838364622469986e+00,  1.844856494179639e+00
  3.020000000000000e+00, -1.194439240045067e-02, -2.329097766713772e-01,  5.851431627009616e-02, -8.981342480524054e-03,  7.435360784679305e-01, -8.788406854463623e-03,  3.170875224586102e-01,  8.218646957498618e-02,  4.133168821642079e-01,  1.179261486424547e+00, -2.308461341399598e+00,  2.835765676797513e+00,  1.837010775510362e+00
  3.030000000000000e+00, -1.142588601800129e-02, -2.346586881052291e-01,  5.942082421522706e-02, -7.824313330311515e-03,  7.443818358320136e-01, -7.702951527131609e-03,  3.180140361818771e-01,  7.844058450791222e-02,  4.065050471914270e-01,  1.195152362127322e+00, -2.303515220582828e+00,  2.833178045814609e+00,  1.829269526550922e+00
  3.040000000000000e+00, -1.090427546250972e-02, -2.364172246302583e-01,  6.033395599352275e-02, -6.658079740458372e-03,  7.452324390190015e-01, -6.613268522239809e-03,  3.189231708309062e-01,  7.474685693268496e-02,  3.996689408483539e-01,  1.211042036730106e+00, -2.298591765557382e+00,  2.830575502852656e+00,  1.821659060528577e+00
  3.050000000000000e+00, -1.038009309405801e-02, -2.381837849300772e-01,  6.125288365394609e-02, -5.483757102690491e-03,  7.460869710393033e-01, -5.520451636325982e-03,  3.198143529219345e-01,  7.110586396947519e-02,  3.928136358026971e-01,  1.226911567888423e+00, -2.293721506890665e+00,  2.827927555913662e+00,  1.814207009943281e+00
  3.060000000000000e+00, -9.853889598837337e-03, -2.399567096789257e-01,  6.217674288665639e-02, -4.302510605430183e-03,  7.469444852400424e-01, -4.425624035249603e-03,  3.206870575140974e-01,  6.751784685606713e-02,  3.859443467605190e-01,  1.242741734618561e+00, -2.288936503359142e+00,  2.825199534647284e+00,  1.806942201976681e+00
  3.070000000000000e+00, -9.326232049224833e-03, -2.417342855309443e-01,  6.310463506535226e-02, -3.115551895798444e-03,  7.478040090438745e-01, -3.329934512731463e-03,  3.215408104520607e-01,  6.398271876275897e-02,  3.790664261401079e-01,  1.258513076514941e+00, -2.284270080560614e+00,  2.822352736960716e+00,  1.799894544008555e+00
  3.080000000000000e+00, -8.797701824938709e-03, -2.435147492734627e-01,  6.403562944828577e-02, -1.924135433618173e-03,  7.486645479521371e-01, -2.234553618701795e-03,  3.223751914475849e-01,  6.050007559761759e-02,  3.721853605793240e-01,  1.274205929009971e+00, -2.279756526341821e+00,  2.819344707999376e+00,  1.793094867561429e+00
  3.090000000000000e+00, -8.268892377567737e-03, -2.452962922031716e-01,  6.496876557302773e-02, -7.295544905986535e-04,  7.495250898391971e-01, -1.140669628203824e-03,  3.231898381687210e-01,  5.706920956357751e-02,  3.653067680306824e-01,  1.289800453876693e+00, -2.275430740549750e+00,  2.816129678676959e+00,  1.786574721203825e+00
  3.100000000000000e+00, -7.740406934084033e-03, -2.470770645415721e-01,  6.590305573754589e-02,  4.668630420206179e-04,  7.503846093765127e-01, -4.948449941710886e-05,  3.239844509876629e-01,  5.368912524570667e-02,  3.584363956957275e-01,  1.305276663796683e+00, -2.271327838648951e+00,  2.812659177098371e+00,  1.780366107317125e+00
  3.110000000000000e+00, -7.212856212864483e-03, -2.488551797050876e-01,  6.683748745940835e-02,  1.663758836858556e-03,  7.512420724139655e-01,  1.037790017913940e-03,  3.247587979956598e-01,  5.035855779232472e-02,  3.515801189603609e-01,  1.320614440395000e+00, -2.267482712720652e+00,  2.808882816693871e+00,  1.774501161616831e+00
  3.120000000000000e+00, -6.686856192972610e-03, -2.506287184414655e-01,  6.777102591097724e-02,  2.859748326828847e-03,  7.520964402986329e-01,  2.119936130535404e-03,  3.255127203432241e-01,  4.707599251601184e-02,  3.447439410678991e-01,  1.335793545917250e+00, -2.263929555808100e+00,  2.804749267328293e+00,  1.769011774174147e+00
  3.130000000000000e+00, -6.163025886989771e-03, -2.523957328166827e-01,  6.870261633617410e-02,  4.053424903580270e-03,  7.529466741617040e-01,  3.195733599999642e-03,  3.262461384179606e-01,  4.383968495386299e-02,  3.379339936250306e-01,  1.350793628841253e+00, -2.260701353313419e+00,  2.800207413187406e+00,  1.763929147030589e+00
  3.140000000000000e+00, -5.641985148748277e-03, -2.541542499707252e-01,  6.963118640899084e-02,  5.243364101643365e-03,  7.537917391585346e-01,  4.263963159379474e-03,  3.269590592148563e-01,  4.064768059667093e-02,  3.311565382325332e-01,  1.365594224347340e+00, -2.257829345612844e+00,  2.795207687661553e+00,  1.759283283232002e+00
  3.150000000000000e+00, -5.124504873022977e-03, -2.559021690745825e-01,  7.055554139165417e-02,  6.427873852582115e-03,  7.546303152287611e-01,  5.323240254465052e-03,  3.276507119999887e-01,  3.749305195836707e-02,  3.244163101031705e-01,  1.380168345547635e+00, -2.255281076608853e+00,  2.789748630886915e+00,  1.755069647024808e+00
  3.160000000000000e+00, -4.610877169568408e-03, -2.576377098601956e-01,  7.147481009729441e-02,  7.606045802783014e-03,  7.554620094264753e-01,  6.372718937214581e-03,  3.283231252371111e-01,  3.438356959828675e-02,  3.177233085034715e-01,  1.394508743661285e+00, -2.253211861671470e+00,  2.783693950445801e+00,  1.751382767127049e+00
  3.170000000000000e+00, -4.101877670321011e-03, -2.593587238752633e-01,  7.238776254214903e-02,  8.776149187628554e-03,  7.562855044161300e-01,  7.411014404290376e-03,  3.289756889251068e-01,  3.131165665350329e-02,  3.110824455725197e-01,  1.408587807644795e+00, -2.251578909030024e+00,  2.777055168203652e+00,  1.748210911805417e+00
  3.180000000000000e+00, -3.598116584610341e-03, -2.610631627433141e-01,  7.329327147319120e-02,  9.936714820140842e-03,  7.570998070463981e-01,  8.436931457020657e-03,  3.296087922711478e-01,  2.827461068320392e-02,  3.045004968827602e-01,  1.422384422631538e+00, -2.250399287798095e+00,  2.769805646397236e+00,  1.745572239076743e+00
  3.190000000000000e+00, -3.100194150935082e-03, -2.627489678818278e-01,  7.419020280184381e-02,  1.108627636547489e-02,  7.579039492120324e-01,  9.449290302718379e-03,  3.302229516148273e-01,  2.526974335479105e-02,  2.979844213340800e-01,  1.435877490398802e+00, -2.249686983815931e+00,  2.761926961836493e+00,  1.743481284233277e+00
  3.200000000000000e+00, -2.608704599136947e-03, -2.644140666489933e-01,  7.507741252364471e-02,  1.222336382398494e-02,  7.586969804767929e-01,  1.044692158728000e-02,  3.308187858076421e-01,  2.229429445368539e-02,  2.915413318064491e-01,  1.449045786680168e+00, -2.249450992464652e+00,  2.753411222114484e+00,  1.741947555703747e+00
  3.210000000000000e+00, -2.124236540899614e-03, -2.660563720618975e-01,  7.595374660464732e-02,  1.334650324174924e-02,  7.594779674293567e-01,  1.142866574403465e-02,  3.313970094001297e-01,  1.934545387281956e-02,  2.851784969255929e-01,  1.461867969831766e+00, -2.249694892708471e+00,  2.744262005811672e+00,  1.740974980215857e+00
  3.220000000000000e+00, -1.647373576842534e-03, -2.676737824191698e-01,  7.681804075690540e-02,  1.445421609160340e-02,  7.602459925891657e-01,  1.239337209252933e-02,  3.319584238610984e-01,  1.642038562816776e-02,  2.789033415448227e-01,  1.474322602924842e+00, -2.250416551126169e+00,  2.734494879260596e+00,  1.740561482378975e+00
  3.230000000000000e+00, -1.178695241797560e-03, -2.692641805796017e-01,  7.766911994861708e-02,  1.554501808302084e-02,  7.610001526511642e-01,  1.333989750469476e-02,  3.325039065811332e-01,  1.351625140890311e-02,  2.727234459439837e-01,  1.486388186539332e+00, -2.251607935466143e+00,  2.724137468567728e+00,  1.740698705537174e+00
  3.240000000000000e+00, -7.187781789648419e-04, -2.708254330559680e-01,  7.850579775773378e-02,  1.661741759489873e-02,  7.617395562660757e-01,  1.426710478905590e-02,  3.330343984807842e-01,  1.063023367732988e-02,  2.666465437940657e-01,  1.498043203416305e+00, -2.253255057350952e+00,  2.713229056422944e+00,  1.741371899431008e+00
  3.250000000000000e+00, -2.681973540986432e-04, -2.723553892985665e-01,  7.932687580312343e-02,  1.766991410916425e-02,  7.624633216933226e-01,  1.517386108556228e-02,  3.335508911516588e-01,  7.759559563616119e-03,  2.606805185657199e-01,  1.509266176843378e+00, -2.255338067411759e+00,  2.701819690165194e+00,  1.742560000584749e+00
  3.260000000000000e+00,  1.724727994768771e-04, -2.738518814701527e-01,  8.013114342581736e-02,  1.870099688479689e-02,  7.631705745078915e-01,  1.605903646405434e-02,  3.340544136330902e-01,  4.901526999882047e-03,  2.548333977412344e-01,  1.520035743345747e+00, -2.257831509392187e+00,  2.689968841457912e+00,  1.744235910371629e+00
  3.270000000000000e+00,  6.026573875474861e-04, -2.753127249487006e-01,  8.091737775652863e-02,  1.970914405832339e-02,  7.638604454956587e-01,  1.692150287129172e-02,  3.345460190437583e-01,  2.053532934289024e-03,  2.491133440735293e-01,  1.530330737894744e+00, -2.260704714828533e+00,  2.677743722706778e+00,  1.746366945057206e+00
  3.280000000000000e+00,  1.021780345486579e-03, -2.767357198150150e-01,  8.168434433723841e-02,  2.069282244160709e-02,  7.645320689696854e-01,  1.776013361865900e-02,  3.350267718808333e-01, -7.868966336462046e-04,  2.435286434908287e-01,  1.540130289645300e+00, -2.263922316223191e+00,  2.665217384552323e+00,  1.748915422901584e+00
  3.290000000000000e+00,  1.429264131776975e-03, -2.781186535675441e-01,  8.243079845432674e-02,  2.165048826457209e-02,  7.651845817131878e-01,  1.857380358268992e-02,  3.354977364445749e-01, -3.622073416433877e-03,  2.380876894745326e-01,  1.549413927200959e+00, -2.267444871961294e+00,  2.652466702542361e+00,  1.751839364957601e+00
  3.300000000000000e+00,  1.824529809269252e-03, -2.794593050790017e-01,  8.315548718948584e-02,  2.258058885164902e-02,  7.658171225124711e-01,  1.936139009916152e-02,  3.359599659714500e-01, -6.454109376533072e-03,  2.327989638166744e-01,  1.558161690796365e+00, -2.271229587832348e+00,  2.639570365017906e+00,  1.755093281810492e+00
  3.310000000000000e+00,  2.206997419366118e-03, -2.807554496358312e-01,  8.385715208758006e-02,  2.348156505684511e-02,  7.664288321059277e-01,  2.012177440833963e-02,  3.364144918838624e-01, -9.284875883494751e-03,  2.276710136950131e-01,  1.566354247252517e+00, -2.275231100718269e+00,  2.626606977273982e+00,  1.758629005559138e+00
  3.320000000000000e+00,  2.576408528446024e-03, -2.820053035322471e-01,  8.453485407608863e-02,  2.435245337638537e-02,  7.670194447657495e-01,  2.085425838583209e-02,  3.368640878835749e-01, -1.210846642555894e-02,  2.227140538788475e-01,  1.573982756471177e+00, -2.279493299257676e+00,  2.613590625302669e+00,  1.762451518518448e+00
  3.330000000000000e+00,  2.931225578884747e-03, -2.832053489484234e-01,  8.518637677773223e-02,  2.518990970215830e-02,  7.675863473378902e-01,  2.155650317847354e-02,  3.373044313065764e-01, -1.494843846347820e-02,  2.179318345355062e-01,  1.581000466372390e+00, -2.283697418632744e+00,  2.600781619940694e+00,  1.766346223969407e+00
  3.340000000000000e+00,  3.272182936764670e-03, -2.843551799085353e-01,  8.581177983687670e-02,  2.599482080950134e-02,  7.681310998257391e-01,  2.222910509589092e-02,  3.377436988870980e-01, -1.777519396509269e-02,  2.133395404288159e-01,  1.587430136842076e+00, -2.288164855099361e+00,  2.587997609505212e+00,  1.770485232846065e+00
  3.350000000000000e+00,  3.597693878199428e-03, -2.854512506187972e-01,  8.640880905574409e-02,  2.676375604932646e-02,  7.686509999216121e-01,  2.286968461879510e-02,  3.381770898720250e-01, -2.061270077587894e-02,  2.089405660655772e-01,  1.593225667096920e+00, -2.292563828638763e+00,  2.575494282141545e+00,  1.774645849468728e+00
  3.360000000000000e+00,  3.907516047574946e-03, -2.864918794416832e-01,  8.697656805792572e-02,  2.749579650654230e-02,  7.691458115948953e-01,  2.347760420818429e-02,  3.386071840696547e-01, -2.345341865245699e-02,  2.047449273046335e-01,  1.598382277725324e+00, -2.296939879632902e+00,  2.563268180322058e+00,  1.778833835112817e+00
  3.370000000000000e+00,  4.201090983547785e-03, -2.874749929384745e-01,  8.751386019817413e-02,  2.818944493925038e-02,  7.696147152231789e-01,  2.405183399771924e-02,  3.390346767129654e-01, -2.629681581348788e-02,  2.007608534383555e-01,  1.602886720824851e+00, -2.301249918467763e+00,  2.551371074012075e+00,  1.783001810571424e+00
  3.380000000000000e+00,  4.477862526099222e-03, -2.883985697543371e-01,  8.801951204670996e-02,  2.884322222841812e-02,  7.700568904908471e-01,  2.459136368118052e-02,  3.394601232049244e-01, -2.914200296289076e-02,  1.969963209372205e-01,  1.606726838228353e+00, -2.305451574322809e+00,  2.539849991288194e+00,  1.787103421405419e+00
  3.390000000000000e+00,  4.737283408987223e-03, -2.892606577969613e-01,  8.849238416068810e-02,  2.945568268909231e-02,  7.704715269671524e-01,  2.509521264247984e-02,  3.398839539772023e-01, -3.198759927850518e-02,  1.934590285983132e-01,  1.609891761281741e+00, -2.309505082873072e+00,  2.528746444753871e+00,  1.791094595968478e+00
  3.400000000000000e+00,  4.978816837859818e-03, -2.900593850058936e-01,  8.893137703167470e-02,  3.002542015949392e-02,  7.708578254023362e-01,  2.556243374935965e-02,  3.403064596185271e-01, -3.483172790007825e-02,  1.901563424938139e-01,  1.612371942686825e+00, -2.313373622118955e+00,  2.518096765242444e+00,  1.794933845751097e+00
  3.410000000000000e+00,  5.201938011097935e-03, -2.907929700658713e-01,  8.933543700059340e-02,  3.055107400061830e-02,  7.712149988951257e-01,  2.599211704919981e-02,  3.407277750810705e-01, -3.767202322286233e-02,  1.870952387731917e-01,  1.614159172264215e+00, -2.317023530673558e+00,  2.507932555475874e+00,  1.798582479715248e+00
  3.420000000000000e+00,  5.406135834013228e-03, -2.914597333855654e-01,  8.970356237532083e-02,  3.103133545893165e-02,  7.715422743994835e-01,  2.638339369020698e-02,  3.411478646222298e-01, -4.050564807382497e-02,  1.842822450550433e-01,  1.615246579842467e+00, -2.320424432992914e+00,  2.498281209249898e+00,  1.802004753478891e+00
  3.430000000000000e+00,  5.590914958280385e-03, -2.920581083891748e-01,  9.003480982043338e-02,  3.146495459705510e-02,  7.718388948358219e-01,  2.673544020150245e-02,  3.415665085737211e-01, -4.332931761463017e-02,  1.817233819584369e-01,  1.615628629208929e+00, -2.323549301354191e+00,  2.489166449044665e+00,  1.805167975838808e+00
  3.440000000000000e+00,  5.755797969613351e-03, -2.925866526233289e-01,  9.032830072416277e-02,  3.185074738623613e-02,  7.721041215222041e-01,  2.704748283299719e-02,  3.419832911673227e-01, -4.613932764644921e-02,  1.794241066784615e-01,  1.615301105074370e+00, -2.326374468159749e+00,  2.480608860886607e+00,  1.808042580003875e+00
  3.450000000000000e+00,  5.900327580349486e-03, -2.930440583540667e-01,  9.058322733225779e-02,  3.218760264542717e-02,  7.723372366876741e-01,  2.731880174435911e-02,  3.423975886740951e-01, -4.893158694425456e-02,  1.773892593877107e-01,  1.614261093231512e+00, -2.328879585550224e+00,  2.472626422112687e+00,  1.810602156034156e+00
  3.460000000000000e+00,  6.024068919000986e-03, -2.934291627812334e-01,  9.079885873101479e-02,  3.247448898802879e-02,  7.725375462472254e-01,  2.754873517780379e-02,  3.428085584619047e-01, -5.170165202884929e-02,  1.756230128370980e-01,  1.612506955889368e+00, -2.331047544442570e+00,  2.465235006626010e+00,  1.812823452897670e+00
  3.470000000000000e+00,  6.126612039946956e-03, -2.937409579891175e-01,  9.097454677205231e-02,  3.271046198130750e-02,  7.727043830789334e-01,  2.773668376977008e-02,  3.432151299618592e-01, -5.444476165187797e-02,  1.741288260650717e-01,  1.610038305265529e+00, -2.332864374794122e+00,  2.458448846226836e+00,  1.814686365933611e+00
  3.480000000000000e+00,  6.207574633269815e-03, -2.939786005042817e-01,  9.110973186505004e-02,  3.289467144450912e-02,  7.728371107905428e-01,  2.788211495920818e-02,  3.436159977906904e-01, -5.715586987875598e-02,  1.729094030561280e-01,  1.606855976864585e+00, -2.334319135670157e+00,  2.452280940701497e+00,  1.816173915569030e+00
  3.490000000000000e+00,  6.266604833624525e-03, -2.941414202000753e-01,  9.120394847315749e-02,  3.302636864978680e-02,  7.729351278140122e-01,  2.798456733965417e-02,  3.440096168333199e-01, -5.982967797632869e-02,  1.719666570025221e-01,  1.602962002584138e+00, -2.335403796775384e+00,  2.446743421080253e+00,  1.817272216361026e+00
  3.500000000000000e+00,  6.303384099734390e-03, -2.942289283255133e-01,  9.125683019454815e-02,  3.310491331590953e-02,  7.729978718103097e-01,  2.804365487610932e-02,  3.443941998760176e-01, -6.246066422005403e-02,  1.713016814879131e-01,  1.598359584994080e+00, -2.336113128059857e+00,  2.441847861913244e+00,  1.817970446040978e+00
  3.510000000000000e+00,  6.317630172024042e-03, -2.942408244508530e-01,  9.126811433576336e-02,  3.312978034001684e-02,  7.730248244328709e-01,  2.805907093918181e-02,  3.447677187754242e-01, -6.504311023326247e-02,  1.709147302261555e-01,  1.593053074557676e+00, -2.336444616629751e+00,  2.437605532466387e+00,  1.818260827866043e+00
  3.520000000000000e+00,  6.309100064141644e-03, -2.941770020988507e-01,  9.123764585105587e-02,  3.310056613080618e-02,  7.730155163988204e-01,  2.803059205995702e-02,  3.451279096911173e-01, -6.757112361568200e-02,  1.708052064350970e-01,  1.587047950157791e+00, -2.336398414601737e+00,  2.434027585264078e+00,  1.818138629222848e+00
  3.530000000000000e+00,  6.277593035614010e-03, -2.940375528994525e-01,  9.116538054823065e-02,  3.301699441162690e-02,  7.729695327900791e-01,  2.795808132406373e-02,  3.454722825549318e-01, -7.003865674371111e-02,  1.709716623635957e-01,  1.580350802816710e+00, -2.335977314669901e+00,  2.431125186045461e+00,  1.817602173200659e+00
  3.540000000000000e+00,  6.222953455564901e-03, -2.938227691418886e-01,  9.105138746170731e-02,  3.287892131473576e-02,  7.728865184254423e-01,  2.784149130352066e-02,  3.457981342524984e-01, -7.243952093126675e-02,  1.714118090063068e-01,  1.572969322369590e+00, -2.335186746940971e+00,  2.428909589678026e+00,  1.816652857415355e+00
  3.550000000000000e+00,  6.145378856830982e-03, -2.935335006133183e-01,  9.089613422395837e-02,  3.268689791578646e-02,  7.727667489155345e-01,  2.768123158307599e-02,  3.461046223899574e-01, -7.476002056393111e-02,  1.721244636220877e-01,  1.564921269095650e+00, -2.334122340878817e+00,  2.427350078932967e+00,  1.815348120445466e+00
  3.560000000000000e+00,  6.044200543797996e-03, -2.931697233146094e-01,  9.069934898044944e-02,  3.243993806442146e-02,  7.726088730159204e-01,  2.747670777432189e-02,  3.463845691814216e-01, -7.700840054459210e-02,  1.731019142967883e-01,  1.556198627569913e+00, -2.332620721280822e+00,  2.426541514053192e+00,  1.813590390833077e+00
  3.570000000000000e+00,  5.919715837713164e-03, -2.927326899981667e-01,  9.046172994650120e-02,  3.213887186100572e-02,  7.724133053832580e-01,  2.722851699825267e-02,  3.466367563403240e-01, -7.917081622424223e-02,  1.743413621487862e-01,  1.546821152677458e+00, -2.330781285692383e+00,  2.426454245002934e+00,  1.811442316805488e+00
  3.580000000000000e+00,  5.771975330221108e-03, -2.922234922183505e-01,  9.018380705579382e-02,  3.178412147522290e-02,  7.721799833068184e-01,  2.693699070581494e-02,  3.468578162752334e-01, -8.124049602237887e-02,  1.758374373186780e-01,  1.536800910023252e+00, -2.328620890282887e+00,  2.427099304052649e+00,  1.808918242661396e+00
  3.590000000000000e+00,  5.601082339927344e-03, -2.916434099892049e-01,  8.986622014138310e-02,  3.137624821931449e-02,  7.719089218216807e-01,  2.660255347065089e-02,  3.470442389612426e-01, -8.321058349879197e-02,  1.775840760861914e-01,  1.526150956194861e+00, -2.326158402526258e+00,  2.428487788145353e+00,  1.806035236767767e+00
  3.600000000000000e+00,  5.407196158567781e-03, -2.909939091460345e-01,  8.950971860732992e-02,  3.091595606733783e-02,  7.716002210482124e-01,  2.622572559310074e-02,  3.471924036454511e-01, -8.507406525102693e-02,  1.795745823929432e-01,  1.514885407364793e+00, -2.323415398073549e+00,  2.430630284543194e+00,  1.802813516196085e+00
  3.610000000000000e+00,  5.190532570571336e-03, -2.902766353446459e-01,  8.911515838941714e-02,  3.040409001651873e-02,  7.712540685791331e-01,  2.580712255456749e-02,  3.472985925760425e-01, -8.682375357101572e-02,  1.818016750617877e-01,  1.503019439606580e+00, -2.320416161160829e+00,  2.433536547078160e+00,  1.799276459196449e+00
  3.620000000000000e+00,  4.951364001603622e-03, -2.894934074415073e-01,  8.868349840356399e-02,  2.984163360692988e-02,  7.708707412688287e-01,  2.534745412529905e-02,  3.473590028939631e-01, -8.845226855253321e-02,  1.842575352785883e-01,  1.490569289523480e+00, -2.317187661205133e+00,  2.437215082022546e+00,  1.795450617521782e+00
  3.630000000000000e+00,  4.690019280770451e-03, -2.886462102656751e-01,  8.821579649062884e-02,  2.922970558843202e-02,  7.704506063800146e-01,  2.484752310028652e-02,  3.473697566632580e-01, -8.995202100108959e-02,  1.869338538245592e-01,  1.477552252812716e+00, -2.313759489494326e+00,  2.441672661725977e+00,  1.791365715496411e+00
  3.640000000000000e+00,  4.406883142047927e-03, -2.877371870612516e-01,  8.771320504120850e-02,  2.856955601075241e-02,  7.699941222931920e-01,  2.430822384213261e-02,  3.473269098974011e-01, -9.131519769716570e-02,  1.898218771452678e-01,  1.463986679350961e+00, -2.310163746808611e+00,  2.446913780994722e+00,  1.787054625009136e+00
  3.650000000000000e+00,  4.102395518489049e-03, -2.867686317368129e-01,  8.717696639277847e-02,  2.786256186382705e-02,  7.695018388550658e-01,  2.373054070122488e-02,  3.472264609251249e-01, -9.253374953011131e-02,  1.929124517348279e-01,  1.449891964211624e+00, -2.306434877084090e+00,  2.452940059422116e+00,  1.782553309691051e+00
  3.660000000000000e+00,  3.777050503376374e-03, -2.857429807336585e-01,  8.660840787844898e-02,  2.711022204292957e-02,  7.689743971240575e-01,  2.311554612708258e-02,  3.470643572535783e-01, -9.359938236905736e-02,  1.961960668136951e-01,  1.435288532606551e+00, -2.302609435292146e+00,  2.459749608065477e+00,  1.777900726136468e+00
  3.670000000000000e+00,  3.431395001388642e-03, -2.846628046795444e-01,  8.600893662040761e-02,  2.631415172978250e-02,  7.684125285244282e-01,  2.246439852349576e-02,  3.468365007053274e-01, -9.450355090902650e-02,  1.996628943614754e-01,  1.420197817412289e+00, -2.298725783884013e+00,  2.467336386620924e+00,  1.773138672918022e+00
  3.680000000000000e+00,  3.066027277053078e-03, -2.835308003395360e-01,  8.538003438433166e-02,  2.547607664800130e-02,  7.678170537483124e-01,  2.177834016868062e-02,  3.465387517356994e-01, -9.523745589042899e-02,  2.033028250866365e-01,  1.404642229825015e+00, -2.294823723685961e+00,  2.475689569317781e+00,  1.768311586786963e+00
  3.690000000000000e+00,  2.681595582596459e-03, -2.823497831296162e-01,  8.472325269552344e-02,  2.459782754855271e-02,  7.671888817255936e-01,  2.105869542100555e-02,  3.461669344134442e-01, -9.579204425154278e-02,  2.071055003953514e-01,  1.388645124411054e+00, -2.290944078148740e+00,  2.484792923283468e+00,  1.763466296411446e+00
  3.700000000000000e+00,  2.278796973825305e-03, -2.811226802765109e-01,  8.404020830783714e-02,  2.368133512148889e-02,  7.665290088580755e-01,  2.030686931214070e-02,  3.457168434120471e-01, -9.615801286881367e-02,  2.110603407011206e-01,  1.372230758749053e+00, -2.287128247018194e+00,  2.494624212296883e+00,  1.758651740101192e+00
  3.710000000000000e+00,  1.858376311247629e-03, -2.798525247674569e-01,  8.333257909130926e-02,  2.272862537288744e-02,  7.658385184856881e-01,  1.952434656140375e-02,  3.451842528863889e-01, -9.632581922078745e-02,  2.151565685302431e-01,  1.355424245834661e+00, -2.283417715421862e+00,  2.505154685415204e+00,  1.753918625942048e+00
  3.720000000000000e+00,  1.421125373324605e-03, -2.785424501643931e-01,  8.260210034406210e-02,  2.174181538133789e-02,  7.651185804217328e-01,  1.871269096474164e-02,  3.445649263710490e-01, -9.628570144711256e-02,  2.193832248381641e-01,  1.338251497222823e+00, -2.279853496362343e+00,  2.516348729653164e+00,  1.749319005640748e+00
  3.730000000000000e+00,  9.678820800289766e-04, -2.771956861348112e-01,  8.185056147273798e-02,  2.072310940219512e-02,  7.643704505638649e-01,  1.787354509470041e-02,  3.438546284080913e-01, -9.602770696600059e-02,  2.237291796357799e-01,  1.320739157092109e+00, -2.276475517182307e+00,  2.528163738605008e+00,  1.744905758504537e+00
  3.740000000000000e+00,  4.995298858416264e-04, -2.758155544646680e-01,  8.107980297603447e-02,  1.967479535883318e-02,  7.635954707194987e-01,  1.700863026876768e-02,  3.430491397800952e-01, -9.554172839866339e-02,  2.281831392284235e-01,  1.302914529008099e+00, -2.273321978402278e+00,  2.540550232542070e+00,  1.740731992146949e+00
  3.750000000000000e+00,  1.699736176870881e-05, -2.744054654356710e-01,  8.029171369697470e-02,  1.859924172960071e-02,  7.627950686929006e-01,  1.611974675265366e-02,  3.421442773987301e-01, -9.481754722429127e-02,  2.327336509857137e-01,  1.284805496408612e+00, -2.270428697324532e+00,  2.553452272341726e+00,  1.736850356577205e+00
  3.760000000000000e+00, -4.787421174256630e-04, -2.729689144133833e-01,  7.948822825027795e-02,  1.749889467469571e-02,  7.619707584799853e-01,  1.520877406741083e-02,  3.411359186449899e-01, -9.384488576719689e-02,  2.373691058195246e-01,  1.266440437231768e+00, -2.267828440914200e+00,  2.566808205425692e+00,  1.733312270055758e+00
  3.770000000000000e+00, -9.866707152676000e-04, -2.715094783783236e-01,  7.867132446317883e-02,  1.637627514238946e-02,  7.611241403273826e-01,  1.427767118446600e-02,  3.400200296424762e-01, -9.261346755676038e-02,  2.420777389191544e-01,  1.247848134476296e+00, -2.265550268880900e+00,  2.580551754102487e+00,  1.730167072089708e+00
  3.780000000000000e+00, -1.505726573590965e-03, -2.700308122105640e-01,  7.784302073043929e-02,  1.523397581867541e-02,  7.602569005374655e-01,  1.332847647362555e-02,  3.387926975929424e-01, -9.111308656730670e-02,  2.468476293768468e-01,  1.229057685284367e+00, -2.263618916674464e+00,  2.594613424635815e+00,  1.727461130444296e+00
  3.790000000000000e+00, -2.034804425550078e-03, -2.685366444519955e-01,  7.700537314714251e-02,  1.407465775391791e-02,  7.593708108967989e-01,  1.236330723073248e-02,  3.374501675879794e-01, -8.933368613884371e-02,  2.516666998000641e-01,  1.210098409686132e+00, -2.262054235851202e+00,  2.608922194241874e+00,  1.725236928424688e+00
  3.800000000000000e+00, -2.572756543219376e-03, -2.670307720295418e-01,  7.616047214943812e-02,  1.290104631667664e-02,  7.584677274620409e-01,  1.138435845334311e-02,  3.359888839896547e-01, -8.726544747987020e-02,  2.565227179216993e-01,  1.190999759145333e+00, -2.260870707443824e+00,  2.623407403951779e+00,  1.723532165809408e+00
  3.810000000000000e+00, -3.118394149101131e-03, -2.655170534199437e-01,  7.531043840910023e-02,  1.171592617627072e-02,  7.575495885001778e-01,  1.039390055311617e-02,  3.344055368427970e-01, -8.489888739922059e-02,  2.614033026067520e-01,  1.171791225611915e+00, -2.260077059347956e+00,  2.638000740700694e+00,  1.722378925196151e+00
  3.820000000000000e+00, -3.670489420481450e-03, -2.639993997303443e-01,  7.445741772885074e-02,  1.052213502376257e-02,  7.566184113847684e-01,  9.394275689537381e-03,  3.326971139868908e-01, -8.222496650203201e-02,  2.662959364844709e-01,  1.152502251265405e+00, -2.259676015626167e+00,  2.652638168710084e+00,  1.721802956617268e+00
  3.830000000000000e+00, -4.227778382620367e-03, -2.624817628944708e-01,  7.360357450537104e-02,  9.322555424267341e-03,  7.556762879428888e-01,  8.387892163625673e-03,  3.308609583067850e-01, -7.923520950494685e-02,  2.711879875664005e-01,  1.133162137713144e+00, -2.259664187353387e+00,  2.667261675096090e+00,  1.721823117401987e+00
  3.840000000000000e+00, -4.788965082844629e-03, -2.609681200476967e-01,  7.275108323663221e-02,  8.120104030626756e-03,  7.547253775750263e-01,  7.377216173943628e-03,  3.288948283808557e-01, -7.592183695320265e-02,  2.760667426354525e-01,  1.113799953217575e+00, -2.260032111000189e+00,  2.681820700575381e+00,  1.722450997769028e+00
  3.850000000000000e+00, -5.352727171297890e-03, -2.594624538588725e-01,  7.190211795772793e-02,  6.917717962212001e-03,  7.537678979185805e-01,  6.364760704161974e-03,  3.267969610864216e-01, -7.227790608169544e-02,  2.809194534173887e-01,  1.094444437142077e+00, -2.260764438495158e+00,  2.696273146593125e+00,  1.723690757280894e+00
  3.860000000000000e+00, -5.917722610680829e-03, -2.579687296578515e-01,  7.105884008914148e-02,  5.718339010415728e-03,  7.528061135173725e-01,  5.353072032729192e-03,  3.245661356724701e-01, -6.829745819640450e-02,  2.857333936820289e-01,  1.075123902840413e+00, -2.261840282824344e+00,  2.710585892699197e+00,  1.725539186303394e+00
  3.870000000000000e+00, -6.482597255129261e-03, -2.564908701151037e-01,  7.022338513217559e-02,  4.524896274448065e-03,  7.518423229383795e-01,  4.344714324031328e-03,  3.222017383425858e-01, -6.397566739454297e-02,  2.904959261930125e-01,  1.055866142872961e+00, -2.263233737425742e+00,  2.724734796771526e+00,  1.727986002838966e+00
  3.880000000000000e+00, -7.045993348875018e-03, -2.550327276039486e-01,  6.939784825489499e-02,  3.340287206063730e-03,  7.508788442285664e-01,  3.342252281345979e-03,  3.197038243076181e-01, -5.930898474485777e-02,  2.951945795305861e-01,  1.036698338727106e+00, -2.264914565731901e+00,  2.738704198775481e+00,  1.731014375926449e+00
  3.890000000000000e+00, -7.606680063874334e-03, -2.535982582137397e-01,  6.858430036988136e-02,  2.167222805351463e-03,  7.499177334260916e-01,  2.348196476407769e-03,  3.170718271661879e-01, -5.430338121359318e-02,  2.998133885533036e-01,  1.017639171389760e+00, -2.266757365640879e+00,  2.752560565913275e+00,  1.734548245496975e+00
  3.900000000000000e+00, -8.163073188790117e-03, -2.521906822725285e-01,  6.778465121371148e-02,  1.008753916993324e-03,  7.489618393978691e-01,  1.365131738301383e-03,  3.143100644907036e-01, -4.894198586144725e-02,  3.043479998140631e-01,  9.987302475645405e-01, -2.268911399090670e+00,  2.766149890325836e+00,  1.738668967360003e+00
  3.910000000000000e+00, -8.713989200669625e-03, -2.508136602539562e-01,  6.700080910504663e-02, -1.325853400239936e-04,  7.480131616532119e-01,  3.954638129985687e-04,  3.114194852185881e-01, -4.323396652859925e-02,  3.087831959798635e-01,  9.799883877291221e-01, -2.271245299867530e+00,  2.779552285868468e+00,  1.743289562222809e+00
  3.920000000000000e+00, -9.258155559579343e-03, -2.494704732992380e-01,  6.623455641834029e-02, -1.254231848943908e-03,  7.470739218516492e-01, -5.584383096658359e-04,  3.084032633047229e-01, -3.718222636831726e-02,  3.131079712700538e-01,  9.614374564170487e-01, -2.273719143190819e+00,  2.792775100012172e+00,  1.748374534419261e+00
  3.930000000000000e+00, -9.794345312797031e-03, -2.481641901344916e-01,  6.548756187646561e-02, -2.353754773084749e-03,  7.461462748102601e-01, -1.494304056878093e-03,  3.052654190145179e-01, -3.079144200593479e-02,  3.173119203645441e-01,  9.431004090009032e-01, -2.276293683466817e+00,  2.805827060809782e+00,  1.753886515714798e+00
  3.940000000000000e+00, -1.032138786206869e-02, -2.468976463404756e-01,  6.476136910628573e-02, -3.428874407280247e-03,  7.452322885475955e-01, -2.409980032738329e-03,  3.020107994638778e-01, -2.406818456683715e-02,  3.213852739947566e-01,  9.249991791888880e-01, -2.278930361429720e+00,  2.818717574829841e+00,  1.759786637230067e+00
  3.950000000000000e+00, -1.083817800237376e-02, -2.456734252029102e-01,  6.405738664611772e-02, -4.477477911455267e-03,  7.443339276436934e-01, -3.303446900246248e-03,  2.986450567426959e-01, -1.702095174996455e-02,  3.253189573599070e-01,  9.071546368443996e-01, -2.281591971830301e+00,  2.831455610406596e+00,  1.766035241538999e+00
  3.960000000000000e+00, -1.134368400925273e-02, -2.444938419654706e-01,  6.337687977964063e-02, -5.497632695539366e-03,  7.434530381997105e-01, -4.172834357942063e-03,  2.951746146824715e-01, -9.660178076400809e-03,  3.291046411575646e-01,  8.895865516644055e-01, -2.284243242091000e+00,  2.844048797016354e+00,  1.772592492879188e+00
  3.970000000000000e+00, -1.183708252121646e-02, -2.433612183950082e-01,  6.272102607329572e-02, -6.487722852053136e-03,  7.425910473643582e-01, -5.016448762212987e-03,  2.916054572807058e-01, -2.009170718737626e-03,  3.327300498682009e-01,  8.723054923366712e-01, -2.286745558791220e+00,  2.856574458850546e+00,  1.779365952946311e+00
  3.980000000000000e+00, -1.231724908358549e-02, -2.422767152516869e-01,  6.209066058951773e-02, -7.445952339085662e-03,  7.417501102480595e-01, -5.832725651721407e-03,  2.879478410058153e-01,  5.939901552123165e-03,  3.361980851261960e-01,  8.553454862964061e-01, -2.289284452887578e+00,  2.868887507496841e+00,  1.786425849322205e+00
  3.990000000000000e+00, -1.278354240626400e-02, -2.412420740475049e-01,  6.148664974964127e-02, -8.371116366385182e-03,  7.409313492574431e-01, -6.620327733888745e-03,  2.842089396909586e-01,  1.415995864982416e-02,  3.394980693823405e-01,  8.387144153447779e-01, -2.291724166070994e+00,  2.881064503247670e+00,  1.793678752199453e+00
  4.000000000000000e+00, -1.323528744559422e-02, -2.402584485456181e-01,  6.090963905262500e-02, -9.262093850326943e-03,  7.401360164468770e-01, -7.378091540449185e-03,  2.803977035989492e-01,  2.263301253220000e-02,  3.426249599678607e-01,  8.224272485243872e-01, -2.294039421359443e+00,  2.893104268871556e+00,  1.801087412919977e+00
  4.010000000000000e+00, -1.367190599712280e-02, -2.393266903344089e-01,  6.036011463715937e-02, -1.011797511133316e-02,  7.393652006380074e-01, -8.105046901122685e-03,  2.765235547947472e-01,  3.133954774639456e-02,  3.455746654322979e-01,  8.064978270078449e-01, -2.296209513674548e+00,  2.905002187392124e+00,  1.808616616433177e+00
  4.020000000000000e+00, -1.409291963041823e-02, -2.384473554748119e-01,  5.983840592249211e-02, -1.093806277219053e-02,  7.386198207117832e-01, -8.800419251007956e-03,  2.725962922656350e-01,  4.025849930041951e-02,  3.483439963022230e-01,  7.909387511442675e-01, -2.298217013804764e+00,  2.916751323761902e+00,  1.816232625820560e+00
  4.030000000000000e+00, -1.449794986488914e-02, -2.376207103034808e-01,  5.934468891864317e-02, -1.172186893277894e-02,  7.379006245845103e-01, -9.463629569810150e-03,  2.686260088024758e-01,  4.936738145007270e-02,  3.509306676200329e-01,  7.757613711688768e-01, -2.300047694040804e+00,  2.928342767475479e+00,  1.823903226127908e+00
  4.040000000000000e+00, -1.488671709258507e-02, -2.368467399668430e-01,  5.887899099849545e-02, -1.246911008354468e-02,  7.372081904537138e-01, -1.009429202948957e-02,  2.646230064058486e-01,  5.864243565887774e-02,  3.533332952636976e-01,  7.609757851668585e-01, -2.301690418251541e+00,  2.939766020204435e+00,  1.831597749585876e+00
  4.050000000000000e+00, -1.525903835782371e-02, -2.361251594927355e-01,  5.844119700010249e-02, -1.317969998451667e-02,  7.365429301055854e-01, -1.069220949805504e-02,  2.605977108220109e-01,  6.805879553458855e-02,  3.555513854478997e-01,  7.465908431461192e-01, -2.303136991624252e+00,  2.951009405210453e+00,  1.839287089720685e+00
  4.060000000000000e+00, -1.561496284292431e-02, -2.354556771221167e-01,  5.803109900452782e-02, -1.385389065011539e-02,  7.359047901014817e-01, -1.125740699799926e-02,  2.565599819202634e-01,  7.757768554413147e-02,  3.575804953239765e-01,  7.326070591439828e-01, -2.304280965992785e+00,  2.962110176437320e+00,  1.846903101517513e+00
  4.070000000000000e+00, -1.595420926333743e-02, -2.348369924859341e-01,  5.764822921717067e-02, -1.449166087683377e-02,  7.352944834316529e-01, -1.178996688146316e-02,  2.525215259496927e-01,  8.719886254454795e-02,  3.594316988683682e-01,  7.190454131234013e-01, -2.305326099996331e+00,  2.972952114284184e+00,  1.854503795904518e+00
  4.080000000000000e+00, -1.627700031822845e-02, -2.342683601546180e-01,  5.729213976369912e-02, -1.509360396483120e-02,  7.347116545761875e-01, -1.229024790833062e-02,  2.484919638386324e-01,  9.688223954338185e-02,  3.611021253324205e-01,  7.059037159307137e-01, -2.306168204538753e+00,  2.983575226972902e+00,  1.862022194309028e+00
  4.090000000000000e+00, -1.658350005536978e-02, -2.337485722340888e-01,  5.696222909411190e-02, -1.566032007966510e-02,  7.341561131761138e-01, -1.275872593961169e-02,  2.444813815222548e-01,  1.066001737401098e-01,  3.625945165425881e-01,  6.931858431239981e-01, -2.306806885654619e+00,  2.993967783299039e+00,  1.869434837915114e+00
  4.100000000000000e+00, -1.687394084192843e-02, -2.332762301601369e-01,  5.665779804154576e-02, -1.619254369547985e-02,  7.336275512709205e-01, -1.319601545555781e-02,  2.404996097262196e-01,  1.163251800570509e-01,  3.639124607742858e-01,  6.808946756309597e-01, -2.307245785577005e+00,  3.004117496719363e+00,  1.876720811244622e+00
  4.110000000000000e+00, -1.714861885467622e-02, -2.328497709085375e-01,  5.637806203234657e-02, -1.669113107560920e-02,  7.331255496703082e-01, -1.360285635320618e-02,  2.365561478368448e-01,  1.260298888950214e-01,  3.650602508039208e-01,  6.690320011028548e-01, -2.307490360448519e+00,  3.014012735576409e+00,  1.883860955420817e+00
  4.120000000000000e+00, -1.740788655045741e-02, -2.324674886500756e-01,  5.612216261898470e-02, -1.715704446925534e-02,  7.326495908422275e-01, -1.398009938993607e-02,  2.326601069325506e-01,  1.356872529302228e-01,  3.660428327667842e-01,  6.575985568167957e-01, -2.307547647937986e+00,  3.023642707561619e+00,  1.890837882518266e+00
  4.130000000000000e+00, -1.765214497282538e-02, -2.321275562323366e-01,  5.588917892397981e-02, -1.759133625317534e-02,  7.321990721382200e-01, -1.432869138493331e-02,  2.288201598802995e-01,  1.452707540707053e-01,  3.668657544764193e-01,  6.465940797965865e-01, -2.307426080321796e+00,  3.032997595902883e+00,  1.897635993270211e+00
  4.140000000000000e+00, -1.788183615974526e-02, -2.318280460280945e-01,  5.567813872140176e-02, -1.799513348541876e-02,  7.317733188729643e-01, -1.464966061011950e-02,  2.250444987009714e-01,  1.547546016273857e-01,  3.675351128231550e-01,  6.360173587019855e-01, -2.307135299588330e+00,  3.042068666448726e+00,  1.904241479791910e+00
  4.150000000000000e+00, -1.809743579598850e-02, -2.315669498076816e-01,  5.548802897827898e-02, -1.836962313135403e-02,  7.313715970069323e-01, -1.494410264770909e-02,  2.213407995399816e-01,  1.641139180146531e-01,  3.680575011013431e-01,  6.258662854922912e-01, -2.306685972739161e+00,  3.050848343228880e+00,  1.910642312462085e+00
  4.160000000000000e+00, -1.829944618012435e-02, -2.313421975498488e-01,  5.531780580844589e-02, -1.871603806056239e-02,  7.309931252995880e-01, -1.521316683229604e-02,  2.177161951569397e-01,  1.733249099629742e-01,  3.684399563873136e-01,  6.161379073504942e-01, -2.306089614745642e+00,  3.059330250019079e+00,  1.916828214327639e+00
  4.170000000000000e+00, -1.848850466832883e-02, -2.311518440068836e-01,  5.516642376499017e-02, -1.903577652158793e-02,  7.306368396138192e-01, -1.545809158064203e-02,  2.141770360840886e-01,  1.823543614294122e-01,  3.686862470364052e-01,  6.068248883676505e-01, -2.305286871872234e+00,  3.067539964279518e+00,  1.922764454688259e+00
  4.180000000000000e+00, -1.866491321417079e-02, -2.309933988709517e-01,  5.503276194568781e-02, -1.932985611306920e-02,  7.303024013371073e-01, -1.567999979788318e-02,  2.107297794183820e-01,  1.912028167717731e-01,  3.688116281852476e-01,  5.979301795879223e-01, -2.304437212376017e+00,  3.075410025872593e+00,  1.928498120233246e+00
  4.190000000000000e+00, -1.882933160927900e-02, -2.308648810005950e-01,  5.491575849538431e-02, -1.959970510439603e-02,  7.299887044499180e-01, -1.588017535965813e-02,  2.073795840382603e-01,  1.998399075492721e-01,  3.688204502172785e-01,  5.894448707180874e-01, -2.303480749596749e+00,  3.082969776865311e+00,  1.933996783485276e+00
  4.200000000000000e+00, -1.898231274029617e-02, -2.307641376415421e-01,  5.481433007341704e-02, -1.984662718009648e-02,  7.296948738468816e-01, -1.605986792023956e-02,  2.041312678786443e-01,  2.082471338600629e-01,  3.687208913177394e-01,  5.813629751436925e-01, -2.302428241177498e+00,  3.090218396923094e+00,  1.939255898887918e+00
  4.210000000000000e+00, -1.912440482859904e-02, -2.306890218494472e-01,  5.472740004846694e-02, -2.007191383393078e-02,  7.294200428371804e-01, -1.622032545394369e-02,  2.009890701848154e-01,  2.164080351395206e-01,  3.685214471277564e-01,  5.736780509952703e-01, -2.301292945909404e+00,  3.097155327692678e+00,  1.944273164261340e+00
  4.220000000000000e+00, -1.925615188336602e-02, -2.306374071454052e-01,  5.465390376308921e-02, -2.027684235952127e-02,  7.291633507470615e-01, -1.636278903356184e-02,  1.979566556438525e-01,  2.243078753605375e-01,  3.682307656655225e-01,  5.663831039126594e-01, -2.300088127077070e+00,  3.103781021931376e+00,  1.949047656452066e+00
  4.230000000000000e+00, -1.937809074829457e-02, -2.306071967506652e-01,  5.459279305932715e-02, -2.046266997992268e-02,  7.289239478739525e-01, -1.648848634578313e-02,  1.950371273113223e-01,  2.319336595763570e-01,  3.678575963734610e-01,  5.594706276597050e-01, -2.298826843572800e+00,  3.110096904639683e+00,  1.953579702287032e+00
  4.240000000000000e+00, -1.949074844790614e-02, -2.305963317694685e-01,  5.454304029021109e-02, -2.063062861374157e-02,  7.287009999479876e-01, -1.659862587892304e-02,  1.922330438491036e-01,  2.392741429446426e-01,  3.674107435118057e-01,  5.529326505271208e-01, -2.297521837672480e+00,  3.116105299119546e+00,  1.957870771157320e+00
  4.250000000000000e+00, -1.959482467357431e-02, -2.306034168066538e-01,  5.450381028340856e-02, -2.078205769357156e-02,  7.284932592166937e-01, -1.669434669350930e-02,  1.895455510997255e-01,  2.462996985537982e-01,  3.668904663634982e-01,  5.467600908588165e-01, -2.296043893682014e+00,  3.121929238461070e+00,  1.961853897151448e+00
  4.260000000000000e+00, -1.969045253688408e-02, -2.306252385835490e-01,  5.447378325713982e-02, -2.091785663293892e-02,  7.283007966891866e-01, -1.677690123265841e-02,  1.869780227949564e-01,  2.530427022914650e-01,  3.663227324360971e-01,  5.409455063567702e-01, -2.294690195901445e+00,  3.127328630982965e+00,  1.965674105316777e+00
  4.270000000000000e+00, -1.977827769404654e-02, -2.306605116128448e-01,  5.445219121926682e-02, -2.103925819040985e-02,  7.281224603266453e-01, -1.684734368035572e-02,  1.845305490971442e-01,  2.594790550623652e-01,  3.657081825282130e-01,  5.354798040985616e-01, -2.293339748238100e+00,  3.132428970495269e+00,  1.969266693571957e+00
  4.280000000000000e+00, -1.985879276702157e-02, -2.307074129204892e-01,  5.443811745910077e-02, -2.114738560882329e-02,  7.279574593450064e-01, -1.690677679180603e-02,  1.822037381384425e-01,  2.656022380407263e-01,  3.650547770924145e-01,  5.303529467574954e-01, -2.291991569226438e+00,  3.137238576363738e+00,  1.972633317124478e+00
  4.290000000000000e+00, -1.993245192989096e-02, -2.307641753363341e-01,  5.443068333806433e-02, -2.124329251996874e-02,  7.278050735955004e-01, -1.695624906822562e-02,  1.799977676798823e-01,  2.714091034995100e-01,  3.643708250589564e-01,  5.255552598744050e-01, -2.290654559721991e+00,  3.141763319874451e+00,  1.975779260188103e+00
  4.300000000000000e+00, -1.999968935452792e-02, -2.308291053845108e-01,  5.442904773422141e-02, -2.132798639291772e-02,  7.276646150115900e-01, -1.699676555813935e-02,  1.779124153071477e-01,  2.768981479451045e-01,  3.636644541247318e-01,  5.210769168736774e-01, -2.289337887683143e+00,  3.146009239931706e+00,  1.978710599598664e+00
  4.310000000000000e+00, -2.006092063674908e-02, -2.309005891157885e-01,  5.443240863813979e-02, -2.140242955122777e-02,  7.275354241778886e-01, -1.702928690069751e-02,  1.759470842795677e-01,  2.820692759617695e-01,  3.629435196153707e-01,  5.169079212082254e-01, -2.288050056902200e+00,  3.149982717980073e+00,  1.981433862908045e+00
  4.320000000000000e+00, -2.011654276922989e-02, -2.309770965632353e-01,  5.444000481307340e-02, -2.146753832190293e-02,  7.274168699329867e-01, -1.705472750922727e-02,  1.741008279963437e-01,  2.869237018382890e-01,  3.622155557623587e-01,  5.130381309898131e-01, -2.286798802890067e+00,  3.153690442325530e+00,  1.983955927309671e+00
  4.330000000000000e+00, -2.016693415439956e-02, -2.310571857602812e-01,  5.445111728420685e-02, -2.152418230949392e-02,  7.273083489377022e-01, -1.707395397044081e-02,  1.723723726851118e-01,  2.914638631177554e-01,  3.614877323690260e-01,  5.094572836748822e-01, -2.285591069172165e+00,  3.157139364206304e+00,  1.986283947527963e+00
  4.340000000000000e+00, -2.021245477610176e-02, -2.311395063795523e-01,  5.446507063040606e-02, -2.157318395966803e-02,  7.272092849668316e-01, -1.708778374921777e-02,  1.707601379413967e-01,  2.956933367815940e-01,  3.607668140156144e-01,  5.061550169038650e-01, -2.284432994405445e+00,  3.160336663045316e+00,  1.988425292259868e+00
  4.350000000000000e+00, -2.025344648356786e-02, -2.312228030933805e-01,  5.448123413518227e-02, -2.161531832533869e-02,  7.271191280057975e-01, -1.709698411792452e-02,  1.692622549826443e-01,  2.996167589512322e-01,  3.600591216161753e-01,  5.031208854656831e-01, -2.283329905815089e+00,  3.163289721901116e+00,  1.990387487659267e+00
  4.360000000000000e+00, -2.029023335880164e-02, -2.313059187088326e-01,  5.449902282769620e-02, -2.165131298408434e-02,  7.270373532041386e-01, -1.710227126251068e-02,  1.678765822194608e-01,  3.032397503162014e-01,  3.593704963986089e-01,  5.003443743316646e-01, -2.282286318380867e+00,  3.166006112868569e+00,  1.992178168458908e+00
  4.370000000000000e+00, -2.032312216021923e-02, -2.313877970402854e-01,  5.451789840055815e-02, -2.168184810734086e-02,  7.269634597037862e-01, -1.710430957030350e-02,  1.666007178196963e-01,  3.065688493515648e-01,  3.587062667364200e-01,  4.978149077046088e-01, -2.281305940797656e+00,  3.168493590719144e+00,  1.993805037704812e+00
  4.380000000000000e+00, -2.035240282129652e-02, -2.314674854950977e-01,  5.453737000188856e-02, -2.170755665800490e-02,  7.268969693868397e-01, -1.710371108654540e-02,  1.654320093621595e-01,  3.096114540226272e-01,  3.580712182139026e-01,  4.955218540640517e-01, -2.280391689617070e+00,  3.170760092902402e+00,  1.995275836051574e+00
  4.390000000000000e+00, -2.037834900671356e-02, -2.315441373199342e-01,  5.455699487850472e-02, -2.172902473478477e-02,  7.268374255427075e-01, -1.710103515962987e-02,  1.643675606039199e-01,  3.123757720065467e-01,  3.574695671627198e-01,  4.934545267853508e-01, -2.279545708598994e+00,  3.172813747076108e+00,  1.996598318780992e+00
  4.400000000000000e+00, -2.040121877088943e-02, -2.316170134010651e-01,  5.457637880893419e-02, -2.174679215370426e-02,  7.267843913774389e-01, -1.709678835357006e-02,  1.634042349707152e-01,  3.148707799019624e-01,  3.569049378389776e-01,  4.916021796222386e-01, -2.278769388064735e+00,  3.174662888375780e+00,  1.997780237429758e+00
  4.410000000000000e+00, -2.042125532887987e-02, -2.316854836058448e-01,  5.459517631579271e-02, -2.176135328767776e-02,  7.267374483456650e-01, -1.709142464112811e-02,  1.625386555058688e-01,  3.171061921718282e-01,  3.563803431786931e-01,  4.899539971595542e-01, -2.278063385357147e+00,  3.176316084199640e+00,  1.998829327086888e+00
  4.420000000000000e+00, -2.043868793442412e-02, -2.317490276460609e-01,  5.461309065089710e-02, -2.177315816239062e-02,  7.266961943177448e-01, -1.708534587819256e-02,  1.617672012849211e-01,  3.190924404841070e-01,  3.558981693052378e-01,  4.884990805312019e-01, -2.277427649895409e+00,  3.177782161151804e+00,  1.999753303240911e+00
  4.430000000000000e+00, -2.045373291290564e-02, -2.318072353166742e-01,  5.462987347528738e-02, -2.178261391178208e-02,  7.266602415029784e-01, -1.707890265538095e-02,  1.610860001998325e-01,  3.208406632508384e-01,  3.554601641547685e-01,  4.872264275452642e-01, -2.276861445903620e+00,  3.179070235565734e+00,  2.000559865928338e+00
  4.440000000000000e+00, -2.046659481490233e-02, -2.318598062675044e-01,  5.464532430885285e-02, -2.179008651122969e-02,  7.266292141795928e-01, -1.707239543790468e-02,  1.604909184951641e-01,  3.223627031533206e-01,  3.550674292269846e-01,  4.861249074759756e-01, -2.276363366125447e+00,  3.180189753608935e+00,  2.001256704180153e+00
  4.450000000000000e+00, -2.047746755195592e-02, -2.319065497500840e-01,  5.465928997850091e-02, -2.179590248954893e-02,  7.266027464606670e-01, -1.706607570399833e-02,  1.599775478875791e-01,  3.236711106902543e-01,  3.547204127409662e-01,  4.851832329780175e-01, -2.275931345672928e+00,  3.181150536898485e+00,  2.001851502285665e+00
  4.460000000000000e+00, -2.048653552204650e-02, -2.319473843091227e-01,  5.467166404919267e-02, -2.180035063869330e-02,  7.265804800842183e-01, -1.706014709902013e-02,  1.595411902488087e-01,  3.247791544769691e-01,  3.544189043224438e-01,  4.843899302654768e-01, -2.275562684785733e+00,  3.181962825134832e+00,  2.002351955490630e+00
  4.470000000000000e+00, -2.049386194808340e-02, -2.319828509523710e-01,  5.468263354426110e-02, -2.180340651441839e-02,  7.265622323967047e-01, -1.705447717166507e-02,  1.591761870541661e-01,  3.257037639832074e-01,  3.541599985102693e-01,  4.837405257005992e-01, -2.275229878606082e+00,  3.182783460934415e+00,  2.002737912708328e+00
  4.480000000000000e+00, -2.049983069780077e-02, -2.320117304694050e-01,  5.469156442684581e-02, -2.180589899631513e-02,  7.265473684229397e-01, -1.704986311213984e-02,  1.588808800733326e-01,  3.264468521086478e-01,  3.539480624871844e-01,  4.832107205959627e-01, -2.274980709604010e+00,  3.183300885322117e+00,  2.003076083850063e+00
  4.490000000000000e+00, -2.050451848081665e-02, -2.320352629545686e-01,  5.469891282482450e-02, -2.180767150568927e-02,  7.265356059565049e-01, -1.704593669483058e-02,  1.586450969880493e-01,  3.270383482051233e-01,  3.537761180926233e-01,  4.827915325210522e-01, -2.274784433065299e+00,  3.183707727430189e+00,  2.003344194530261e+00
  4.500000000000000e+00, -2.050830342488590e-02, -2.320548131098780e-01,  5.470506194523259e-02, -2.180898303242950e-02,  7.265260517004052e-01, -1.704257092170799e-02,  1.584523279783090e-01,  3.275205150256320e-01,  3.536336910507056e-01,  4.824513088106170e-01, -2.274624071287744e+00,  3.184041263572172e+00,  2.003561313929132e+00
