Main.Studies.MarkerTracking.t,Main.Studies.MarkerTracking.JointAngleOutputs.OutputFile_LeftArm.ThoraxClavicula[0],Main.Studies.MarkerTracking.JointAngleOutputs.OutputFile_LeftArm.ThoraxClavicula[1],Main.Studies.MarkerTracking.JointAngleOutputs.OutputFile_LeftArm.ThoraxClavicula[2],Main.Studies.MarkerTracking.JointAngleOutputs.OutputFile_LeftArm.ClaviculaScapula[0],Main.Studies.MarkerTracking.JointAngleOutputs.OutputFile_LeftArm.ClaviculaScapula[1],Main.Studies.MarkerTracking.JointAngleOutputs.OutputFile_LeftArm.ClaviculaScapula[2],Main.Studies.MarkerTracking.JointAngleOutputs.OutputFile_LeftArm.ScapulaHumerus[0],Main.Studies.MarkerTracking.JointAngleOutputs.OutputFile_LeftArm.ScapulaHumerus[1],Main.Studies.MarkerTracking.JointAngleOutputs.OutputFile_LeftArm.ScapulaHumerus[2],Main.Studies.MarkerTracking.JointAngleOutputs.OutputFile_LeftArm.HumerusUlna,Main.Studies.MarkerTracking.JointAngleOutputs.OutputFile_LeftArm.UlnaRadius,Main.Studies.MarkerTracking.JointAngleOutputs.OutputFile_LeftArm.RadiusWrist,Main.Studies.MarkerTracking.JointAngleOutputs.OutputFile_LeftArm.WristHand
  2.000000000000000e+00, -2.217635407572735e-02, -2.078505411128897e-01,  4.459285572114342e-02, -2.937413053134268e-02,  7.257785607852938e-01, -2.723464399559207e-02,  2.862737419872212e-01,  3.868194725187789e-02,  4.668485033497061e-01,  1.010078071069283e+00, -2.396712901370289e+00, -1.268605517823837e+00,  5.690425751409541e-01
  2.010000000000000e+00, -2.178041924717588e-02, -2.091498471523557e-01,  4.525235238954625e-02, -2.852903619437102e-02,  7.264295178585344e-01, -2.639208234401190e-02,  2.868944906511812e-01,  3.643395389444101e-02,  4.620042889048019e-01,  1.023965477555395e+00, -2.394426051076209e+00, -1.279156858968739e+00,  5.747339290901626e-01
  2.020000000000000e+00, -2.137814116301344e-02, -2.104694912156024e-01,  4.592307912389890e-02, -2.766904092518951e-02,  7.270909940125184e-01, -2.553719305497106e-02,  2.875047202168363e-01,  3.423316106453096e-02,  4.570978632871147e-01,  1.038069930577348e+00, -2.392032441098185e+00, -1.289781373432201e+00,  5.804423522531894e-01
  2.030000000000000e+00, -2.096737073767509e-02, -2.118156500987159e-01,  4.660832741677284e-02, -2.678965414696001e-02,  7.277666100476677e-01, -2.466578244180676e-02,  2.881128490285684e-01,  3.206400616713016e-02,  4.521081023505628e-01,  1.052458417647810e+00, -2.389540041988234e+00, -1.300546353095418e+00,  5.861937355184762e-01
  2.040000000000000e+00, -2.054783374348835e-02, -2.131890929634025e-01,  4.730856022042811e-02, -2.589022480901852e-02,  7.284568224859751e-01, -2.377738980514932e-02,  2.887202214854649e-01,  2.992498816223708e-02,  4.470324827122237e-01,  1.067137221327604e+00, -2.386947353473886e+00, -1.311458093271457e+00,  5.919867097004076e-01
  2.050000000000000e+00, -2.012022483808838e-02, -2.145877664682133e-01,  4.802275987361111e-02, -2.497210586983534e-02,  7.291604546604746e-01, -2.287348372388745e-02,  2.893244538508992e-01,  2.782306650398134e-02,  4.418784580274150e-01,  1.082082140866200e+00, -2.384266601648105e+00, -1.322487042351676e+00,  5.977976672707688e-01
  2.060000000000000e+00, -1.968488837390864e-02, -2.160106557558701e-01,  4.875044837753528e-02, -2.403592733271216e-02,  7.298769166539328e-01, -2.195482653285118e-02,  2.899246645166271e-01,  2.576137810437499e-02,  4.366496428899997e-01,  1.097279831501633e+00, -2.381506712751777e+00, -1.333617090472645e+00,  6.036104537670580e-01
  2.070000000000000e+00, -1.924202847645687e-02, -2.174569475498475e-01,  4.949128033623603e-02, -2.308207495251469e-02,  7.306058759839209e-01, -2.102197449636356e-02,  2.905203920116599e-01,  2.374664159802204e-02,  4.313502643576075e-01,  1.112720862956264e+00, -2.378717071370115e+00, -1.344826850305443e+00,  6.093946847275706e-01
  2.080000000000000e+00, -1.879235557876418e-02, -2.189250069131865e-01,  5.024438609429348e-02, -2.211185391792847e-02,  7.313460750781607e-01, -2.007625338046286e-02,  2.911099998113272e-01,  2.177374917861308e-02,  4.259831052404809e-01,  1.128380759750709e+00, -2.375834466075370e+00, -1.356108365898689e+00,  6.151579520334025e-01
  2.090000000000000e+00, -1.833614217538438e-02, -2.204138779961859e-01,  5.100933221057176e-02, -2.112579018789494e-02,  7.320970577382326e-01, -1.911832932513671e-02,  2.916929664621904e-01,  1.984819444346846e-02,  4.205524552485512e-01,  1.144247620624463e+00, -2.372905957136652e+00, -1.367440146387588e+00,  6.208700181207827e-01
  2.100000000000000e+00, -1.787381970871632e-02, -2.219223371006570e-01,  5.178551468258372e-02, -2.012470438710097e-02,  7.328580777233665e-01, -1.814911120225357e-02,  2.922684603699737e-01,  1.797176008717161e-02,  4.150622140563308e-01,  1.160304675981860e+00, -2.369947601872694e+00, -1.378804270543486e+00,  6.265106464225749e-01
  2.110000000000000e+00, -1.740584315710446e-02, -2.234491132302864e-01,  5.257229837267872e-02, -1.910946771348979e-02,  7.336283458374550e-01, -1.716954311694965e-02,  2.928356443506511e-01,  1.614568798045921e-02,  4.095162729145589e-01,  1.176534215722015e+00, -2.366975497916533e+00, -1.390182733411398e+00,  6.320593593738029e-01
  2.120000000000000e+00, -1.693268313807113e-02, -2.249929021718397e-01,  5.336902536117710e-02, -1.808098783460860e-02,  7.344070443090008e-01, -1.618059145004292e-02,  2.933936974575626e-01,  1.437079396575502e-02,  4.039185184172416e-01,  1.192917798189866e+00, -2.364007181996299e+00, -1.401557317589555e+00,  6.374949021196431e-01
  2.130000000000000e+00, -1.645482315903494e-02, -2.265523730873839e-01,  5.417501836349144e-02, -1.704020384127339e-02,  7.351933316984567e-01, -1.518323947905493e-02,  2.939418195210998e-01,  1.264746679455261e-02,  3.982728166436871e-01,  1.209436313429576e+00, -2.361061647415279e+00, -1.412909632422656e+00,  6.427952707477250e-01
  2.140000000000000e+00, -1.597275710108972e-02, -2.281261746033832e-01,  5.498958389301133e-02, -1.598808158403181e-02,  7.359863474060617e-01, -1.417848244244277e-02,  2.944792342230267e-01,  1.097566770842803e-02,  3.925829983591054e-01,  1.226070040819817e+00, -2.358159265660654e+00, -1.424221154925674e+00,  6.479377934416990e-01
  2.150000000000000e+00, -1.548680389772828e-02, -2.297132283528903e-01,  5.581220287378210e-02, -1.492527633989527e-02,  7.367855506756879e-01, -1.316705177493126e-02,  2.950059239002755e-01,  9.358359740321103e-03,  3.868533002240072e-01,  1.242803331430670e+00, -2.355364139184339e+00, -1.435466865617617e+00,  6.528795105648212e-01
  2.160000000000000e+00, -1.499781324745760e-02, -2.313116201047790e-01,  5.664180764891841e-02, -1.385341628137850e-02,  7.375894293556462e-01, -1.215046082102200e-02,  2.955198146371406e-01,  7.788209623838450e-03,  3.810865905287596e-01,  1.259606759289723e+00, -2.352619244832577e+00, -1.446639916507645e+00,  6.576336820004830e-01
  2.170000000000000e+00, -1.450613650153511e-02, -2.329202209324082e-01,  5.747783704127218e-02, -1.277323123651108e-02,  7.383973828371129e-01, -1.112947678463695e-02,  2.960208411921331e-01,  6.266935893919122e-03,  3.752869226228459e-01,  1.276463078933998e+00, -2.349984963940009e+00, -1.457716234498516e+00,  6.621594500954502e-01
  2.180000000000000e+00, -1.401227978815731e-02, -2.345376584797559e-01,  5.831956692100926e-02, -1.168573996000740e-02,  7.392085272816679e-01, -1.010509056850180e-02,  2.965083741718542e-01,  4.792976711247210e-03,  3.694579057187799e-01,  1.293350790359317e+00, -2.347486576908743e+00, -1.468677044211608e+00,  6.664324334115187e-01
  2.190000000000000e+00, -1.351675114769746e-02, -2.361625594768643e-01,  5.916626740502293e-02, -1.059197206027259e-02,  7.400219752807859e-01, -9.078288798281115e-03,  2.969818115232655e-01,  3.364341024377187e-03,  3.636030696803914e-01,  1.310247936233272e+00, -2.345148808723701e+00, -1.479503841899687e+00,  6.704287901122502e-01
  2.200000000000000e+00, -1.302005491361318e-02, -2.377935580105455e-01,  6.001720835568513e-02, -9.492957887066356e-03,  7.408368463688685e-01, -8.050045565206993e-03,  2.974405983578061e-01,  1.978708990898058e-03,  3.577258820897167e-01,  1.327132247548872e+00, -2.342996443892063e+00, -1.490178349500475e+00,  6.741250345583680e-01
  2.210000000000000e+00, -1.252268998902091e-02, -2.394292974257570e-01,  6.087166081579500e-02, -8.389725518194191e-03,  7.416522704311501e-01, -7.021320077529919e-03,  2.978842328897160e-01,  6.334578552569868e-04,  3.518297570126164e-01,  1.343981180487509e+00, -2.341054008994977e+00, -1.500682617635683e+00,  6.774982643950592e-01
  2.220000000000000e+00, -1.202514860890396e-02, -2.410684306934804e-01,  6.172889765979514e-02, -7.283298763901401e-03,  7.424673903088205e-01, -5.993055339062727e-03,  2.983122725563980e-01, -6.743133947370398e-04,  3.459180688181252e-01,  1.360771945069220e+00, -2.339345403281817e+00, -1.510999155248927e+00,  6.805264157464989e-01
  2.230000000000000e+00, -1.152769159536266e-02, -2.427099727618895e-01,  6.258842681299660e-02, -6.174283277372363e-03,  7.432817728113492e-01, -4.965851289605108e-03,  2.987252988981015e-01, -1.943447005246787e-03,  3.399947406128480e-01,  1.377487852686216e+00, -2.337945278353975e+00, -1.521101873356340e+00,  6.831654736248478e-01
  2.240000000000000e+00, -1.103121809537105e-02, -2.443519259436629e-01,  6.344908483650902e-02, -5.064469540777016e-03,  7.440938200532127e-01, -3.941234300638934e-03,  2.991212141090402e-01, -3.185493975065881e-03,  3.340620431625423e-01,  1.394093744541404e+00, -2.336777195023767e+00, -1.530991812388708e+00,  6.854392452494744e-01
  2.250000000000000e+00, -1.053599910187591e-02, -2.459932748988696e-01,  6.431035360549468e-02, -3.954500815276650e-03,  7.449030840615254e-01, -2.919809826185759e-03,  2.995006183427452e-01, -4.400213130789494e-03,  3.281238568249971e-01,  1.410571783605564e+00, -2.335906353330301e+00, -1.540645979441856e+00,  6.873097724840079e-01
  2.260000000000000e+00, -1.004249163955057e-02, -2.476326971438062e-01,  6.517151149518395e-02, -2.845373123417583e-03,  7.457087797264792e-01, -1.902453195730896e-03,  2.998633815726207e-01, -5.591299102793781e-03,  3.221836243820241e-01,  1.426898478059042e+00, -2.335350777977913e+00, -1.550050311174610e+00,  6.887608945937798e-01
  2.270000000000000e+00, -9.551148339215842e-03, -2.492688599565433e-01,  6.603182996571721e-02, -1.738085490679665e-03,  7.465101333267170e-01, -8.900326175189791e-04,  3.002094481345595e-01, -6.762648925964690e-03,  3.162448692928462e-01,  1.443050086989587e+00, -2.335125084853144e+00, -1.559192264212840e+00,  6.897791120687159e-01
  2.280000000000000e+00, -9.062415279899455e-03, -2.509004187713205e-01,  6.689057381403092e-02, -6.336370124242539e-04,  7.473063871769191e-01,  1.165921812614987e-04,  3.005388560137078e-01, -7.918276566966856e-03,  3.103112410679611e-01,  1.459002721334364e+00, -2.335240855627539e+00, -1.568060887844519e+00,  6.903535320679937e-01
  2.290000000000000e+00, -8.576732741597834e-03, -2.525260112982308e-01,  6.774699850857148e-02,  4.669707767273016e-04,  7.480967989334502e-01,  1.116567196664359e-03,  3.008517433116162e-01, -9.062286330526463e-03,  3.043865508801681e-01,  1.474732365321888e+00, -2.335706342656171e+00, -1.576647019026114e+00,  6.904761217385199e-01
  2.300000000000000e+00, -8.094536139638710e-03, -2.541442512798218e-01,  6.860034728378854e-02,  1.562731116616940e-03,  7.488806405444292e-01,  2.109041089527971e-03,  3.011483542889918e-01, -1.019884906549959e-02,  2.984748072152630e-01,  1.490214901484926e+00, -2.336526211318041e+00, -1.584943465009819e+00,  6.901419368200655e-01
  2.310000000000000e+00, -7.616257165640636e-03, -2.557537218119689e-01,  6.944984796560341e-02,  2.652628875476130e-03,  7.496571968974939e-01,  3.093161842847338e-03,  3.014290454607175e-01, -1.133218035750616e-02,  2.925802523726051e-01,  1.505426140678582e+00, -2.337701339755538e+00, -1.592945161226569e+00,  6.893493117633019e-01
  2.320000000000000e+00, -7.142324835143146e-03, -2.573529687341278e-01,  7.029470983762823e-02,  3.735637449220998e-03,  7.504257645776710e-01,  4.068073496741515e-03,  3.016942928901866e-01, -1.246652033933720e-02,  2.867073988735414e-01,  1.520341859092569e+00, -2.339228691131546e+00, -1.600649291684357e+00,  6.881000016640265e-01
  2.330000000000000e+00, -6.673166313592699e-03, -2.589404946489664e-01,  7.113412084617321e-02,  4.810716168679862e-03,  7.511856510405253e-01,  5.032913336369745e-03,  3.019447005934152e-01, -1.360611233790665e-02,  2.808610643799495e-01,  1.534937845875184e+00, -2.341101278949603e+00, -1.608055362787403e+00,  6.863992570987075e-01
  2.340000000000000e+00, -6.209207585924800e-03, -2.605147535695904e-01,  7.196724511348816e-02,  5.876808059658310e-03,  7.519361740156922e-01,  5.986809435703973e-03,  3.021810084802338e-01, -1.475517763331037e-02,  2.750464046196259e-01,  1.549189962643685e+00, -2.343308229647638e+00, -1.615165227082351e+00,  6.842558264287431e-01
  2.350000000000000e+00, -5.750874104688850e-03, -2.620741461379391e-01,  7.279322068507280e-02,  6.932837756082868e-03,  7.526766608834037e-01,  6.928878419871394e-03,  3.024040983574000e-01, -1.591788606534120e-02,  2.692689434112695e-01,  1.563074213558190e+00, -2.345834930390930e+00, -1.621983052753160e+00,  6.816819011902213e-01
  2.360000000000000e+00, -5.298273053377966e-03, -2.636175286070191e-01,  7.361150097714864e-02,  7.978310292326216e-03,  7.534070261412338e-01,  7.858677597097295e-03,  3.026165739286226e-01, -1.709254418337030e-02,  2.635352860388327e-01,  1.576575216827637e+00, -2.348732949370008e+00, -1.628497950256026e+00,  6.786580217082493e-01
  2.370000000000000e+00, -4.852454315549643e-03, -2.651421806793599e-01,  7.442049513272941e-02,  9.010932774702621e-03,  7.541254814502417e-01,  8.774405253701378e-03,  3.028165282059178e-01, -1.829443439630489e-02,  2.578504054337899e-01,  1.589653012249988e+00, -2.351843935749187e+00, -1.634752075078595e+00,  6.752715557750305e-01
  2.380000000000000e+00, -4.413542686304056e-03, -2.666468103095749e-01,  7.521957889562034e-02,  1.003013480221587e-02,  7.548319288176585e-01,  9.675566103480745e-03,  3.030067662111702e-01, -1.952188899465275e-02,  2.522217135605998e-01,  1.602292541416390e+00, -2.355210121688453e+00, -1.640739619944819e+00,  6.715109970116053e-01
  2.390000000000000e+00, -3.981961995491229e-03, -2.681295852159792e-01,  7.600777757650659e-02,  1.103476232463179e-02,  7.555257366104838e-01,  1.056122357090399e-02,  3.031887667631148e-01, -2.077844276684596e-02,  2.466564007792078e-01,  1.614471348570591e+00, -2.358805628672120e+00, -1.646472407974269e+00,  6.674004088345029e-01
  2.400000000000000e+00, -3.558138293714052e-03, -2.695886118080227e-01,  7.678408594592574e-02,  1.202363711624242e-02,  7.562062787738076e-01,  1.143042427234943e-02,  3.033641361949271e-01, -2.206741098774879e-02,  2.411620786743971e-01,  1.626167541840935e+00, -2.362602191515806e+00, -1.651963722027022e+00,  6.629664993589649e-01
  2.410000000000000e+00, -3.142496532692619e-03, -2.710219432731816e-01,  7.754747299209032e-02,  1.299556384319119e-02,  7.568729406003601e-01,  1.228220356379579e-02,  3.035346156030124e-01, -2.339178898707779e-02,  2.357467756834961e-01,  1.637359974101727e+00, -2.366570280246269e+00, -1.657227839701196e+00,  6.582379841249516e-01
  2.420000000000000e+00, -2.735459528767650e-03, -2.724275854743207e-01,  7.829688486788640e-02,  1.394933324003706e-02,  7.575251201569052e-01,  1.311558829524567e-02,  3.037020733691384e-01, -2.475420040353542e-02,  2.304189167818313e-01,  1.648028351428494e+00, -2.370679648885215e+00, -1.662279696368430e+00,  6.532452212941675e-01
  2.430000000000000e+00, -2.337446850057552e-03, -2.738035042640102e-01,  7.903124849766649e-02,  1.488372580598522e-02,  7.581622296691580e-01,  1.392960006340555e-02,  3.038684947966481e-01, -2.615684700495823e-02,  2.251872942236492e-01,  1.658153336251083e+00, -2.374899871501915e+00, -1.667134548031803e+00,  6.480198391563460e-01
  2.440000000000000e+00, -1.948873728956018e-03, -2.751476339151993e-01,  7.974947568174758e-02,  1.579751580234110e-02,  7.587836966957404e-01,  1.472325876984947e-02,  3.040359686554817e-01, -2.760146066793525e-02,  2.200610302071300e-01,  1.667716643678105e+00, -2.379200854097646e+00, -1.671807644323424e+00,  6.425943663914940e-01
  2.450000000000000e+00, -1.570150085245586e-03, -2.764578861978342e-01,  8.045046747076046e-02,  1.668947530691296e-02,  7.593889649702505e-01,  1.549558624734319e-02,  3.042066715529821e-01, -2.908926096646602e-02,  2.150495331461682e-01,  1.676701127492999e+00, -2.383553298757829e+00, -1.676313922794568e+00,  6.370018836847904e-01
  2.460000000000000e+00, -1.201679741060444e-03, -2.777321597131339e-01,  8.113311861535753e-02,  1.755837810928175e-02,  7.599774947955982e-01,  1.624560975509123e-02,  3.043828506580875e-01, -3.062092147271895e-02,  2.101624488304898e-01,  1.685090853136991e+00, -2.387929103869443e+00, -1.680667735194618e+00,  6.312757068287126e-01
  2.470000000000000e+00, -8.438597994838231e-04, -2.789683496345486e-01,  8.179632216236016e-02,  1.840300352012694e-02,  7.605487630286110e-01,  1.697236542107167e-02,  3.045668042779532e-01, -3.219654514504491e-02,  2.054096057549246e-01,  1.692871157759240e+00, -2.392301701317217e+00, -1.684882610419652e+00,  6.254490980024744e-01
  2.480000000000000e+00, -4.970801112117022e-04, -2.801643580520258e-01,  8.243897430907253e-02,  1.922214025417326e-02,  7.611022627836052e-01,  1.767490176611541e-02,  3.047608602301738e-01, -3.381564906139582e-02,  2.008009540887290e-01,  1.700028697955994e+00, -2.396646336760230e+00, -1.688971054201287e+00,  6.195549993463934e-01
  2.490000000000000e+00, -1.617228436100692e-04, -2.813181047015338e-01,  8.305997941805573e-02,  2.001459030884267e-02,  7.616375028523750e-01,  1.835228322546185e-02,  3.049673525315303e-01, -3.547716060542182e-02,  1.963464992868997e-01,  1.706551483791298e+00, -2.400940284957874e+00, -1.692944388917846e+00,  6.136257916506612e-01
  2.500000000000000e+00,  1.618377331933931e-04, -2.824275377017775e-01,  8.365825498351298e-02,  2.077917256616223e-02,  7.621540066568195e-01,  1.900359344576036e-02,  3.051885960727964e-01, -3.717942657655590e-02,  1.920562315014341e-01,  1.712428897221054e+00, -2.405162983847717e+00, -1.696812638260700e+00,  6.076930866516738e-01
  2.510000000000000e+00,  4.732350957524457e-04, -2.834906438959862e-01,  8.423273631401154e-02,  2.151472578699502e-02,  7.626513104895967e-01,  1.962793810328553e-02,  3.054268584084996e-01, -3.892023485014909e-02,  1.879400520783324e-01,  1.717651694334161e+00, -2.409296079072362e+00, -1.700584458605268e+00,  6.017875608684412e-01
  2.520000000000000e+00,  7.721099082018452e-04, -2.845054584810305e-01,  8.478238077413164e-02,  2.222011084221361e-02,  7.631289609956234e-01,  2.022444710687652e-02,  3.056843288321502e-01, -4.069684746747502e-02,  1.840076990085408e-01,  1.722211992221006e+00, -2.413323384947854e+00, -1.704267115769805e+00,  5.959388328288738e-01
  2.530000000000000e+00,  1.057862785784436e-03, -2.854696658352830e-01,  8.530589514018630e-02,  2.289373598066460e-02,  7.635860690275890e-01,  2.079193267484119e-02,  3.059617709659640e-01, -4.251081257367560e-02,  1.802681817347933e-01,  1.726097278722871e+00, -2.417180280216826e+00, -1.707881405478050e+00,  5.902018685129489e-01
  2.540000000000000e+00,  1.330650928212641e-03, -2.863822597890476e-01,  8.580285823945746e-02,  2.353548649514978e-02,  7.640231007106800e-01,  2.133028235358948e-02,  3.062638115902760e-01, -4.434873914025721e-02,  1.767316951718672e-01,  1.729314524535807e+00, -2.420958003433000e+00, -1.711401430951727e+00,  5.845496999386628e-01
  2.550000000000000e+00,  1.589877281118395e-03, -2.872410519750340e-01,  8.627203133592730e-02,  2.414380815704177e-02,  7.644391582685266e-01,  2.183835340549932e-02,  3.065908611445994e-01, -4.621150375347558e-02,  1.734065405457194e-01,  1.731853550979399e+00, -2.424593828548241e+00, -1.714845830366652e+00,  5.790357099858712e-01
  2.560000000000000e+00,  1.835202987322448e-03, -2.880443566834978e-01,  8.671249728209422e-02,  2.471766626163255e-02,  7.648338000265132e-01,  2.231538844138641e-02,  3.069444792852589e-01, -4.809478519717326e-02,  1.703010738862873e-01,  1.733711538776452e+00, -2.428078646170153e+00, -1.718216785889653e+00,  5.736847263458488e-01
  2.570000000000000e+00,  2.066296232624495e-03, -2.887905834842056e-01,  8.712338311350747e-02,  2.525606333765733e-02,  7.652065871843317e-01,  2.276066681669960e-02,  3.073260141789084e-01, -4.999394993626220e-02,  1.674231442895424e-01,  1.734886892915999e+00, -2.431405348611396e+00, -1.721515204209508e+00,  5.685199268005834e-01
  2.580000000000000e+00,  2.282829800101220e-03, -2.894782414148518e-01,  8.750386128677243e-02,  2.575803720505167e-02,  7.655570780739173e-01,  2.317350332251933e-02,  3.077365636093659e-01, -5.190415923026995e-02,  1.647800261196329e-01,  1.735379131179531e+00, -2.434568154973408e+00, -1.724740953654833e+00,  5.635630707873013e-01
  2.590000000000000e+00,  2.484481246932971e-03, -2.901059468608487e-01,  8.785315358579483e-02,  2.622266392732522e-02,  7.658848272029445e-01,  2.355325030573548e-02,  3.081769513572154e-01, -5.382043259376389e-02,  1.623783597964804e-01,  1.735188826814994e+00, -2.437562425620731e+00, -1.727892957013480e+00,  5.588344660511335e-01
  2.600000000000000e+00,  2.670933453285284e-03, -2.906724313206914e-01,  8.817053513400454e-02,  2.664906128430661e-02,  7.661893850504636e-01,  2.389930005621756e-02,  3.086477071483868e-01, -5.573771002761195e-02,  1.602240973450657e-01,  1.734317552006114e+00, -2.440384499574747e+00, -1.730969277367477e+00,  5.543529219666875e-01
  2.610000000000000e+00,  2.841875440592635e-03, -2.911765487556076e-01,  8.845533833694690e-02,  2.703639252646599e-02,  7.664702984492028e-01,  2.421108727763805e-02,  3.091490500620066e-01, -5.765091279908858e-02,  1.583224536587407e-01,  1.732767821169516e+00, -2.443031537377015e+00, -1.733967202693706e+00,  5.501357089478535e-01
  2.620000000000000e+00,  2.997003367573979e-03, -2.916172823069359e-01,  8.870695661873476e-02,  2.738387020935731e-02,  7.667271114022869e-01,  2.448809149910512e-02,  3.096808751132566e-01, -5.955500219857226e-02,  1.566778640428680e-01,  1.730543033612735e+00, -2.445501359480821e+00, -1.736883332301777e+00,  5.461985343903196e-01
  2.630000000000000e+00,  3.136021718844084e-03, -2.919937504248398e-01,  8.892484797055530e-02,  2.769076013460871e-02,  7.669593663643007e-01,  2.472983946201803e-02,  3.102427430502691e-01, -6.144503400262821e-02,  1.552939482207054e-01,  1.727647417754857e+00, -2.447792293474743e+00, -1.739713658336416e+00,  5.425555268936534e-01
  2.640000000000000e+00,  3.258644818386905e-03, -2.923052126607504e-01,  8.910853846830699e-02,  2.795638565574544e-02,  7.671666062251432e-01,  2.493590768324259e-02,  3.108338741541581e-01, -6.331620576383572e-02,  1.541734808623702e-01,  1.724085980225595e+00, -2.449903052984125e+00, -1.742453631226772e+00,  5.392192143662740e-01
  2.650000000000000e+00,  3.364598703083523e-03, -2.925510751256792e-01,  8.925762576994596e-02,  2.818013239664473e-02,  7.673483770714099e-01,  2.510592523091422e-02,  3.114531466856840e-01, -6.516389631179122e-02,  1.533183690254087e-01,  1.719864460325840e+00, -2.451832651291866e+00, -1.745098205270920e+00,  5.362004944510552e-01
  2.660000000000000e+00,  3.453623201618923e-03, -2.927308952644864e-01,  8.937178237286801e-02,  2.836145305280752e-02,  7.675042314652067e-01,  2.523957647629676e-02,  3.120990995118351e-01, -6.698369791628925e-02,  1.527296371817367e-01,  1.714989288315650e+00, -2.453580337632553e+00, -1.747641867316175e+00,  5.335086067377381e-01
  2.670000000000000e+00,  3.525474040435190e-03, -2.928443856602391e-01,  8.945075842723803e-02,  2.849987192251935e-02,  7.676337319238841e-01,  2.533660358785301e-02,  3.127699377259285e-01, -6.877144002808040e-02,  1.524074201049249e-01,  1.709467547571274e+00, -2.455145551061963e+00, -1.750078650547566e+00,  5.311511131403733e-01
  2.680000000000000e+00,  3.579924895524610e-03, -2.928914168311575e-01,  8.949438404815102e-02,  2.859498902944049e-02,  7.677364544505573e-01,  2.539680869945343e-02,  3.134635403533070e-01, -7.052320265604398e-02,  1.523509633876144e-01,  1.703306942173908e+00, -2.456527897849101e+00, -1.752402132603338e+00,  5.291338833843904e-01
  2.690000000000000e+00,  3.616769355952733e-03, -2.928720190447621e-01,  8.950257111665101e-02,  2.864648378398736e-02,  7.678119920488184e-01,  2.542005574203166e-02,  3.141774697066276e-01, -7.223531898053291e-02,  1.525586311706694e-01,  1.696515770264567e+00, -2.457727155442709e+00, -1.754605418168551e+00,  5.274610817943735e-01
  2.700000000000000e+00,  3.635822681114306e-03, -2.927863829769444e-01,  8.947531444190772e-02,  2.865411795651281e-02,  7.678599580124106e-01,  2.540627179284000e-02,  3.149089817118315e-01, -7.390436864735980e-02,  1.530279208550739e-01,  1.689102901750059e+00, -2.458743294552774e+00, -1.756681109935146e+00,  5.261351621681841e-01
  2.710000000000000e+00,  3.636923170103233e-03, -2.926348589176788e-01,  8.941269207721377e-02,  2.861773760551800e-02,  7.678799886664004e-01,  2.535544769950718e-02,  3.156550360841099e-01, -7.552716279886719e-02,  1.537554848269304e-01,  1.681077759152847e+00, -2.459576508396526e+00, -1.758621271932342e+00,  5.251568801285653e-01
  2.720000000000000e+00,  3.619933167190962e-03, -2.924179546677134e-01,  8.931486485948149e-02,  2.853727403430399e-02,  7.678717455937688e-01,  2.526763805291392e-02,  3.164123061716273e-01, -7.710072072744822e-02,  1.547371585424182e-01,  1.672450302338400e+00, -2.460227250773614e+00, -1.760417383316621e+00,  5.245253146963060e-01
  2.730000000000000e+00,  3.584739954636761e-03, -2.921363326955110e-01,  8.918207552037842e-02,  2.841274430281586e-02,  7.678349177798313e-01,  2.514296090853684e-02,  3.171771896905477e-01, -7.862223863495746e-02,  1.559679936492016e-01,  1.663231018748735e+00, -2.460696295163304e+00, -1.762060278203951e+00,  5.242378799233948e-01
  2.740000000000000e+00,  3.531145202279044e-03, -2.917906000521053e-01,  8.901451232901822e-02,  2.824402922980646e-02,  7.677690265289976e-01,  2.498143639076237e-02,  3.179452717403694e-01, -8.009086407300665e-02,  1.574422724061637e-01,  1.653428912871323e+00, -2.460964148122842e+00, -1.763547645208825e+00,  5.243039363275984e-01
  2.750000000000000e+00,  3.459318400159454e-03, -2.913821430992201e-01,  8.881285627531009e-02,  2.803177601099275e-02,  7.676742292665570e-01,  2.478363980073632e-02,  3.187135711649817e-01, -8.150024688510213e-02,  1.591536563795722e-01,  1.643059713947589e+00, -2.461075271607215e+00, -1.764853226631176e+00,  5.246896335864075e-01
  2.760000000000000e+00,  3.369107677035724e-03, -2.909118469191789e-01,  8.857744372771384e-02,  2.777602239666521e-02,  7.675500996883104e-01,  2.454970547539239e-02,  3.194771427986877e-01, -8.284982912361653e-02,  1.610950463619022e-01,  1.632133298021941e+00, -2.461009806401887e+00, -1.765973455680706e+00,  5.254017292373822e-01
  2.770000000000000e+00,  3.260504859036572e-03, -2.903809486366576e-01,  8.830882645191822e-02,  2.747712172438846e-02,  7.673964525330779e-01,  2.427999571997666e-02,  3.202313898437447e-01, -8.413711715881515e-02,  1.632587665072215e-01,  1.620662218795539e+00, -2.460770283544376e+00, -1.766895949051357e+00,  5.264312539746245e-01
  2.780000000000000e+00,  3.133529822641380e-03, -2.897908180624413e-01,  8.800762885817959e-02,  2.713551044609378e-02,  7.672131396896674e-01,  2.397493252888100e-02,  3.209714990810927e-01, -8.535953874944767e-02,  1.656365772747478e-01,  1.608659592860563e+00, -2.460360112299427e+00, -1.767607266552763e+00,  5.277675771579362e-01
  2.790000000000000e+00,  2.988229401814798e-03, -2.891429500894472e-01,  8.767454389286924e-02,  2.675170396762251e-02,  7.670000492529850e-01,  2.363499459177750e-02,  3.216924432428631e-01, -8.651440791173294e-02,  1.682197214257214e-01,  1.596139086157864e+00, -2.459783408482431e+00, -1.768092931970186e+00,  5.293985845030773e-01
  2.800000000000000e+00,  2.824677525606869e-03, -2.884389594631953e-01,  8.731033041595254e-02,  2.632629490951243e-02,  7.667571067866218e-01,  2.326071618090794e-02,  3.223889885558652e-01, -8.759886584411603e-02,  1.709989703311330e-01,  1.583114930546194e+00, -2.459045048779606e+00, -1.768337386076138e+00,  5.313107315149657e-01
  2.810000000000000e+00,  2.642975557601748e-03, -2.876805761642788e-01,  8.691581088089459e-02,  2.585995177683512e-02,  7.664842769493415e-01,  2.285268647910407e-02,  3.230557022858458e-01, -8.860982125372914e-02,  1.739646683279504e-01,  1.569601943802486e+00, -2.458150722616069e+00, -1.768323947678973e+00,  5.334890936398673e-01
  2.820000000000000e+00,  2.443252840988045e-03, -2.868696413896195e-01,  8.649186931645468e-02,  2.535341804387325e-02,  7.661815654912486e-01,  2.241154934427938e-02,  3.236869605155121e-01, -8.954389187691483e-02,  1.771067748877916e-01,  1.555615551327238e+00, -2.457106972221130e+00, -1.768034788485697e+00,  5.359174161673564e-01
  2.830000000000000e+00,  2.225621480950216e-03, -2.860079873154003e-01,  8.603938108913953e-02,  2.480741255009288e-02,  7.658489437044607e-01,  2.193792575481673e-02,  3.242770534189796e-01, -9.040006857706176e-02,  1.804147740102441e-01,  1.541168362604412e+00, -2.455911623612607e+00, -1.767450190656517e+00,  5.385728161990988e-01
  2.840000000000000e+00,  1.990371271451136e-03, -2.850979198384593e-01,  8.555949764136109e-02,  2.422304585138568e-02,  7.654866807403944e-01,  2.143273993185914e-02,  3.248198614114999e-01, -9.116863698721352e-02,  1.838782337196630e-01,  1.526284148745515e+00, -2.454594022797739e+00, -1.766550796350211e+00,  5.414460120773502e-01
  2.850000000000000e+00,  1.737666826772961e-03, -2.841414637068622e-01,  8.505320028795982e-02,  2.360116980258444e-02,  7.650948291532348e-01,  2.089671326097748e-02,  3.253092930468566e-01, -9.184787216080495e-02,  1.874860560579653e-01,  1.510976700530026e+00, -2.453152125570675e+00, -1.765315244394016e+00,  5.445129008010557e-01
  2.860000000000000e+00,  1.467757888741756e-03, -2.831408722839724e-01,  8.452160296965787e-02,  2.294282418647906e-02,  7.646735846468272e-01,  2.033071218089985e-02,  3.257390561571344e-01, -9.243276788000147e-02,  1.912270377788168e-01,  1.495264035377220e+00, -2.451595591896857e+00, -1.763721320929202e+00,  5.477527273649663e-01
  2.870000000000000e+00,  1.180929950068259e-03, -2.820984999879484e-01,  8.396587698065856e-02,  2.224912868385952e-02,  7.642232032030332e-01,  1.973566504601342e-02,  3.261027376571379e-01, -9.291777959478868e-02,  1.950897734051629e-01,  1.479164907165614e+00, -2.449935213228400e+00, -1.761745693821713e+00,  5.511435717688250e-01
  2.880000000000000e+00,  8.775042548116387e-04, -2.810167970624632e-01,  8.338724804632555e-02,  2.152128057580073e-02,  7.637440022308410e-01,  1.911256136965196e-02,  3.263938159502358e-01, -9.329683803588523e-02,  1.990626854101172e-01,  1.462698776106413e+00, -2.448182525909579e+00, -1.759364122594916e+00,  5.546626123097889e-01
  2.890000000000000e+00,  5.578395920585705e-04, -2.798983078594812e-01,  8.278699562281355e-02,  2.076055601660891e-02,  7.632363648764512e-01,  1.846245379375484e-02,  3.266056823782619e-01, -9.356333850534947e-02,  2.031340519481883e-01,  1.445885812237019e+00, -2.446349712432557e+00, -1.756551600226837e+00,  5.582862389099250e-01
  2.900000000000000e+00,  2.223341953490987e-04, -2.787456694437437e-01,  8.216645236095478e-02,  1.996831151495386e-02,  7.627007445017806e-01,  1.778646030614591e-02,  3.267316647631327e-01, -9.371013797150411e-02,  2.072920312683017e-01,  1.428746893876882e+00, -2.444449481574889e+00, -1.753282522828019e+00,  5.619901808048017e-01
  2.910000000000000e+00, -1.285723341265338e-04, -2.775616102995175e-01,  8.152700361097392e-02,  1.914598544482209e-02,  7.621376691860889e-01,  1.708576655865996e-02,  3.267650531225476e-01, -9.372956000082408e-02,  2.115246833308376e-01,  1.411303599476656e+00, -2.442494924540842e+00, -1.749530886851960e+00,  5.657496430589938e-01
  2.920000000000000e+00, -4.943970779470547e-04, -2.763489490111082e-01,  8.087008692025975e-02,  1.829509956450388e-02,  7.615477462665257e-01,  1.636162824167490e-02,  3.266991284400523e-01, -9.361340713836677e-02,  2.158199894665343e-01,  1.393578191958571e+00, -2.440499350724049e+00, -1.745270517560517e+00,  5.695394489463400e-01
  2.930000000000000e+00, -8.746120128954717e-04, -2.751105924939370e-01,  8.019719127326520e-02,  1.741726015825094e-02,  7.609316665829162e-01,  1.561537320610485e-02,  3.265271940243735e-01, -9.335298129419924e-02,  2.201658708488069e-01,  1.375593593882563e+00, -2.438476105888141e+00, -1.740475330752383e+00,  5.733341917259253e-01
  2.940000000000000e+00, -1.268642696898335e-03, -2.738495331345309e-01,  7.950985568322401e-02,  1.651415818280994e-02,  7.602902078723681e-01,  1.484840284114632e-02,  3.262426082866197e-01, -9.293911337581383e-02,  2.245502067114023e-01,  1.357373351495683e+00, -2.436438376111469e+00, -1.735119621745695e+00,  5.771084005392639e-01
  2.950000000000000e+00, -1.675867421788058e-03, -2.725688446144777e-01,  7.880966705719321e-02,  1.558756838810731e-02,  7.596242373429682e-01,  1.406219261938492e-02,  3.258388204139869e-01, -9.236220290872420e-02,  2.289608536764420e-01,  1.338941587131232e+00, -2.434398986022147e+00, -1.729178375536488e+00,  5.808367183899213e-01
  2.960000000000000e+00, -2.095616714108724e-03, -2.712716763581887e-01,  7.809825737311470e-02,  1.463934759571663e-02,  7.589347136627860e-01,  1.325829187233202e-02,  3.253094112311256e-01, -9.161226764823523e-02,  2.333856677260554e-01,  1.320322939746088e+00, -2.432370198911150e+00, -1.722627596219556e+00,  5.844940867465782e-01
  2.970000000000000e+00, -2.527173300660999e-03, -2.699612463195289e-01,  7.737730001463212e-02,  1.367143190644464e-02,  7.582226881541960e-01,  1.243832258149884e-02,  3.246481391089723e-01, -9.067900293310552e-02,  2.378125296518706e-01,  1.301542492555482e+00, -2.430363521467983e+00, -1.715444652369396e+00,  5.880559346052309e-01
  2.980000000000000e+00, -2.969772652504608e-03, -2.686408320441862e-01,  7.664850520370062e-02,  1.268583267284184e-02,  7.574893049666002e-01,  1.160397704728378e-02,  3.238489898784082e-01, -8.955185081497639e-02,  2.422293734588803e-01,  1.282625687739572e+00, -2.428389519471201e+00, -1.707608632596134e+00,  5.914983687106582e-01
  2.990000000000000e+00, -3.422604171489682e-03, -2.673137600588307e-01,  7.591361453950077e-02,  1.168463117281298e-02,  7.567358000840344e-01,  1.075701437502710e-02,  3.229062298318612e-01, -8.822007912501463e-02,  2.466242169640174e-01,  1.263598229093251e+00, -2.426457652836596e+00, -1.699100705496489e+00,  5.947983595442550e-01
  3.000000000000000e+00, -3.884813144442155e-03, -2.659833934191514e-01,  7.517439453761900e-02,  1.066997178200466e-02,  7.559634989321536e-01,  9.899255589775032e-03,  3.218144608664119e-01, -8.667287041277397e-02,  2.509851947647130e-01,  1.244485972552200e+00, -2.424576131341786e+00, -1.689904480677565e+00,  5.979339209948428e-01
  3.010000000000000e+00, -4.355503472434346e-03, -2.646531174263645e-01,  7.443262918621403e-02,  9.644053658997702e-03,  7.551738125606574e-01,  9.032577348505164e-03,  3.205686776370035e-01, -8.489942099370740e-02,  2.553005937174012e-01,  1.225314804448844e+00, -2.422751786791324e+00, -1.680006369857673e+00,  6.008842854808395e-01
  3.020000000000000e+00, -4.833887186166312e-03, -2.633260822937486e-01,  7.368995159659421e-02,  8.608843976593197e-03,  7.543679678278752e-01,  8.158694223556506e-03,  3.191635045448096e-01, -8.289072228808941e-02,  2.595587866796517e-01,  1.206108736430651e+00, -2.420958506418112e+00, -1.669407899883331e+00,  6.036551289972447e-01
  3.030000000000000e+00, -5.318714395759116e-03, -2.620061358316274e-01,  7.294846473850572e-02,  7.567157070607115e-03,  7.535480411256898e-01,  7.279975681239378e-03,  3.175965195888030e-01, -8.063336081668454e-02,  2.637486338334847e-01,  1.186896437896473e+00, -2.419260052647496e+00, -1.658078678581973e+00,  6.061794558881233e-01
  3.040000000000000e+00, -5.809122445878580e-03, -2.606964071711631e-01,  7.220980497210570e-02,  6.521038905534613e-03,  7.527154212380525e-01,  6.398222195773307e-03,  3.158634607160603e-01, -7.811853034664992e-02,  2.678590595648191e-01,  1.167701739753951e+00, -2.417630309641301e+00, -1.646026900557897e+00,  6.084650552600595e-01
  3.050000000000000e+00, -6.304092250053672e-03, -2.594001967063477e-01,  7.147573494704504e-02,  5.472797432267242e-03,  7.518717948375684e-01,  5.515443310609021e-03,  3.139614765180653e-01, -7.533665890640799e-02,  2.718793487991001e-01,  1.148549226017715e+00, -2.416069471422285e+00, -1.633253488322000e+00,  6.104977589708456e-01
  3.060000000000000e+00, -6.802586166441996e-03, -2.581207376455230e-01,  7.074798817436198e-02,  4.424738246679992e-03,  7.510188975438881e-01,  4.633656284223203e-03,  3.118883987679082e-01, -7.227874989241161e-02,  2.757991452683830e-01,  1.129462836256799e+00, -2.414576429815171e+00, -1.619763429354679e+00,  6.122651168303964e-01
  3.070000000000000e+00, -7.303555984459989e-03, -2.568611735183760e-01,  7.002825680604098e-02,  3.379147540432405e-03,  7.501585000393096e-01,  3.754871356799904e-03,  3.096427827594078e-01, -6.893653263628007e-02,  2.796084894947168e-01,  1.110465693146781e+00, -2.413148537925456e+00, -1.605565947948257e+00,  6.137565904593512e-01
  3.080000000000000e+00, -7.805950163174570e-03, -2.556245376780069e-01,  6.931818068911662e-02,  2.338276875992669e-03,  7.492923953960930e-01,  2.881078130835991e-03,  3.072239453984628e-01, -6.530257907400018e-02,  2.832978594584743e-01,  1.091579973362593e+00, -2.411781696008634e+00, -1.590674522818588e+00,  6.149635620487145e-01
  3.090000000000000e+00, -8.308721300080294e-03, -2.544137334158343e-01,  6.861933671073919e-02,  1.304327981169523e-03,  7.484223858306728e-01,  2.014231742579912e-03,  3.046319954459373e-01, -6.137041172101641e-02,  2.868582098657051e-01,  1.072826793767875e+00, -2.410470473092915e+00, -1.575106837427407e+00,  6.158793109913137e-01
  3.100000000000000e+00, -8.810833630070401e-03, -2.532315151887072e-01,  6.793322870780739e-02,  2.794379507952282e-04,  7.475502692283963e-01,  1.156239171453470e-03,  3.018678552083769e-01, -5.713460055792091e-02,  2.902810092768210e-01,  1.054226116110796e+00, -2.409208262119468e+00, -1.558884664075536e+00,  6.164989600815581e-01
  3.110000000000000e+00, -9.311270451129183e-03, -2.520804713654154e-01,  6.726127813932642e-02, -7.343348716901751e-04,  7.466778256482528e-01,  3.089459540502730e-04,  2.989332725145143e-01, -5.259084751328654e-02,  2.935582739881893e-01,  1.035796670631542e+00, -2.407987453926048e+00, -1.542033689798386e+00,  6.168194000733467e-01
  3.120000000000000e+00, -9.809041303511968e-03, -2.509630088701357e-01,  6.660481572224916e-02, -1.735024067079814e-03,  7.458068040789489e-01, -5.258764245330981e-04,  2.958308225006345e-01, -4.773605773317720e-02,  2.966825978179778e-01,  1.017555898813948e+00, -2.406799619190935e+00, -1.524583296996383e+00,  6.168392030285317e-01
  3.130000000000000e+00, -1.030318872850982e-02, -2.498813400346935e-01,  6.596507421488376e-02, -2.720767011250853e-03,  7.449389098167108e-01, -1.346542148973922e-03,  2.925638998948255e-01, -4.256839754685550e-02,  2.996471775899340e-01,  9.995199154878038e-01, -2.405635696808110e+00, -1.506566309571253e+00,  6.165585280880129e-01
  3.140000000000000e+00, -1.079279445055323e-02, -2.488374718331765e-01,  6.534318245729516e-02, -3.689815233839354e-03,  7.440757927451447e-01, -2.151461490843267e-03,  2.891367024726289e-01, -3.708733905216176e-02,  3.024458343850843e-01,  9.817034895743985e-01, -2.404486185212044e+00, -1.488018711440841e+00,  6.159790224188801e-01
  3.150000000000000e+00, -1.127698495984158e-02, -2.478331974411271e-01,  6.474016063416893e-02, -4.640543263878256e-03,  7.432190365918365e-01, -2.939149988010687e-03,  2.855542057470094e-01, -3.129369061232769e-02,  3.050730310103211e-01,  9.641200420472699e-01, -2.403341327040942e+00, -1.468979344959802e+00,  6.151037266182636e-01
  3.160000000000000e+00, -1.175493649992395e-02, -2.468700899021986e-01,  6.415691664920885e-02, -5.571456057043619e-03,  7.423701491814678e-01, -3.708236440291046e-03,  2.818221294993383e-01, -2.518961405765546e-02,  3.075238864957981e-01,  9.467816591669393e-01, -2.402191280152582e+00, -1.449489596771768e+00,  6.139369909532508e-01
  3.170000000000000e+00, -1.222587937611944e-02, -2.459494978605022e-01,  6.359424360954698e-02, -6.481194916929384e-03,  7.415305538679619e-01, -4.457469630036730e-03,  2.779468978041388e-01, -1.877863140090986e-02,  3.097941878464753e-01,  9.296991194534244e-01, -2.401026277338917e+00, -1.429593072588843e+00,  6.124843980746869e-01
  3.180000000000000e+00, -1.268910154206600e-02, -2.450725433679530e-01,  6.305281842248862e-02, -7.368541875990476e-03,  7.407015822342036e-01, -5.185723697709182e-03,  2.739355932058809e-01, -1.206562180113347e-02,  3.118803987997781e-01,  9.128819332497536e-01, -2.399836771653826e+00, -1.409335259886757e+00,  6.107526932180962e-01
  3.190000000000000e+00, -1.314395161571109e-02, -2.442401214498339e-01,  6.253320129843412e-02, -8.232422861101374e-03,  7.398844677951804e-01, -5.892002393773323e-03,  2.697959038584809e-01, -5.056805822179032e-03,  3.137796660226079e-01,  8.963383928427774e-01, -2.398613553648853e+00, -1.388763180237764e+00,  6.087497313915704e-01
  3.200000000000000e+00, -1.358984138044586e-02, -2.434529012131068e-01,  6.203583603670421e-02, -9.071909800150706e-03,  7.390803406172269e-01, -6.575442311427632e-03,  2.655360637577417e-01,  2.240284149622067e-03,  3.154898230999661e-01,  8.800756308044604e-01, -2.397347839755570e+00, -1.367925034149512e+00,  6.064844381285781e-01
  3.210000000000000e+00, -1.402605448524040e-02, -2.427115443570324e-01,  6.156121645613955e-02, -9.885886465551483e-03,  7.382905849646280e-01, -7.235062283797565e-03,  2.611654955185391e-01,  9.824044577820249e-03,  3.170108574291232e-01,  8.641057901507729e-01, -2.396095928417140e+00, -1.346859497617643e+00,  6.039387873657061e-01
  3.220000000000000e+00, -1.445251932770051e-02, -2.420158363395988e-01,  6.110922345729276e-02, -1.067438926716721e-02,  7.375153917533385e-01, -7.870777024607820e-03,  2.566919084043363e-01,  1.767040817693865e-02,  3.183391607305731e-01,  8.484218367066071e-01, -2.394722991533739e+00, -1.325636919047450e+00,  6.011795468165114e-01
  3.230000000000000e+00, -1.486865872266301e-02, -2.413660125237814e-01,  6.068012691203627e-02, -1.143660092322177e-02,  7.367559091964743e-01, -8.481880652103840e-03,  2.521254731993260e-01,  2.577476772676262e-02,  3.194759177390302e-01,  8.330335412515966e-01, -2.393282233843999e+00, -1.304296685483173e+00,  5.981916423049976e-01
  3.240000000000000e+00, -1.527414324250068e-02, -2.407618872277233e-01,  6.027392940111231e-02, -1.217216359170560e-02,  7.360128344582001e-01, -9.068042053434516e-03,  2.474759618977703e-01,  3.412502824869952e-02,  3.204217375702355e-01,  8.179442572282353e-01, -2.391768969364398e+00, -1.282887842828623e+00,  5.949870915442275e-01
  3.250000000000000e+00, -1.566871367997354e-02, -2.402030744963504e-01,  5.989052775773120e-02, -1.288086475731961e-02,  7.352867438613888e-01, -9.629066277834223e-03,  2.427533327593564e-01,  4.270784811614650e-02,  3.211778397424318e-01,  8.031563426138697e-01, -2.390177293167620e+00, -1.261459155267034e+00,  5.915795068889224e-01
  3.260000000000000e+00, -1.605217444064334e-02, -2.396890037632201e-01,  5.952972243809735e-02, -1.356262320732893e-02,  7.345781043981677e-01, -1.016488388776129e-02,  2.379676775246705e-01,  5.150891733653134e-02,  3.217460795379276e-01,  7.886714092284459e-01, -2.388501839801088e+00, -1.240058514294043e+00,  5.879833045493883e-01
  3.270000000000000e+00, -1.642439084647917e-02, -2.392189329693103e-01,  5.919122417898909e-02, -1.421748152553514e-02,  7.338872777489919e-01, -1.067554466022192e-02,  2.331291523007894e-01,  6.051304821792049e-02,  3.221289233264540e-01,  7.744904018425075e-01, -2.386737837339665e+00, -1.218732639640380e+00,  5.842136022870614e-01
  3.280000000000000e+00, -1.678528578155935e-02, -2.387919635467767e-01,  5.887466157564113e-02, -1.484559733587066e-02,  7.332145254411752e-01, -1.116120990063225e-02,  2.282479098669419e-01,  6.970426624721549e-02,  3.223294150916233e-01,  7.606136715435334e-01, -2.384881102616973e+00, -1.197526810523710e+00,  5.802861299874389e-01
  3.290000000000000e+00, -1.713483556442469e-02, -2.384070573641540e-01,  5.857958966721317e-02, -1.544723310176630e-02,  7.325600153614533e-01, -1.162214322338057e-02,  2.233340345277510e-01,  7.906590784449534e-02,  3.223511352774802e-01,  7.470410481700874e-01, -2.382928029432702e+00, -1.176484623048580e+00,  5.762171348670493e-01
  3.300000000000000e+00, -1.747306497305908e-02, -2.380630558916036e-01,  5.830549966520281e-02, -1.602274431211132e-02,  7.319238297365408e-01, -1.205869963520394e-02,  2.183974806116717e-01,  8.858072429955290e-02,  3.221981507202507e-01,  7.337719126461583e-01, -2.380875570993805e+00, -1.155647774809489e+00,  5.720232840867745e-01
  3.310000000000000e+00, -1.780004138356418e-02, -2.377587016547995e-01,  5.805182987177111e-02, -1.657256597488690e-02,  7.313059746478572e-01, -1.247131285728397e-02,  2.134480162161040e-01,  9.823098983620510e-02,  3.218749552780630e-01,  7.208052695238369e-01, -2.378721221738298e+00, -1.135055877059513e+00,  5.677215651236743e-01
  3.320000000000000e+00, -1.811586822363747e-02, -2.374926613468253e-01,  5.781797746178174e-02, -1.709719784802993e-02,  7.307063907418505e-01, -1.286048129671801e-02,  2.084951727676707e-01,  1.079986137390912e-01,  3.213864032533547e-01,  7.081398182844575e-01, -2.376463006103815e+00, -1.114746295390804e+00,  5.633291808988625e-01
  3.330000000000000e+00, -1.842067798100984e-02, -2.372635499126673e-01,  5.760331076737891e-02, -1.759718890110546e-02,  7.301249647272062e-01, -1.322675313792284e-02,  2.035482004461870e-01,  1.178652567275701e-01,  3.207376377542715e-01,  6.957740219741875e-01, -2.374099475836746e+00, -1.094754018827985e+00,  5.588634397215604e-01
  3.340000000000000e+00, -1.871462492413967e-02, -2.370699551037901e-01,  5.740718181151418e-02, -1.807312133694029e-02,  7.295615413951175e-01, -1.357071088715530e-02,  1.986160304014558e-01,  1.278124479973438e-01,  3.199340154401584e-01,  6.837061723331120e-01, -2.371629711992139e+00, -1.075111556382607e+00,  5.543416445377329e-01
  3.350000000000000e+00, -1.899787787090538e-02, -2.369104614720662e-01,  5.722893855685771e-02, -1.852559487888275e-02,  7.290159356014522e-01, -1.389295606028450e-02,  1.937072439797532e-01,  1.378216995544326e-01,  3.189810308862004e-01,  6.719344496208626e-01, -2.369053328745216e+00, -1.055848858756908e+00,  5.497809844938696e-01
  3.360000000000000e+00, -1.927061347228475e-02, -2.367836724287783e-01,  5.706793614876611e-02, -1.895521229741691e-02,  7.284879434244834e-01, -1.419409495448812e-02,  1.888300478337580e-01,  1.478746176425061e-01,  3.178842450991963e-01,  6.604569747254890e-01, -2.366370479497216e+00, -1.036993261172894e+00,  5.451984274386351e-01
  3.370000000000000e+00, -1.953301031432727e-02, -2.366882294099721e-01,  5.692354666257548e-02, -1.936256681435190e-02,  7.279773519951235e-01, -1.447472614725310e-02,  1.839922544478010e-01,  1.579530094551489e-01,  3.166492215178355e-01,  6.492718518968569e-01, -2.363581867450813e+00, -1.018569444890272e+00,  5.406106110117589e-01
  3.380000000000000e+00, -1.978524406076630e-02, -2.366228273694139e-01,  5.679516696903252e-02, -1.974823186494481e-02,  7.274839476387436e-01, -1.473543022789331e-02,  1.792012680104071e-01,  1.680389818832551e-01,  3.152814723849499e-01,  6.383772008828781e-01, -2.360688761728302e+00, -1.000599416650135e+00,  5.360337327891168e-01
  3.390000000000000e+00, -2.002748387202980e-02, -2.365862258538606e-01,  5.668222433836896e-02, -2.011275371269708e-02,  7.270075219376730e-01, -1.497676226830612e-02,  1.744640746826404e-01,  1.781150310871396e-01,  3.137864182441569e-01,  6.277711777974616e-01, -2.357693017456263e+00, -9.831025045559226e-01,  5.314834428605472e-01
  3.400000000000000e+00, -2.025989017005830e-02, -2.365772555054589e-01,  5.658417970231661e-02, -2.045664703937132e-02,  7.265478755924510e-01, -1.519924717285846e-02,  1.697872362181111e-01,  1.881641219950018e-01,  3.121693611355944e-01,  6.174519855885874e-01, -2.354597096923681e+00, -9.660953690180206e-01,  5.269747427870234e-01
  3.410000000000000e+00, -2.048261368447485e-02, -2.365948202369861e-01,  5.650052870368506e-02, -2.078039335020272e-02,  7.261048201849332e-01, -1.540337777550171e-02,  1.651768862511332e-01,  1.981697566286926e-01,  3.104354707727615e-01,  6.074178751788469e-01, -2.351404088653502e+00, -9.495920278523818e-01,  5.225218934678725e-01
  3.420000000000000e+00, -2.069579572837276e-02, -2.366378952596175e-01,  5.643080062958548e-02, -2.108444207265547e-02,  7.256781779269191e-01, -1.558961558529598e-02,  1.606387284512961e-01,  2.081160312352560e-01,  3.085897833707706e-01,  5.976671372867726e-01, -2.348117719674560e+00, -9.336038958414714e-01,  5.181383335908855e-01
  3.430000000000000e+00, -2.089956956469779e-02, -2.367055214423902e-01,  5.637455547599399e-02, -2.136921403453481e-02,  7.252677796214400e-01, -1.575839388854016e-02,  1.561780359046698e-01,  2.179876822620425e-01,  3.066372116980597e-01,  5.881980856963429e-01, -2.344742356241186e+00, -9.181398414698811e-01,  5.138366099255931e-01
  3.440000000000000e+00, -2.109406258126026e-02, -2.367967969344468e-01,  5.633137962518107e-02, -2.163510670299080e-02,  7.248734612986825e-01, -1.591012261682001e-02,  1.517996514846208e-01,  2.277701215905756e-01,  3.045825634138540e-01,  5.790090342922849e-01, -2.341282992260671e+00, -9.032062620331057e-01,  5.096283196415958e-01
  3.450000000000000e+00, -2.127939899931466e-02, -2.369108669365183e-01,  5.630088059575832e-02, -2.188250058573595e-02,  7.244950599818755e-01, -1.604519440698193e-02,  1.475079890153750e-01,  2.374494628609832e-01,  3.024305650953762e-01,  5.700982698453053e-01, -2.337745227024254e+00, -8.888071752576966e-01,  5.055240654425891e-01
  3.460000000000000e+00, -2.145570287901410e-02, -2.370469123632064e-01,  5.628268125086189e-02, -2.211176629013899e-02,  7.241324089737182e-01, -1.616399136587149e-02,  1.433070352457334e-01,  2.470125401643934e-01,  3.001858898282554e-01,  5.614640217207799e-01, -2.334135233364031e+00, -8.749443272567756e-01,  5.015334242390980e-01
  3.470000000000000e+00, -2.162310115778670e-02, -2.372041382222539e-01,  5.627641389414729e-02, -2.232327167375907e-02,  7.237853331028170e-01, -1.626689199170004e-02,  1.392003532205678e-01,  2.564469183236993e-01,  2.978531858033190e-01,  5.531044301195380e-01, -2.330459718044369e+00, -8.616173178289300e-01,  4.976649280667185e-01
  3.480000000000000e+00, -2.178172648781125e-02, -2.373817624888215e-01,  5.628171465137205e-02, -2.251738857846274e-02,  7.234536443120997e-01, -1.635427774913284e-02,  1.351910875309421e-01,  2.657408939729412e-01,  2.954371033480450e-01,  5.450175151022031e-01, -2.326725874426924e+00, -8.488237412525703e-01,  4.939260579576070e-01
  3.490000000000000e+00, -2.193171973541247e-02, -2.375790060158563e-01,  5.629821840302018e-02, -2.269449883296581e-02,  7.231371378052183e-01, -1.642653896962413e-02,  1.312819712681910e-01,  2.748834886731639e-01,  2.929423185100666e-01,  5.372011482764412e-01, -2.322941324411816e+00, -8.365593392189445e-01,  4.903232534686791e-01
  3.500000000000000e+00, -2.207323205266637e-02, -2.377950838291371e-01,  5.632555443879263e-02, -2.285499931984279e-02,  7.228355888928243e-01, -1.648407986182853e-02,  1.274753343521959e-01,  2.838644371487127e-01,  2.903735522006112e-01,  5.296530279125028e-01, -2.319114049968613e+00, -8.248181627525373e-01,  4.868619356755565e-01
  3.510000000000000e+00, -2.220642646162584e-02, -2.380291979912250e-01,  5.636334292840016e-02, -2.299930598273681e-02,  7.225487506376117e-01, -1.652732250456889e-02,  1.237731130979283e-01,  2.926741738931748e-01,  2.877355846640310e-01,  5.223706576622831e-01, -2.315252319683546e+00, -8.135927394466193e-01,  4.835465384312272e-01
  3.520000000000000e+00, -2.233147892366975e-02, -2.382805320797153e-01,  5.641119223619421e-02, -2.312785672523278e-02,  7.222763523482839e-01, -1.655670977506592e-02,  1.201768612505586e-01,  3.013038193381516e-01,  2.850332654557329e-01,  5.153513291255997e-01, -2.311364614227967e+00, -8.028742422382298e-01,  4.803805458453382e-01
  3.530000000000000e+00, -2.244857885985977e-02, -2.385482473005032e-01,  5.646869710060862e-02, -2.324111314921833e-02,  7.220180989867778e-01, -1.657270716921793e-02,  1.166877631139597e-01,  3.097451651008619e-01,  2.822715192344336e-01,  5.085921086519309e-01, -2.307459551491107e+00, -7.926526561722941e-01,  4.773665349509685e-01
  3.540000000000000e+00, -2.255792913332872e-02, -2.388314801532650e-01,  5.653543764115533e-02, -2.333956116656832e-02,  7.217736714758985e-01, -1.657580355054643e-02,  1.133066489154164e-01,  3.179906593010361e-01,  2.794553479819779e-01,  5.020898285323778e-01, -2.303545812737513e+00, -7.829169400014064e-01,  4.745062215391828e-01
  3.550000000000000e+00, -2.265974561195111e-02, -2.391293412972174e-01,  5.661097900669523e-02, -2.342371073503291e-02,  7.215427277091624e-01, -1.656651106434880e-02,  1.100340116889538e-01,  3.260333948965848e-01,  2.765898309778108e-01,  4.958410817001029e-01, -2.299632071151050e+00, -7.736551807915334e-01,  4.718005073269626e-01
  3.560000000000000e+00, -2.275425642994640e-02, -2.394409152413723e-01,  5.669487146954015e-02, -2.349409497404979e-02,  7.213249040666666e-01, -1.654536446354259e-02,  1.068700251889084e-01,  3.338671026019487e-01,  2.736801238788878e-01,  4.898422188378094e-01, -2.295726922656656e+00, -7.648547398677369e-01,  4.692495268413362e-01
  3.570000000000000e+00, -2.284170099245025e-02, -2.397652606475665e-01,  5.678665086504302e-02, -2.355126876998901e-02,  7.211198173717388e-01, -1.651291996377242e-02,  1.038145630620284e-01,  3.414861477851139e-01,  2.707314578350677e-01,  4.840893477413313e-01, -2.291838819356384e+00, -7.565023875724353e-01,  4.668526934644916e-01
  3.580000000000000e+00, -2.292232879371174e-02, -2.401014109362336e-01,  5.688583922692051e-02, -2.359580704145600e-02,  7.209270671800296e-01, -1.646975380662678e-02,  1.008672193071084e-01,  3.488855314371719e-01,  2.677491399920961e-01,  4.785783346601746e-01, -2.287976007321262e+00, -7.485844255783787e-01,  4.646087445190265e-01
  3.590000000000000e+00, -2.299639814447267e-02, -2.404483748479649e-01,  5.699194544387978e-02, -2.362830287992409e-02,  7.207462382474416e-01, -1.641646074732914e-02,  9.802732973005722e-02,  3.560608957712997e-01,  2.647385567119058e-01,  4.733048067720218e-01, -2.284146471167797e+00, -7.410867976207401e-01,  4.625157839385350e-01
  3.600000000000000e+00, -2.306422331282071e-02, -2.408050861961563e-01,  5.710442618778510e-02, -2.364944794340080e-02,  7.205768127583675e-01, -1.635371689342175e-02,  9.529405098758599e-02,  3.630045137486747e-01,  2.617047134125601e-01,  4.682607570025379e-01, -2.280334903854375e+00, -7.340003770625612e-01,  4.605738896957284e-01
  3.610000000000000e+00, -2.312596925403662e-02, -2.411706307564272e-01,  5.722285878904118e-02, -2.365968130615758e-02,  7.204185517943124e-01, -1.628200265073382e-02,  9.266618190269270e-02,  3.697216023641927e-01,  2.586540766975404e-01,  4.634480155196950e-01, -2.276595067409167e+00, -7.273005018801445e-01,  4.587746894797861e-01
  3.620000000000000e+00, -2.318196773641572e-02, -2.415438753403536e-01,  5.734666637270883e-02, -2.365973527679928e-02,  7.202709100042238e-01, -1.620203681133163e-02,  9.014246047654571e-02,  3.762057271916780e-01,  2.555919001701144e-01,  4.588582968586117e-01, -2.272911251703044e+00, -7.209775695391170e-01,  4.571172543826809e-01
  3.630000000000000e+00, -2.323250215352844e-02, -2.419237269738891e-01,  5.747530745142666e-02, -2.365026260179872e-02,  7.201334333971301e-01, -1.611447852020441e-02,  8.772141272791679e-02,  3.824550685343663e-01,  2.525239639391870e-01,  4.544862472305052e-01, -2.269289192761802e+00, -7.150169942734418e-01,  4.555976317623612e-01
  3.640000000000000e+00, -2.327785690690522e-02, -2.423090660789125e-01,  5.760822945314888e-02, -2.363192376735514e-02,  7.200056687814813e-01, -1.601999816571911e-02,  8.540142379292909e-02,  3.884686633531819e-01,  2.494562200894172e-01,  4.503263412543812e-01, -2.265734945223560e+00, -7.094042067450272e-01,  4.542112774148093e-01
  3.650000000000000e+00, -2.331838187393942e-02, -2.426986362735853e-01,  5.774479895577789e-02, -2.360550609499546e-02,  7.198870479607968e-01, -1.591937821511897e-02,  8.318057373893140e-02,  3.942437475592426e-01,  2.463946350918166e-01,  4.463726534791560e-01, -2.262243279347315e+00, -7.041251566608898e-01,  4.529561320951550e-01
  3.660000000000000e+00, -2.335424349596882e-02, -2.430914548380249e-01,  5.788456483456440e-02, -2.357146775442283e-02,  7.197773363424635e-01, -1.581312879250955e-02,  8.105736937310809e-02,  3.997858896579817e-01,  2.433458819139518e-01,  4.426196654387816e-01, -2.258841569823539e+00, -6.991645467034128e-01,  4.518209081344169e-01
  3.670000000000000e+00, -2.338578729863295e-02, -2.434862306639078e-01,  5.802688109303360e-02, -2.353059859662182e-02,  7.196759779628591e-01, -1.570204169726894e-02,  7.902970932000061e-02,  4.050938775605967e-01,  2.403161899978954e-01,  4.390610293749274e-01, -2.255523447554691e+00, -6.945087185608084e-01,  4.508027467137565e-01
  3.680000000000000e+00, -2.341330183138507e-02, -2.438817307290778e-01,  5.817114743736678e-02, -2.348359276448825e-02,  7.195825232433686e-01, -1.558683399132153e-02,  7.709559069268299e-02,  4.101696586926382e-01,  2.373121878021310e-01,  4.356904318489072e-01, -2.252292968941488e+00, -6.901437254246316e-01,  4.498955649967292e-01
  3.690000000000000e+00, -2.343707390590279e-02, -2.442766980360660e-01,  5.831675438642984e-02, -2.343114797075399e-02,  7.194965285133123e-01, -1.546822998090433e-02,  7.525295722611068e-02,  4.150159296432270e-01,  2.343406720881450e-01,  4.325014276722280e-01, -2.249153966061936e+00, -6.860558762712881e-01,  4.490929603307035e-01
  3.700000000000000e+00, -2.345738837256933e-02, -2.446698560148487e-01,  5.846308506213760e-02, -2.337396425109210e-02,  7.194175560059347e-01, -1.534695935567713e-02,  7.349971026845285e-02,  4.196360556291478e-01,  2.314085736585877e-01,  4.294874525110759e-01, -2.246109825578281e+00, -6.822317772147827e-01,  4.483882947552815e-01
  3.710000000000000e+00, -2.347452714693555e-02, -2.450599153344246e-01,  5.860951824326293e-02, -2.331274106603986e-02,  7.193451750918578e-01, -1.522375375587415e-02,  7.183371947607210e-02,  4.240340184183875e-01,  2.285229170612680e-01,  4.266418568397135e-01, -2.243163496178286e+00, -6.786583716683323e-01,  4.477747556329647e-01
  3.720000000000000e+00, -2.348876806443144e-02, -2.454455828266044e-01,  5.875543233084413e-02, -2.324817366397140e-02,  7.192789636424874e-01, -1.509934242599717e-02,  7.025283194656638e-02,  4.282143517691849e-01,  2.256907669667159e-01,  4.239579468059985e-01, -2.240317509684655e+00, -6.753229797245622e-01,  4.472454229776238e-01
  3.730000000000000e+00, -2.350038354662893e-02, -2.458255725033819e-01,  5.890021022622560e-02, -2.318094868080936e-02,  7.192185095595443e-01, -1.497444694544012e-02,  6.875488026337769e-02,  4.321820623496053e-01,  2.229191614764806e-01,  4.214290309795312e-01, -2.237574000722886e+00, -6.722133325406258e-01,  4.467933437597849e-01
  3.740000000000000e+00, -2.350963914182636e-02, -2.461986181631233e-01,  5.904324489824182e-02, -2.311173917989775e-02,  7.191634123966939e-01, -1.484977527751046e-02,  6.733768953418463e-02,  4.359425391994226e-01,  2.202150353720537e-01,  4.190484706368409e-01, -2.234934722062034e+00, -6.693175998279461e-01,  4.464116103081076e-01
  3.750000000000000e+00, -2.351679204026519e-02, -2.465634868592914e-01,  5.918394531310129e-02, -2.304119943869025e-02,  7.191132849491094e-01, -1.472601549217898e-02,  6.599908312996686e-02,  4.395014587740592e-01,  2.175851376165255e-01,  4.168097309149111e-01, -2.232401063249897e+00, -6.666244117211576e-01,  4.460934362632981e-01
  3.760000000000000e+00, -2.352208961114445e-02, -2.469189926890151e-01,  5.932174249369192e-02, -2.296995967309369e-02,  7.190677547714674e-01, -1.460382940212106e-02,  6.473688719586512e-02,  4.428646907654022e-01,  2.150359466513557e-01,  4.147064313915735e-01, -2.229974078440245e+00, -6.641228761354714e-01,  4.458322245736827e-01
  3.770000000000000e+00, -2.352576798520627e-02, -2.472640104763621e-01,  5.945609553037288e-02, -2.289862083053322e-02,  7.190264656193213e-01, -1.448384628690255e-02,  6.354893430427033e-02,  4.460382069699635e-01,  2.125735863424688e-01,  4.127323948976205e-01, -2.227654518982654e+00, -6.618025896153910e-01,  4.456216278569627e-01
  3.780000000000000e+00, -2.352805073927110e-02, -2.475974888617549e-01,  5.958649732642202e-02, -2.282774964569935e-02,  7.189890787510334e-01, -1.436665693364375e-02,  6.243306635735479e-02,  4.490279956236355e-01,  2.102037454758352e-01,  4.108816920897401e-01, -2.225442862795506e+00, -6.596536399727780e-01,  4.454556021732417e-01
  3.790000000000000e+00, -2.352914775636046e-02, -2.479184623066709e-01,  5.971247985268265e-02, -2.275787418021191e-02,  7.189552739933871e-01, -1.425280823980520e-02,  6.138713658430659e-02,  4.518399841836275e-01,  2.079316035080369e-01,  4.091486792459330e-01, -2.223339338180839e+00, -6.576666014029974e-01,  4.453284520903233e-01
  3.800000000000000e+00, -2.352925430414482e-02, -2.482260616389062e-01,  5.983361874408920e-02, -2.268947999637147e-02,  7.189247505237171e-01, -1.414279855208645e-02,  6.040901063871371e-02,  4.544799729852717e-01,  2.057617648038148e-01,  4.075280278023847e-01, -2.221343943100120e+00, -6.558325229273750e-01,  4.452348654890370e-01
  3.810000000000000e+00, -2.352855035450189e-02, -2.485195228002528e-01,  5.994953709284904e-02, -2.262300707977978e-02,  7.188972273553946e-01, -1.403707388424577e-02,  5.949656684495300e-02,  4.569535832935862e-01,  2.036982036157926e-01,  4.060147438678708e-01, -2.219456460858607e+00, -6.541429114687292e-01,  4.451699368382355e-01
  3.820000000000000e+00, -2.352720016590045e-02, -2.487981935436060e-01,  6.005990832739175e-02, -2.255884760192507e-02,  7.188724435101621e-01, -1.393602512300888e-02,  5.864769558959446e-02,  4.592662223842996e-01,  2.017442214324016e-01,  4.046041760226614e-01, -2.217676470942812e+00, -6.525897097163003e-01,  4.451291786669050e-01
  3.830000000000000e+00, -2.352535210667296e-02, -2.490615381009480e-01,  6.016445819178529e-02, -2.249734449289306e-02,  7.188501579154858e-01, -1.383998619405960e-02,  5.786029816463257e-02,  4.614230639336510e-01,  1.999024166857765e-01,  4.032920114557927e-01, -2.216003352092807e+00, -6.511652679475365e-01,  4.451085238195862e-01
  3.840000000000000e+00, -2.352313866627224e-02, -2.493091399963737e-01,  6.026296591408334e-02, -2.243879071002931e-02,  7.188301491144055e-01, -1.374923307358315e-02,  5.713228533919461e-02,  4.634290427398448e-01,  1.981746661617356e-01,  4.020742610891151e-01, -2.214436280964542e+00, -6.498623145534670e-01,  4.451043178494119e-01
  3.850000000000000e+00, -2.352067662116723e-02, -2.495407031511791e-01,  6.035526463345387e-02, -2.238342912412504e-02,  7.188122148383820e-01, -1.366398356019867e-02,  5.646157547611191e-02,  4.652888659720980e-01,  1.965621175137173e-01,  4.009472344861577e-01, -2.212974232175445e+00, -6.486739320233136e-01,  4.451132995509035e-01
  3.860000000000000e+00, -2.351806736765574e-02, -2.497560513852472e-01,  6.044124112046798e-02, -2.233145302219037e-02,  7.187961714072517e-01, -1.358439778174191e-02,  5.584609181751765e-02,  4.670070409376043e-01,  1.950651919069691e-01,  3.999075064164143e-01, -2.211615976871456e+00, -6.475935375766630e-01,  4.451325747744517e-01
  3.870000000000000e+00, -2.351536881467249e-02, -2.499551625835111e-01,  6.052086090277194e-02, -2.228295702860265e-02,  7.187819054636687e-01, -1.351053923333713e-02,  5.528394368091758e-02,  4.685885922882283e-01,  1.936837328111936e-01,  3.989508154275000e-01, -2.210360841952019e+00, -6.466149664645710e-01,  4.451575522527653e-01
  3.880000000000000e+00, -2.351271482871375e-02, -2.501380090712166e-01,  6.059405604724688e-02, -2.223814845983941e-02,  7.187691555403511e-01, -1.344254558221660e-02,  5.477266807984137e-02,  4.700363199527985e-01,  1.924165032140754e-01,  3.980762914410342e-01, -2.209205472601962e+00, -6.457320257598670e-01,  4.451901779747768e-01
  3.890000000000000e+00, -2.351013127611384e-02, -2.503048084452787e-01,  6.066090004425401e-02, -2.219702054294885e-02,  7.187578479785220e-01, -1.338036384813628e-02,  5.431037200112179e-02,  4.713551868126042e-01,  1.912619341368262e-01,  3.972799693925039e-01, -2.208148879979394e+00, -6.449391268213962e-01,  4.452263764798537e-01
  3.900000000000000e+00, -2.350766577713395e-02, -2.504558299629835e-01,  6.072147792571594e-02, -2.215958655707992e-02,  7.187478616154706e-01, -1.332394319042766e-02,  5.389494734603490e-02,  4.725493934231744e-01,  1.902177295524994e-01,  3.965590270345054e-01, -2.207188909843147e+00, -6.442307988695156e-01,  4.452644608187605e-01
  3.910000000000000e+00, -2.350535464042670e-02, -2.505914442931670e-01,  6.077591954722752e-02, -2.212582004183697e-02,  7.187390877009279e-01, -1.327318564298415e-02,  5.352425919746751e-02,  4.736232179306726e-01,  1.892809696617196e-01,  3.959106746132094e-01, -2.206323094592714e+00, -6.436017971223398e-01,  4.453030091036508e-01
  3.920000000000000e+00, -2.350324569217309e-02, -2.507121854173047e-01,  6.082441457974321e-02, -2.209567451056755e-02,  7.187313790889663e-01, -1.322794566598008e-02,  5.319581471267711e-02,  4.745802847084970e-01,  1.884473242662995e-01,  3.953345181048996e-01, -2.205547593124477e+00, -6.430452609047224e-01,  4.453419981290394e-01
  3.930000000000000e+00, -2.350131169679769e-02, -2.508184608888516e-01,  6.086713401510294e-02, -2.206902094488391e-02,  7.187247482746145e-01, -1.318805157317726e-02,  5.290807719776603e-02,  4.754268817527499e-01,  1.877144706914979e-01,  3.948225754205615e-01, -2.204861441096810e+00, -6.425602144851378e-01,  4.453780107343538e-01
  3.940000000000000e+00, -2.349958608197066e-02, -2.509109829525740e-01,  6.090434411593667e-02, -2.204575096253176e-02,  7.187190591734827e-01, -1.315328023048742e-02,  5.265842071596517e-02,  4.761670533095471e-01,  1.870769215125660e-01,  3.943745449214913e-01, -2.204260157283151e+00, -6.421399402219750e-01,  4.454115728416583e-01
  3.950000000000000e+00, -2.349807338193172e-02, -2.509904602482824e-01,  6.093632182254263e-02, -2.202571410213271e-02,  7.187142328166429e-01, -1.312338229029097e-02,  5.244450937055923e-02,  4.768060109662306e-01,  1.865296226943775e-01,  3.939872736417394e-01, -2.203739931641627e+00, -6.417798940088146e-01,  4.454421016678138e-01
  3.960000000000000e+00, -2.349676131337456e-02, -2.510574721391764e-01,  6.096330017144613e-02, -2.200876379869963e-02,  7.187102359803996e-01, -1.309813868588919e-02,  5.226442332540510e-02,  4.773501624318505e-01,  1.860687270102413e-01,  3.936532969820709e-01, -2.203297513718899e+00, -6.414746214251037e-01,  4.454611610519496e-01
  3.970000000000000e+00, -2.349566868861785e-02, -2.511133033191770e-01,  6.098577772448342e-02, -2.199464085673996e-02,  7.187069055185507e-01, -1.307710732294313e-02,  5.211460379128244e-02,  4.778037498124234e-01,  1.856846545661590e-01,  3.933779797086321e-01, -2.202926179435449e+00, -6.412219592873899e-01,  4.454858921705759e-01
  3.980000000000000e+00, -2.349477523026915e-02, -2.511582972497091e-01,  6.100389800316767e-02, -2.198323926340506e-02,  7.187042471999021e-01, -1.306014597405220e-02,  5.199396768115192e-02,  4.781715822440931e-01,  1.853753326600311e-01,  3.931543290721095e-01, -2.202624428460703e+00, -6.410179034336001e-01,  4.455066960404533e-01
  3.990000000000000e+00, -2.349405807947579e-02, -2.511939863239761e-01,  6.101827474491688e-02, -2.197418245590900e-02,  7.187021554355247e-01, -1.304668420011362e-02,  5.189832075588700e-02,  4.784650989052015e-01,  1.851301190410380e-01,  3.929755035689538e-01, -2.202383106319949e+00, -6.408554813371515e-01,  4.455237509540018e-01
  4.000000000000000e+00, -2.349347166650133e-02, -2.512232913897693e-01,  6.103007896773275e-02, -2.196674890727108e-02,  7.187004331868199e-01, -1.303563276209772e-02,  5.182004525437185e-02,  4.787036719156126e-01,  1.849286331431770e-01,  3.928340554873582e-01, -2.202183168103950e+00, -6.407188869258418e-01,  4.455386805192921e-01
