Main.Studies.MarkerTracking.t,Main.Studies.MarkerTracking.JointAngleOutputs.OutputFile_RightArm.ThoraxClavicula[0],Main.Studies.MarkerTracking.JointAngleOutputs.OutputFile_RightArm.ThoraxClavicula[1],Main.Studies.MarkerTracking.JointAngleOutputs.OutputFile_RightArm.ThoraxClavicula[2],Main.Studies.MarkerTracking.JointAngleOutputs.OutputFile_RightArm.ClaviculaScapula[0],Main.Studies.MarkerTracking.JointAngleOutputs.OutputFile_RightArm.ClaviculaScapula[1],Main.Studies.MarkerTracking.JointAngleOutputs.OutputFile_RightArm.ClaviculaScapula[2],Main.Studies.MarkerTracking.JointAngleOutputs.OutputFile_RightArm.ScapulaHumerus[0],Main.Studies.MarkerTracking.JointAngleOutputs.OutputFile_RightArm.ScapulaHumerus[1],Main.Studies.MarkerTracking.JointAngleOutputs.OutputFile_RightArm.ScapulaHumerus[2],Main.Studies.MarkerTracking.JointAngleOutputs.OutputFile_RightArm.HumerusUlna,Main.Studies.MarkerTracking.JointAngleOutputs.OutputFile_RightArm.UlnaRadius,Main.Studies.MarkerTracking.JointAngleOutputs.OutputFile_RightArm.RadiusWrist,Main.Studies.MarkerTracking.JointAngleOutputs.OutputFile_RightArm.WristHand
  2.000000000000000e+00, -2.535689462817843e-02, -1.920163941513968e-01,  3.725108696703837e-02, -3.718609518764159e-02,  7.211410916035652e-01, -3.595082755060808e-02,  2.033091155948268e-01,  4.120545029938839e-01,  5.919032078832496e-01,  8.270752824974072e-01,  2.321154287828263e+00, -3.125527801314976e+00,  2.815915043427223e+00
  2.010000000000000e+00, -2.518790107976361e-02, -1.926196687529995e-01,  3.754742262941545e-02, -3.682251656406732e-02,  7.214132657245319e-01, -3.557059336026447e-02,  2.043099506090745e-01,  4.093749023064948e-01,  5.892957820572940e-01,  8.342672843608727e-01,  2.320713649561271e+00, -3.131209395987397e+00,  2.816984493384313e+00
  2.020000000000000e+00, -2.501095833119121e-02, -1.932475204114497e-01,  3.785641498054840e-02, -3.644227461783911e-02,  7.216986880335621e-01, -3.517399250919166e-02,  2.053458786136864e-01,  4.066334459758230e-01,  5.866013626092492e-01,  8.416695748166713e-01,  2.320252729244164e+00, -3.137059317562017e+00,  2.818088654770922e+00
  2.030000000000000e+00, -2.482396595464928e-02, -1.939072309586528e-01,  3.818169187074397e-02, -3.604084453204236e-02,  7.220007686352086e-01, -3.475640577243398e-02,  2.064295272766018e-01,  4.037966459873124e-01,  5.837890334961011e-01,  8.493578742179440e-01,  2.319831833253617e+00, -3.143174605720182e+00,  2.819234428955442e+00
  2.040000000000000e+00, -2.462610737187398e-02, -1.946012827195177e-01,  3.852455208063066e-02, -3.561649726368839e-02,  7.223208742285029e-01, -3.431618521619267e-02,  2.075644037167058e-01,  4.008584919507433e-01,  5.808501573851992e-01,  8.573512036371507e-01,  2.319456317595503e+00, -3.149574406854420e+00,  2.820424120577107e+00
  2.050000000000000e+00, -2.441753286299810e-02, -1.953289327784548e-01,  3.888468637040957e-02, -3.516953831427298e-02,  7.226587891940041e-01, -3.385377940252213e-02,  2.087478669793449e-01,  3.978274005587762e-01,  5.777892443924170e-01,  8.656388473212562e-01,  2.319128485673809e+00, -3.156246695845776e+00,  2.821652824034575e+00
  2.060000000000000e+00, -2.419803672694849e-02, -1.960906231918527e-01,  3.926237974807013e-02, -3.469951926497693e-02,  7.230148807246894e-01, -3.336887014178842e-02,  2.099795400621602e-01,  3.947064967215907e-01,  5.746059770258940e-01,  8.742208971491611e-01,  2.318851853593152e+00, -3.163190607641974e+00,  2.822918225098535e+00
  2.070000000000000e+00, -2.396743194668137e-02, -1.968867303051313e-01,  3.965788725295773e-02, -3.420602765625289e-02,  7.233894857195432e-01, -3.286118425167689e-02,  2.112589336476071e-01,  3.914992005489376e-01,  5.713003129048815e-01,  8.830966929583891e-01,  2.318629659194647e+00, -3.170404282392836e+00,  2.824217894545623e+00
  2.080000000000000e+00, -2.372530641454414e-02, -1.977179542464038e-01,  4.007167818341538e-02, -3.368825553035571e-02,  7.237833563825323e-01, -3.233011758000100e-02,  2.125866382450567e-01,  3.882115794934163e-01,  5.678730138696154e-01,  8.922585827546139e-01,  2.318412765458522e+00, -3.177857981934984e+00,  2.825559689565641e+00
  2.090000000000000e+00, -2.347199495123130e-02, -1.985837555520734e-01,  4.050345835145666e-02, -3.314672195013878e-02,  7.241958842742170e-01, -3.177623843448396e-02,  2.139596290684138e-01,  3.848429886915695e-01,  5.643236130284423e-01,  9.017163195565846e-01,  2.318304456279355e+00, -3.185599667654659e+00,  2.826921363190297e+00
  2.100000000000000e+00, -2.320714594281207e-02, -1.994846688048058e-01,  4.095361457010663e-02, -3.258073222031604e-02,  7.246277180165277e-01, -3.119906715998705e-02,  2.153781825156351e-01,  3.813998281768032e-01,  5.606533505541392e-01,  9.114611045138951e-01,  2.318259046901964e+00, -3.193599637781201e+00,  2.828309543727890e+00
  2.110000000000000e+00, -2.293066513006042e-02, -2.004207704806158e-01,  4.142226019504821e-02, -3.199005261937649e-02,  7.250790405307088e-01, -3.059854152340576e-02,  2.168413584934822e-01,  3.778865004414195e-01,  5.568633054350162e-01,  9.214889868828668e-01,  2.318278361321815e+00, -3.201851791329402e+00,  2.829721654674934e+00
  2.120000000000000e+00, -2.264248584130975e-02, -2.013920568992554e-01,  4.190946917699094e-02, -3.137450211455227e-02,  7.255499877812446e-01, -2.997465803670480e-02,  2.183481007919304e-01,  3.743075721913396e-01,  5.529548104218683e-01,  9.317951982582883e-01,  2.318364211398071e+00, -3.210349161153973e+00,  2.831155090876639e+00
  2.130000000000000e+00, -2.234256928648770e-02, -2.023984434552011e-01,  4.241527548340888e-02, -3.073395327252091e-02,  7.260406481747693e-01, -2.932747239276048e-02,  2.198972462298335e-01,  3.706677546996612e-01,  5.489294521101754e-01,  9.423740966870783e-01,  2.318518035225392e+00, -3.219083742418813e+00,  2.832607330638673e+00
  2.140000000000000e+00, -2.203090559620686e-02, -2.034397639364914e-01,  4.293967223938413e-02, -3.006833427911252e-02,  7.265510604539281e-01, -2.865710055717737e-02,  2.214875274978270e-01,  3.669718704071526e-01,  5.447890593521567e-01,  9.532191582425191e-01,  2.318740871887768e+00, -3.228046506507910e+00,  2.834075984484704e+00
  2.150000000000000e+00, -2.170751468859621e-02, -2.045157704628507e-01,  4.348261114770489e-02, -2.937763062916647e-02,  7.270812118674662e-01, -2.796371943112029e-02,  2.231175760899044e-01,  3.632248183785942e-01,  5.405356892567564e-01,  9.643229737600171e-01,  2.319033343408695e+00, -3.237227428620664e+00,  2.835558845727105e+00
  2.160000000000000e+00, -2.137244692173586e-02, -2.056261341011319e-01,  4.404400222885790e-02, -2.866188640942446e-02,  7.276310366964620e-01, -2.724756702366267e-02,  2.247859255668339e-01,  3.594315387379084e-01,  5.361716108904950e-01,  9.756772506871149e-01,  2.319395645126167e+00, -3.246615529161903e+00,  2.837053941277185e+00
  2.170000000000000e+00, -2.102578352863108e-02, -2.067704460848303e-01,  4.462371385597464e-02, -2.792120518107113e-02,  7.282004151518736e-01, -2.650894215796131e-02,  2.264910152154320e-01,  3.555969766095970e-01,  5.316992872979686e-01,  9.872728194388830e-01,  2.319827540830972e+00, -3.256198927201171e+00,  2.838559580526354e+00
  2.180000000000000e+00, -2.066763687341510e-02, -2.079482194949683e-01,  4.522157301690001e-02, -2.715575054169099e-02,  7.287891725839895e-01, -2.574820379998853e-02,  2.282311938737784e-01,  3.517260461281126e-01,  5.271213564552608e-01,  9.990996437793485e-01,  2.320328360040927e+00, -3.265964903203877e+00,  2.840074400200943e+00
  2.190000000000000e+00, -2.029794921748962e-02, -2.091591771522916e-01,  4.583755601452610e-02, -2.636539323151489e-02,  7.293974512730869e-01, -2.496547626236197e-02,  2.300058241448082e-01,  3.478256812027619e-01,  5.224413086458622e-01,  1.011141162028357e+00,  2.320847919232228e+00, -3.275874915304268e+00,  2.841611282036549e+00
  2.200000000000000e+00, -1.991728463918611e-02, -2.104021263005425e-01,  4.647103968745272e-02, -2.555110067200584e-02,  7.300242460753278e-01, -2.416180528141919e-02,  2.318109669594738e-01,  3.438966186933653e-01,  5.176607496156866e-01,  1.023396579597709e+00,  2.321479002037678e+00, -3.285962987365451e+00,  2.843143407224968e+00
  2.210000000000000e+00, -1.952566040864578e-02, -2.116766304372259e-01,  4.712190953371115e-02, -2.471288624062913e-02,  7.306695638982678e-01, -2.333744634176836e-02,  2.336457387165308e-01,  3.399454165857251e-01,  5.127833493629200e-01,  1.035848108131274e+00,  2.322174399962062e+00, -3.296191202709478e+00,  2.844683034118988e+00
  2.220000000000000e+00, -1.912331386126744e-02, -2.129819083061525e-01,  4.778983065353181e-02, -2.385115647056220e-02,  7.313330069575237e-01, -2.249298893281648e-02,  2.355081622667603e-01,  3.359765515176014e-01,  5.078122770222382e-01,  1.048482379472807e+00,  2.322931504042081e+00, -3.306544139959847e+00,  2.846230538233657e+00
  2.230000000000000e+00, -1.871051338748014e-02, -2.143171119697338e-01,  4.847442953321437e-02, -2.296637852049449e-02,  7.320141211551960e-01, -2.162907635432910e-02,  2.373961799868989e-01,  3.319943158625588e-01,  5.027507797131182e-01,  1.061285289208852e+00,  2.323747577463020e+00, -3.317006095945798e+00,  2.847786698033341e+00
  2.240000000000000e+00, -1.828755821882885e-02, -2.156813271038032e-01,  4.917529385722814e-02, -2.205908047339313e-02,  7.327123964422736e-01, -2.074640485805599e-02,  2.393076590645833e-01,  3.280028029084964e-01,  4.976021819886037e-01,  1.074241990308377e+00,  2.324619545543080e+00, -3.327561060680864e+00,  2.849352768856513e+00
  2.250000000000000e+00, -1.785477812832899e-02, -2.170735748389690e-01,  4.989197294571820e-02, -2.112985119921716e-02,  7.334272671987985e-01, -1.984572212836274e-02,  2.412403931474559e-01,  3.240058886605717e-01,  4.923698747286516e-01,  1.087336919879986e+00,  2.325544024265867e+00, -3.338192817127025e+00,  2.850930481617675e+00
  2.260000000000000e+00, -1.741253292500124e-02, -2.184928138921487e-01,  5.062397837918298e-02, -2.017933986066013e-02,  7.341581130118093e-01, -1.892782543698382e-02,  2.431921043475452e-01,  3.200072170422020e-01,  4.870573048652961e-01,  1.100553827970486e+00,  2.326517351811818e+00, -3.348885041928881e+00,  2.852522034920764e+00
  2.270000000000000e+00, -1.696121182511359e-02, -2.199379427229082e-01,  5.137078467713173e-02, -1.920825523241753e-02,  7.349042597164266e-01, -1.799355964869295e-02,  2.451604455534564e-01,  3.160101881875258e-01,  4.816679667831124e-01,  1.113875807813363e+00,  2.327535623548332e+00, -3.359621406002571e+00,  2.854130080133864e+00
  2.280000000000000e+00, -1.650123276474133e-02, -2.214078015025915e-01,  5.213182992411862e-02, -1.821736497048532e-02,  7.356649805940579e-01, -1.704381521855401e-02,  2.471430030310341e-01,  3.120179495891160e-01,  4.762053960776186e-01,  1.127285326732746e+00,  2.328594726718055e+00, -3.370385671883495e+00,  2.855757697814718e+00
  2.290000000000000e+00, -1.603285252788045e-02, -2.229014232491063e-01,  5.290669021997874e-02, -1.720716269093547e-02,  7.364398496426339e-01, -1.607926187256023e-02,  2.491384037951333e-01,  3.080354961894493e-01,  4.706739630554977e-01,  1.140758811530743e+00,  2.329640537760050e+00, -3.381136988252954e+00,  2.857426718738842e+00
  2.300000000000000e+00, -1.555690796859112e-02, -2.244170557914655e-01,  5.369439781410234e-02, -1.617917001601678e-02,  7.372273625130317e-01, -1.510138467241013e-02,  2.511419890554088e-01,  3.040614307149747e-01,  4.650757543339322e-01,  1.154288056116135e+00,  2.330764172268249e+00, -3.391907203188091e+00,  2.859106229493861e+00
  2.310000000000000e+00, -1.507372404040547e-02, -2.259536057489550e-01,  5.449444539051750e-02, -1.513402010848786e-02,  7.380269680293835e-01, -1.411095402707370e-02,  2.531521743936584e-01,  3.001000610789842e-01,  4.594151421199317e-01,  1.167848812394143e+00,  2.331915337975167e+00, -3.402658049972080e+00,  2.860816821261916e+00
  2.320000000000000e+00, -1.458382724335896e-02, -2.275096903980862e-01,  5.530612761688056e-02, -1.407271150563526e-02,  7.388377415841086e-01, -1.310902629061567e-02,  2.551663048114484e-01,  2.961535173699271e-01,  4.536958346570145e-01,  1.181421344252062e+00,  2.333089233765997e+00, -3.413374430570557e+00,  2.862562937156558e+00
  2.330000000000000e+00, -1.408776953759896e-02, -2.290838746870187e-01,  5.612870425551646e-02, -1.299629892364896e-02,  7.396587124040640e-01, -1.209669473182782e-02,  2.571816673984295e-01,  2.922236804236851e-01,  4.479215812653967e-01,  1.194985485067071e+00,  2.334281248254290e+00, -3.424041859353302e+00,  2.864349114150483e+00
  2.340000000000000e+00, -1.358612748180863e-02, -2.306746703315482e-01,  5.696139973626188e-02, -1.190589281496635e-02,  7.404888655483417e-01, -1.107508832897947e-02,  2.591954995388230e-01,  2.883121946589201e-01,  4.420961912307811e-01,  1.208520649092221e+00,  2.335486800698198e+00, -3.434646427294964e+00,  2.866179987341730e+00
  2.350000000000000e+00, -1.307950131997259e-02, -2.322805360578111e-01,  5.780340320818252e-02, -1.080265858053390e-02,  7.413271439057848e-01, -1.004537011849659e-02,  2.612049948250355e-01,  2.844204771945956e-01,  4.362235445891585e-01,  1.222005869407118e+00,  2.336701381193012e+00, -3.445174861500692e+00,  2.868060219734442e+00
  2.360000000000000e+00, -1.256851407318504e-02, -2.338998775396729e-01,  5.865386847682277e-02, -9.687815831241937e-03,  7.421724502385868e-01, -9.008735666509936e-03,  2.632073093928317e-01,  2.805497293288565e-01,  4.303076052981933e-01,  1.235419837230636e+00,  2.337920593115523e+00, -3.455614576345523e+00,  2.869994428808875e+00
  2.370000000000000e+00, -1.205381070021173e-02, -2.355310469284242e-01,  5.951191376127800e-02, -8.562637813408085e-03,  7.430236491558223e-01, -7.966411760219871e-03,  2.651995682023175e-01,  2.767009506742904e-01,  4.243524368233239e-01,  1.248740942646732e+00,  2.339140200449535e+00, -3.465953717360104e+00,  2.871987105413032e+00
  2.380000000000000e+00, -1.153586521253221e-02, -2.371725985112620e-01,  6.037680198825333e-02, -7.428108371551966e-03,  7.438799258594516e-01, -6.919391134779398e-03,  2.671800012657830e-01,  2.728772157615815e-01,  4.183630141532430e-01,  1.261942135884081e+00,  2.340305366826094e+00, -3.476156628652701e+00,  2.874064863519633e+00
  2.390000000000000e+00, -1.101573193050371e-02, -2.388222862972774e-01,  6.124723438598700e-02, -6.286261568099830e-03,  7.447393908399162e-01, -5.869465327136705e-03,  2.691435232761623e-01,  2.690748479008987e-01,  4.123421142536478e-01,  1.275011338836787e+00,  2.341509984693806e+00, -3.486260324341834e+00,  2.876189139542481e+00
  2.400000000000000e+00, -1.049393861739451e-02, -2.404785348020191e-01,  6.212238743459109e-02, -5.138211303303325e-03,  7.456011371117541e-01, -4.817702490459840e-03,  2.710882525078950e-01,  2.652964206704748e-01,  4.062949424556909e-01,  1.287921478416399e+00,  2.342703680642628e+00, -3.496232595966946e+00,  2.878383782616948e+00
  2.410000000000000e+00, -9.971207283855900e-03, -2.421394776121897e-01,  6.300123586137421e-02, -3.985435532088934e-03,  7.464639013776293e-01, -3.765439498834434e-03,  2.730112722966231e-01,  2.615423206491979e-01,  4.002261491177359e-01,  1.300650153910548e+00,  2.343883082776505e+00, -3.506064701780517e+00,  2.880652000136133e+00
  2.420000000000000e+00, -9.448276138905667e-03, -2.438031943424360e-01,  6.388271919459182e-02, -2.829459754060303e-03,  7.473263952031673e-01, -2.714036235462836e-03,  2.749096757869188e-01,  2.578128329758922e-01,  3.941405711073506e-01,  1.313174907232652e+00,  2.345045318364048e+00, -3.515748807628253e+00,  2.882996376558351e+00
  2.430000000000000e+00, -8.925897883831658e-03, -2.454677103557584e-01,  6.476574206140297e-02, -1.671854872148358e-03,  7.481873087968069e-01, -1.664873642036677e-03,  2.767805800434698e-01,  2.541081742920119e-01,  3.880432590597539e-01,  1.325473252108484e+00,  2.346187855739511e+00, -3.525277890996409e+00,  2.885418870376707e+00
  2.440000000000000e+00, -8.404838160751705e-03, -2.471309970432354e-01,  6.564917467602388e-02, -5.142350963539595e-04,  7.490453144252095e-01, -6.193517678768547e-04,  2.786211376691662e-01,  2.504285214181057e-01,  3.819394983031628e-01,  1.337522724550704e+00,  2.347308517588616e+00, -3.534645723289604e+00,  2.887920733891649e+00
  2.450000000000000e+00, -7.885873929919107e-03, -2.487909723101644e-01,  6.653185347200700e-02,  6.417443559230210e-04,  7.498990699423014e-01,  4.211122488582708e-04,  2.804285489538573e-01,  2.467740404543371e-01,  3.758348292208740e-01,  1.349300934609638e+00,  2.348405493116709e+00, -3.543846846932769e+00,  2.890502434711677e+00
  2.460000000000000e+00, -7.369791764718146e-03, -2.504455015896255e-01,  6.741258201833418e-02,  1.794389877062538e-03,  7.507472224296073e-01,  1.455086393691657e-03,  2.822000738680973e-01,  2.431449157868404e-01,  3.697350649452518e-01,  1.360785618592319e+00,  2.349477343245210e+00, -3.552876543361819e+00,  2.893163586231858e+00
  2.470000000000000e+00, -6.857386056552259e-03, -2.520923995375123e-01,  6.829013228692105e-02,  2.941972434027267e-03,  7.515884119219760e-01,  2.481126223930007e-03,  2.839330434804201e-01,  2.395413785404691e-01,  3.636463052123758e-01,  1.371954691381289e+00,  2.350522996039567e+00, -3.561730790107201e+00,  2.895902891751590e+00
  2.480000000000000e+00, -6.349249492893186e-03, -2.537297320979942e-01,  6.916345423637921e-02,  4.083111972265690e-03,  7.524216574965997e-01,  3.498063836416783e-03,  2.856260622416127e-01,  2.359662630005112e-01,  3.575756500403764e-01,  1.382781390640993e+00,  2.351489467386590e+00, -3.570381391242360e+00,  2.898744530534358e+00
  2.490000000000000e+00, -5.846589256703469e-03, -2.553546409179744e-01,  7.003085966366639e-02,  5.215280680422266e-03,  7.532448545014628e-01,  4.503882749180490e-03,  2.872743218417235e-01,  2.324150792905624e-01,  3.515284181215668e-01,  1.393253729498041e+00,  2.352478015888381e+00, -3.578873829734116e+00,  2.901634189186860e+00
  2.500000000000000e+00, -5.350018355176631e-03, -2.569650803325217e-01,  7.089122854932076e-02,  6.337017856929370e-03,  7.540570012505898e-01,  5.497383955143213e-03,  2.888765437234243e-01,  2.288907242432663e-01,  3.455122975028331e-01,  1.403345812007147e+00,  2.353439369983147e+00, -3.587182446002421e+00,  2.904592202183563e+00
  2.510000000000000e+00, -4.860344839665473e-03, -2.585586855503804e-01,  7.174322267461058e-02,  7.446485012555926e-03,  7.548567451059796e-01,  6.477098164886852e-03,  2.904304424044019e-01,  2.253938957557295e-01,  3.395346216499556e-01,  1.413036770505280e+00,  2.354373610125398e+00, -3.595305344699510e+00,  2.907613353486406e+00
  2.520000000000000e+00, -4.378376357934533e-03, -2.601330542475255e-01,  7.258548090885016e-02,  8.541824193310042e-03,  7.556427426742831e-01,  7.441555623071259e-03,  2.919338447413907e-01,  2.219254722192942e-01,  3.336030365803542e-01,  1.422306187997578e+00,  2.355281195965360e+00, -3.603241064316782e+00,  2.910691320576684e+00
  2.530000000000000e+00, -3.904917788769664e-03, -2.616857515385553e-01,  7.341662235602252e-02,  9.621163037446418e-03,  7.564136641470180e-01,  8.389289653327818e-03,  2.933846998343107e-01,  2.184865475320014e-01,  3.277254993250173e-01,  1.431134136889376e+00,  2.356162767061593e+00, -3.610988424809128e+00,  2.913818759292241e+00
  2.540000000000000e+00, -3.440769160350220e-03, -2.632143156752224e-01,  7.423524974443164e-02,  1.068261967237479e-02,  7.571681969463252e-01,  9.318840101333931e-03,  2.947810846989815e-01,  2.150784594742704e-01,  3.219102669353640e-01,  1.439501233629510e+00,  2.357019078137813e+00, -3.618546441958225e+00,  2.916987328471908e+00
  2.550000000000000e+00, -2.986723489336923e-03, -2.647162647128372e-01,  7.503995331173909e-02,  1.172430804821448e-02,  7.579050493654295e-01,  1.022875707029443e-02,  2.961212085359027e-01,  2.117028163338517e-01,  3.161658792522531e-01,  1.447388694992357e+00,  2.357850926953148e+00, -3.625914240662906e+00,  2.920187727540166e+00
  2.560000000000000e+00, -2.543564570413407e-03, -2.661891040711402e-01,  7.582931514668720e-02,  1.274434365399202e-02,  7.586229541527579e-01,  1.111760489822322e-02,  2.974034157126453e-01,  2.083615198549103e-01,  3.105011353083519e-01,  1.454778395665769e+00,  2.358659077410032e+00, -3.633090967662527e+00,  2.923409748334937e+00
  2.570000000000000e+00, -2.112064751968749e-03, -2.676303349022222e-01,  7.660191393837464e-02,  1.374084954036430e-02,  7.593206719728207e-01,  1.198396631453882e-02,  2.986261874335456e-01,  2.050567827127013e-01,  3.049250632430963e-01,  1.461652927104164e+00,  2.359444190477606e+00, -3.640075706091168e+00,  2.926642335483103e+00
  2.580000000000000e+00, -1.692982745892191e-03, -2.690374631352448e-01,  7.735633005967646e-02,  1.471196254192416e-02,  7.599969946583681e-01,  1.282644669033046e-02,  2.997881418452325e-01,  2.017911398131693e-01,  2.994468839390086e-01,  1.467995657443384e+00,  2.360206776062656e+00, -3.646867394060137e+00,  2.929873647531018e+00
  2.590000000000000e+00, -1.287061497214199e-03, -2.704080089653895e-01,  7.809115087797844e-02,  1.565583960434142e-02,  7.606507482303638e-01,  1.364367828544209e-02,  3.008880328124718e-01,  1.985674536255146e-01,  2.940759697249534e-01,  1.473790791388606e+00,  2.360947162758802e+00, -3.653464747556519e+00,  2.933091120249612e+00
  2.600000000000000e+00, -8.950261053834464e-04, -2.717395166295896e-01,  7.880497622915289e-02,  1.657066418290105e-02,  7.612807957182607e-01,  1.443432444927385e-02,  3.019247477254943e-01,  1.953889139301294e-01,  2.888217993618227e-01,  1.479023428745192e+00,  2.361665473287491e+00, -3.659866186184941e+00,  2.936281539918970e+00
  2.610000000000000e+00, -5.175818168192774e-04, -2.730295644958068e-01,  7.949642405331700e-02,  1.745465268197369e-02,  7.618860397390594e-01,  1.519708377498151e-02,  3.028973036566324e-01,  1.922590332158008e-01,  2.836939090846502e-01,  1.483679620329551e+00,  2.362361594212074e+00, -3.666069756656388e+00,  2.939431134059751e+00
  2.620000000000000e+00, -1.554121859285063e-04, -2.742757754360963e-01,  8.016413613366132e-02,  1.830606077490432e-02,  7.624654246479667e-01,  1.593069412481321e-02,  3.038048403447025e-01,  1.891816396607627e-01,  2.787018391235080e-01,  1.487746420552011e+00,  2.363035137525898e+00, -3.672073051385200e+00,  2.942525680698347e+00
  2.630000000000000e+00,  1.908224984547629e-04, -2.754758273359742e-01,  8.080678382933838e-02,  1.912318940884254e-02,  7.630179380849297e-01,  1.663393640429234e-02,  3.046466090643741e-01,  1.861608683184628e-01,  2.738550757322764e-01,  1.491211936959904e+00,  2.363685405610189e+00, -3.677873127912000e+00,  2.945550629714697e+00
  2.640000000000000e+00,  5.204865507261103e-04, -2.766274637227795e-01,  8.142307380050418e-02,  1.990439052602321e-02,  7.635426119845327e-01,  1.730563811837380e-02,  3.054219578771603e-01,  1.832011492897387e-01,  2.691629890322316e-01,  1.494065377003604e+00,  2.364311369815082e+00, -3.683466435626584e+00,  2.948491231997696e+00
  2.650000000000000e+00,  8.329701365545342e-04, -2.777285046489495e-01,  8.201175383664673e-02,  2.064807274563908e-02,  7.640385233312186e-01,  1.794467689139089e-02,  3.061303146712197e-01,  1.803071917940438e-01,  2.646347672458154e-01,  1.496297092366685e+00,  2.364911662315562e+00, -3.688848753076752e+00,  2.951332675710569e+00
  2.660000000000000e+00,  1.127690608341132e-03, -2.787768579834728e-01,  8.257161892040947e-02,  2.135270730220574e-02,  7.645047950008561e-01,  1.854998416171942e-02,  3.067711694898858e-01,  1.774839647636867e-01,  2.602793483801669e-01,  1.497898621529456e+00,  2.365484573620590e+00, -3.694015137390529e+00,  2.954060229013237e+00
  2.670000000000000e+00,  1.404094072108598e-03, -2.797705312051071e-01,  8.310151762095197e-02,  2.201683447426845e-02,  7.649405969721761e-01,  1.912054921306116e-02,  3.073440573846484e-01,  1.747366752129062e-01,  2.561053505556621e-01,  1.498862730570560e+00,  2.366028046888488e+00, -3.698959884483624e+00,  2.956659389526258e+00
  2.680000000000000e+00,  1.661657222666632e-03, -2.807076436067485e-01,  8.360035878818046e-02,  2.263907052829793e-02,  7.653451479986569e-01,  1.965542355109998e-02,  3.078485424691081e-01,  1.720707444468401e-01,  2.521210020351621e-01,  1.499183452298936e+00,  2.366539671716628e+00, -3.703676499754267e+00,  2.959116036014743e+00
  2.690000000000000e+00,  1.899889406210364e-03, -2.815864387050777e-01,  8.406711843662520e-02,  2.321811505426992e-02,  7.657177176904404e-01,  2.015372553188166e-02,  3.082842033985397e-01,  1.694917811811119e-01,  2.483340717694509e-01,  1.498856124463546e+00,  2.367016690285308e+00, -3.708157682430311e+00,  2.961416572260593e+00
  2.700000000000000e+00,  2.118334876493699e-03, -2.824052966852000e-01,  8.450084672417697e-02,  2.375275858888798e-02,  7.660576289682802e-01,  2.061464516966714e-02,  3.086506204281896e-01,  1.670055511967966e-01,  2.447518012086464e-01,  1.497877426694225e+00,  2.367456021245281e+00, -3.712395326236624e+00,  2.963548057427576e+00
  2.710000000000000e+00,  2.316575190273702e-03, -2.831627465860792e-01,  8.490067486915964e-02,  2.424189035653568e-02,  7.663642608240303e-01,  2.103744899337902e-02,  3.089473641951038e-01,  1.646179445856681e-01,  2.413808389739860e-01,  1.496245414245253e+00,  2.367854292619374e+00, -3.716380536012491e+00,  2.965498325048319e+00
  2.720000000000000e+00,  2.494231661662004e-03, -2.838574778472663e-01,  8.526582180155828e-02,  2.468450589788714e-02,  7.666370512828353e-01,  2.142148477330265e-02,  3.091739862407393e-01,  1.623349428428565e-01,  2.382271804856907e-01,  1.493959546566716e+00,  2.368207868320441e+00, -3.720103654897772e+00,  2.967256096694141e+00
  2.730000000000000e+00,  2.650967865585285e-03, -2.844883511100904e-01,  8.559560048697147e-02,  2.507971452998013e-02,  7.668755005715379e-01,  2.176618609267306e-02,  3.093300112801156e-01,  1.601625886426886e-01,  2.352961136531821e-01,  1.491020709605533e+00,  2.368512855519803e+00, -3.723554293422600e+00,  2.968811094609210e+00
  2.740000000000000e+00,  2.786492250543802e-03, -2.850544083883680e-01,  8.588942398429465e-02,  2.542674674117456e-02,  7.670791746092215e-01,  2.207107687105725e-02,  3.094149314736110e-01,  1.581069606360651e-01,  2.325921708993800e-01,  1.487431231690712e+00,  2.368765088052027e+00, -3.726721357626716e+00,  2.970154151936649e+00
  2.750000000000000e+00,  2.900560855169541e-03, -2.855548826135437e-01,  8.614681122493663e-02,  2.572496150157532e-02,  7.672477088201722e-01,  2.233577585596042e-02,  3.094282026923850e-01,  1.561741543420171e-01,  2.301190876252819e-01,  1.483194893584466e+00,  2.368960087706999e+00, -3.729593080633697e+00,  2.971277316686937e+00
  2.760000000000000e+00,  2.992980008781186e-03, -2.859892063932584e-01,  8.636739238278156e-02,  2.597385325176902e-02,  7.673808120585023e-01,  2.256000094731727e-02,  3.093692420265096e-01,  1.543702688953018e-01,  2.278797668640822e-01,  1.478316933490396e+00,  2.369093009784406e+00, -3.732157061839736e+00,  2.972173946609722e+00
  2.770000000000000e+00,  3.063608944358059e-03, -2.863570199705636e-01,  8.655091378717786e-02,  2.617305844462572e-02,  7.674782705127825e-01,  2.274357331009082e-02,  3.092374261030311e-01,  1.527013976002161e-01,  2.258762491140666e-01,  1.472804048256905e+00,  2.369158588431902e+00, -3.734400316924502e+00,  2.972838790407737e+00
  2.780000000000000e+00,  3.112362410907442e-03, -2.866581786920983e-01,  8.669724253501380e-02,  2.632236183840437e-02,  7.675399517367076e-01,  2.288642146862278e-02,  3.090320908677171e-01,  1.511736186534063e-01,  2.241096856508600e-01,  1.466664392919751e+00,  2.369151105418674e+00, -3.736309344290262e+00,  2.973268047791092e+00
  2.790000000000000e+00,  3.139213352665652e-03, -2.868927601487950e-01,  8.680637089070251e-02,  2.642170267400379e-02,  7.675658089274320e-01,  2.298858550804577e-02,  3.087525335986713e-01,  1.497929831407933e-01,  2.225803145059879e-01,  1.459907580437543e+00,  2.369064393140339e+00, -3.737870212502148e+00,  2.973459404137822e+00
  2.800000000000000e+00,  3.144195576085054e-03, -2.870610707491462e-01,  8.687842033269215e-02,  2.647118054868692e-02,  7.675558853293090e-01,  2.305022124982921e-02,  3.083980171502780e-01,  1.485654998428961e-01,  2.212874398369546e-01,  1.452544682016791e+00,  2.368891861278033e+00, -3.739068667634227e+00,  2.973412041051626e+00
  2.810000000000000e+00,  3.127406293428473e-03, -2.871636514375924e-01,  8.691364507204731e-02,  2.647106073567275e-02,  7.675103185786908e-01,  2.307160422306625e-02,  3.079677760563171e-01,  1.474971175435854e-01,  2.202294155568354e-01,  1.444588227400685e+00,  2.368626539387506e+00, -3.739890257198201e+00,  2.973126623433957e+00
  2.820000000000000e+00,  3.089008434460406e-03, -2.872012822203441e-01,  8.691243485086389e-02,  2.642177869572477e-02,  7.674293448179729e-01,  2.305313323746587e-02,  3.074610243692641e-01,  1.465937054192826e-01,  2.194036344638849e-01,  1.436052203686142e+00,  2.368261138404716e+00, -3.740320469078604e+00,  2.972605263317247e+00
  2.830000000000000e+00,  3.029232550161911e-03, -2.871749848820451e-01,  8.687531668448545e-02,  2.632394335284821e-02,  7.673133023003432e-01,  2.299533320828323e-02,  3.068769651042901e-01,  1.458610327432335e-01,  2.188065253584986e-01,  1.426952050262525e+00,  2.367788127759078e+00, -3.740344883532082e+00,  2.971851462102726e+00
  2.840000000000000e+00,  2.948378118955325e-03, -2.870860232822370e-01,  8.680295521096611e-02,  2.617833869314137e-02,  7.671626341793565e-01,  2.289885687142204e-02,  3.062148008553987e-01,  1.453047504422293e-01,  2.184335606628809e-01,  1.417304646859938e+00,  2.367199815090405e+00, -3.739949333619682e+00,  2.970870031939609e+00
  2.850000000000000e+00,  2.846814188472881e-03, -2.869359010423417e-01,  8.669615154319016e-02,  2.598592354016510e-02,  7.669778903675467e-01,  2.276448526465040e-02,  3.054737452585948e-01,  1.449303773412713e-01,  2.182792755542336e-01,  1.407128291942113e+00,  2.366488415151378e+00, -3.739120067015078e+00,  2.969667001850191e+00
  2.860000000000000e+00,  2.724979410354223e-03, -2.867263568486952e-01,  8.655584074955454e-02,  2.574782965973566e-02,  7.667597285463222e-01,  2.259312708964865e-02,  3.046530353880030e-01,  1.447432918433991e-01,  2.183372978255880e-01,  1.396442669992831e+00,  2.365646103993737e+00, -3.737843903478396e+00,  2.968249519237485e+00
  2.870000000000000e+00,  2.583381573976484e-03, -2.864593577168372e-01,  8.638308816281687e-02,  2.546535845180958e-02,  7.665089144870221e-01,  2.238581714381885e-02,  3.037519456502316e-01,  1.447487268556228e-01,  2.186003869216119e-01,  1.385268807780570e+00,  2.364665060767555e+00, -3.736108385551817e+00,  2.966625750816624e+00
  2.880000000000000e+00,  2.422596738760166e-03, -2.861370904875857e-01,  8.617908468586066e-02,  2.513997646534145e-02,  7.662263218399809e-01,  2.214371397770479e-02,  3.027698040800931e-01,  1.449517640282122e-01,  2.190604807829079e-01,  1.373629020712866e+00,  2.363537498223181e+00, -3.733901921535379e+00,  2.964804778157989e+00
  2.890000000000000e+00,  2.243268015209121e-03, -2.857619517054018e-01,  8.594514119340121e-02,  2.477330986665619e-02,  7.659129314603068e-01,  2.186809684797201e-02,  3.017060118415760e-01,  1.453573218750895e-01,  2.197087491759487e-01,  1.361546850817365e+00,  2.362255692078948e+00, -3.731213924454932e+00,  2.962796481321509e+00
  2.900000000000000e+00,  2.046103966490731e-03, -2.853365358736737e-01,  8.568268203167949e-02,  2.436713783769696e-02,  7.655698302015327e-01,  2.156036191634244e-02,  3.005600662755872e-01,  1.459701322899614e-01,  2.205356524157384e-01,  1.349046997472017e+00,  2.360812027561507e+00, -3.728034954497205e+00,  2.960611408896178e+00
  2.910000000000000e+00,  1.831876535092300e-03, -2.848636219976217e-01,  8.539323755548033e-02,  2.392338475776351e-02,  7.651982089816627e-01,  2.122201755713783e-02,  2.993315869646331e-01,  1.467947027136353e-01,  2.215310046709621e-01,  1.336155241188858e+00,  2.359199070818927e+00, -3.724356867276888e+00,  2.958260638862884e+00
  2.920000000000000e+00,  1.601418454710903e-03, -2.843461584763526e-01,  8.507843573034157e-02,  2.344411114865689e-02,  7.647993600201818e-01,  2.085467873140058e-02,  2.980203442132511e-01,  1.478352638029435e-01,  2.226840410615808e-01,  1.322898360180774e+00,  2.357409660173329e+00, -3.720172965415707e+00,  2.955755632635229e+00
  2.930000000000000e+00,  1.355620287466125e-03, -2.837872466932087e-01,  8.473999302605686e-02,  2.293150370828366e-02,  7.643746734681607e-01,  2.046006062995159e-02,  2.966262904905814e-01,  1.490957038043390e-01,  2.239834879984220e-01,  1.309304039523578e+00,  2.355437012344734e+00, -3.715478152456036e+00,  2.953108078143345e+00
  2.940000000000000e+00,  1.095427207720969e-03, -2.831901236762269e-01,  8.437970482835699e-02,  2.238786473579738e-02,  7.639256336153817e-01,  2.003997178156794e-02,  2.951495949101060e-01,  1.505794921453864e-01,  2.254176360741146e-01,  1.295400773369146e+00,  2.353274844726814e+00, -3.710269089315735e+00,  2.950329719292670e+00
  2.950000000000000e+00,  8.218354241025965e-04, -2.825581437979259e-01,  8.399943532811081e-02,  2.181560080069594e-02,  7.634538144481803e-01,  1.959630649536896e-02,  2.935906791185771e-01,  1.522895955307277e-01,  2.269744151493114e-01,  1.281217760144457e+00,  2.350917513129615e+00, -3.704544351526986e+00,  2.947432175340480e+00
  2.960000000000000e+00,  5.358880909735269e-04, -2.818947592023351e-01,  8.360110671352074e-02,  2.121721037770825e-02,  7.629608742845346e-01,  1.913103637532398e-02,  2.919502533345033e-01,  1.542283896152067e-01,  2.286414727146726e-01,  1.266784788921594e+00,  2.348360157910318e+00, -3.698304583646612e+00,  2.944426757073429e+00
  2.970000000000000e+00,  2.386706663427372e-04, -2.812034987326751e-01,  8.318668757258522e-02,  2.059527035367655e-02,  7.624485494156341e-01,  1.864620076125704e-02,  2.902293523845270e-01,  1.563975681448106e-01,  2.304062570097994e-01,  1.252132114759735e+00,  2.345598855981622e+00, -3.691552650014780e+00,  2.941324286507700e+00
  2.980000000000000e+00, -6.893844887081919e-05, -2.804874650086591e-01,  8.275787656551295e-02,  1.995193255053270e-02,  7.619182155612065e-01,  1.814352710248876e-02,  2.884281203169856e-01,  1.587958192873960e-01,  2.322563529435509e-01,  1.237294137861644e+00,  2.342674172513465e+00, -3.684315000889481e+00,  2.938109560642510e+00
  2.990000000000000e+00, -3.852898416506747e-04, -2.797512414447886e-01,  8.231731249344777e-02,  1.929087720597674e-02,  7.613726172567165e-01,  1.762590378055087e-02,  2.865508968766756e-01,  1.614277559573953e-01,  2.341786122718681e-01,  1.222293836693051e+00,  2.339495829099393e+00, -3.676556034931256e+00,  2.934844000256324e+00
  3.000000000000000e+00, -7.094558619273324e-04, -2.789979570632028e-01,  8.186671525055120e-02,  1.861432244569323e-02,  7.608132320704620e-01,  1.709512759233141e-02,  2.845985968949551e-01,  1.642901485686809e-01,  2.361606457486503e-01,  1.207165959042443e+00,  2.336108949310534e+00, -3.668308250928401e+00,  2.931509340305339e+00
  3.010000000000000e+00, -1.040242529418870e-03, -2.782312023054165e-01,  8.140810465492368e-02,  1.792499625793049e-02,  7.602420185327887e-01,  1.655338645264298e-02,  2.825738753349974e-01,  1.673810331879942e-01,  2.381900340892399e-01,  1.191941166216292e+00,  2.332515233891348e+00, -3.659584939151868e+00,  2.928112795255216e+00
  3.020000000000000e+00, -1.376443802974622e-03, -2.774545245446065e-01,  8.094348158576023e-02,  1.722562545072260e-02,  7.596609677468813e-01,  1.600287490066814e-02,  2.804798619722033e-01,  1.706973484026618e-01,  2.402546190269855e-01,  1.176649807237221e+00,  2.328717884311315e+00, -3.650402158548773e+00,  2.924660576833195e+00
  3.030000000000000e+00, -1.716850270911033e-03, -2.766714011983793e-01,  8.047481296560147e-02,  1.651891554181212e-02,  7.590720891114312e-01,  1.544577801713882e-02,  2.783201651015951e-01,  1.742348754056210e-01,  2.423425932921691e-01,  1.161321786987304e+00,  2.324721845189007e+00, -3.640778879204982e+00,  2.921157756973212e+00
  3.040000000000000e+00, -2.060256911726820e-03, -2.758852172461957e-01,  8.000401910420424e-02,  1.580753333903161e-02,  7.584773973046197e-01,  1.488425739075350e-02,  2.760988680958001e-01,  1.779882058714277e-01,  2.444425757665931e-01,  1.145986443608593e+00,  2.320533881515225e+00, -3.630737029329882e+00,  2.917608255020764e+00
  3.050000000000000e+00, -2.405471116766816e-03, -2.750992442498661e-01,  7.953296168693055e-02,  1.509408968780418e-02,  7.578788984993836e-01,  1.432043714125280e-02,  2.738205145963369e-01,  1.819507220813294e-01,  2.465436759081800e-01,  1.130672450213992e+00,  2.316162655091119e+00, -3.620301512001298e+00,  2.914014874083686e+00
  3.060000000000000e+00, -2.751320500849364e-03, -2.743166218927823e-01,  7.906343302087714e-02,  1.438112334253821e-02,  7.572785766491866e-01,  1.375639075617375e-02,  2.714900847022662e-01,  1.861145884836552e-01,  2.486355453596648e-01,  1.115407742159698e+00,  2.311618774308476e+00, -3.609500164432483e+00,  2.910379398968109e+00
  3.070000000000000e+00, -3.096660086975128e-03, -2.735403429458950e-01,  7.859714707535924e-02,  1.367108679195351e-02,  7.566783805789397e-01,  1.319412942298068e-02,  2.691129637932839e-01,  1.904707575163073e-01,  2.507084152257755e-01,  1.100219471086714e+00,  2.306914804130622e+00, -3.598363650898242e+00,  2.906702740352093e+00
  3.080000000000000e+00, -3.440378772472002e-03, -2.727732416038727e-01,  7.813573231529605e-02,  1.296633414166720e-02,  7.560802120865588e-01,  1.263559194111032e-02,  2.666949047693221e-01,  1.950089927237388e-01,  2.527531205309222e-01,  1.085133982644426e+00,  2.302065230928399e+00, -3.586925298049965e+00,  2.902985106722343e+00
  3.090000000000000e+00, -3.781663455010006e-03, -2.720174510340561e-01,  7.768039727845687e-02,  1.226859215425885e-02,  7.554854604464862e-01,  1.208223019709722e-02,  2.642406955760540e-01,  1.997158786686181e-01,  2.547615939161561e-01,  1.070180889216207e+00,  2.297128498222202e+00, -3.575242083364086e+00,  2.899204709814883e+00
  3.100000000000000e+00, -4.118958727971614e-03, -2.712765518578560e-01,  7.723325525542980e-02,  1.158104998138216e-02,  7.548968326355424e-01,  1.153664185398261e-02,  2.617593361176943e-01,  2.045831393804872e-01,  2.567249696117058e-01,  1.055376529466971e+00,  2.292035711763535e+00, -3.563308300311173e+00,  2.895405662940782e+00
  3.110000000000000e+00, -4.451558329830212e-03, -2.705523022354346e-01,  7.679530563394996e-02,  1.090516757685955e-02,  7.543155507892260e-01,  1.100007717500709e-02,  2.592560472806865e-01,  2.095951202225507e-01,  2.586364290615242e-01,  1.040749124373854e+00,  2.286851060522914e+00, -3.551186254365443e+00,  2.891564193089442e+00
  3.120000000000000e+00, -4.778544595474036e-03, -2.698468172873317e-01,  7.636778062670410e-02,  1.024280456169710e-02,  7.537432190571139e-01,  1.047409822021817e-02,  2.567375624222110e-01,  2.147373635644368e-01,  2.604893510510092e-01,  1.026321828000205e+00,  2.281595661519471e+00, -3.538917573847256e+00,  2.887679793278114e+00
  3.130000000000000e+00, -5.099056980795907e-03, -2.691620257714781e-01,  7.595180849267084e-02,  9.595684276952581e-03,  7.531813495497781e-01,  9.960160462386828e-03,  2.542107383647197e-01,  2.199945713355684e-01,  2.622777510235068e-01,  1.012116982795898e+00,  2.276291422380964e+00, -3.526545009499124e+00,  2.883752588373284e+00
  3.140000000000000e+00, -5.412298140002826e-03, -2.684996602572089e-01,  7.554840759141396e-02,  8.965383201957685e-03,  7.526313509984022e-01,  9.459602996926688e-03,  2.516824932028285e-01,  2.253506806699987e-01,  2.639962970271313e-01,  9.981561334584356e-01,  2.270961008707628e+00, -3.514112190401050e+00,  2.879783449006619e+00
  3.150000000000000e+00, -5.717537116240487e-03, -2.678612536512675e-01,  7.515848427366761e-02,  8.353326279094070e-03,  7.520945224736733e-01,  8.973643396214365e-03,  2.491597547814973e-01,  2.307889623348321e-01,  2.656403156511836e-01,  9.844600091358421e-01,  2.265627513172465e+00, -3.501663231550113e+00,  2.875774216606831e+00
  3.160000000000000e+00, -6.014412710735078e-03, -2.672475096904254e-01,  7.478244846834443e-02,  7.760181414697852e-03,  7.515715188765641e-01,  8.502894366174888e-03,  2.466478828550229e-01,  2.362899767459323e-01,  2.672064100755838e-01,  9.710535196892350e-01,  2.260362048231541e+00, -3.489266979642235e+00,  2.871706633026302e+00
  3.170000000000000e+00, -6.301716448238823e-03, -2.666608375378796e-01,  7.442176310571917e-02,  7.188295944426224e-03,  7.510644927441661e-01,  8.049299533928769e-03,  2.441568204728901e-01,  2.418404303579310e-01,  2.686900162631583e-01,  9.579453014674412e-01,  2.255088431965535e+00, -3.476916333035509e+00,  2.867629436598244e+00
  3.180000000000000e+00, -6.579243818290206e-03, -2.661015111676951e-01,  7.407659443850007e-02,  6.637995710150076e-03,  7.505738341877789e-01,  7.613192046047231e-03,  2.416916270543455e-01,  2.474199492288467e-01,  2.700890545198045e-01,  9.451587281830527e-01,  2.249879995263925e+00, -3.464680524678206e+00,  2.863525246767821e+00
  3.190000000000000e+00, -6.846555933315547e-03, -2.655702320872983e-01,  7.374738252569782e-02,  6.110061162391538e-03,  7.501003518991206e-01,  7.195257399222964e-03,  2.392587666929921e-01,  2.530101854575535e-01,  2.714015594466071e-01,  9.327109091313768e-01,  2.244758843342170e+00, -3.452601709425488e+00,  2.859401019964983e+00
  3.200000000000000e+00, -7.103283703543625e-03, -2.650675078117422e-01,  7.343445928856684e-02,  5.605121924469487e-03,  7.496447363574974e-01,  6.796052992918983e-03,  2.368645003746769e-01,  2.585927125213051e-01,  2.726262192558037e-01,  9.206178475989760e-01,  2.239745493712169e+00, -3.440720201951328e+00,  2.855265373416583e+00
  3.210000000000000e+00, -7.349132478197277e-03, -2.645936422867309e-01,  7.313804312296358e-02,  5.123648266355447e-03,  7.492075515190251e-01,  6.415999832937758e-03,  2.345148268575278e-01,  2.641491208881381e-01,  2.737623948189092e-01,  9.088944155679658e-01,  2.234859143655735e+00, -3.429074345941292e+00,  2.851128287773403e+00
  3.220000000000000e+00, -7.583881395072108e-03, -2.641487392424990e-01,  7.285824096447362e-02,  4.665953540093277e-03,  7.487892356382226e-01,  6.055383418913644e-03,  2.322154452373878e-01,  2.696611444363640e-01,  2.748101120226910e-01,  8.975542854647129e-01,  2.230117472974519e+00, -3.417700168394750e+00,  2.847000976356568e+00
  3.230000000000000e+00, -7.807381926259257e-03, -2.637327075822116e-01,  7.259505145990111e-02,  4.232198216298437e-03,  7.483901034927504e-01,  5.714356142115585e-03,  2.299717212828704e-01,  2.751107885033500e-01,  2.757700478891454e-01,  8.866098649947523e-01,  2.225536474933741e+00, -3.406631073492890e+00,  2.842895712548693e+00
  3.240000000000000e+00, -8.019593505937225e-03, -2.633451971284715e-01,  7.234832419529978e-02,  3.822321777214463e-03,  7.480102824796314e-01,  5.392882916187800e-03,  2.277884377236592e-01,  2.804802101783286e-01,  2.766435364411182e-01,  8.760730638914330e-01,  2.221137315787255e+00, -3.395901211327349e+00,  2.838823046242301e+00
  3.250000000000000e+00, -8.220426147441059e-03, -2.629859000320465e-01,  7.211794857532113e-02,  3.436350352327363e-03,  7.476499927373231e-01,  5.090984006621536e-03,  2.256706683582205e-01,  2.857528521657078e-01,  2.774324363087790e-01,  8.659518746636921e-01,  2.216917706996586e+00, -3.385530475588522e+00,  2.834802140011875e+00
  3.260000000000000e+00, -8.410239636098892e-03, -2.626535642454682e-01,  7.190324366403003e-02,  3.073415824542453e-03,  7.473086618656931e-01,  4.807951301873519e-03,  2.236209682971770e-01,  2.909102524738080e-01,  2.781397623235929e-01,  8.562605443709135e-01,  2.212938775692554e+00, -3.375569485094032e+00,  2.830829281159516e+00
  3.270000000000000e+00, -8.588593719908760e-03, -2.623485476835188e-01,  7.170452007469449e-02,  2.734231786445213e-03,  7.469871321915260e-01,  4.544339520756816e-03,  2.216460621826652e-01,  2.959404058674139e-01,  2.787675202356575e-01,  8.469953450576698e-01,  2.209118702375960e+00, -3.365992289789903e+00,  2.826950193361037e+00
  3.280000000000000e+00, -8.755678913836046e-03, -2.620698895727968e-01,  7.152128994578830e-02,  2.418257851098404e-03,  7.466851344663904e-01,  4.299685106022191e-03,  2.197491703495514e-01,  3.008282738630008e-01,  2.793192061175454e-01,  8.381621492262201e-01,  2.205468814755884e+00, -3.356819179675943e+00,  2.823176103475467e+00
  3.290000000000000e+00, -8.912237704214889e-03, -2.618154622261097e-01,  7.135236300609432e-02,  2.123855699672046e-03,  7.464014278712593e-01,  4.072625421504735e-03,  2.179303808366304e-01,  3.055566188168893e-01,  2.797997348504260e-01,  8.297749703185106e-01,  2.202079324894869e+00, -3.348108830613931e+00,  2.819492099659458e+00
  3.300000000000000e+00, -9.058256983497017e-03, -2.615846748899438e-01,  7.119749153617458e-02,  1.850883891070150e-03,  7.461361061314071e-01,  3.862997321873547e-03,  2.161936354807610e-01,  3.101144451634661e-01,  2.802129481085369e-01,  8.218308364908016e-01,  2.198907872022252e+00, -3.339848921323095e+00,  2.815926356568513e+00
  3.310000000000000e+00, -9.194471255607992e-03, -2.613753728227552e-01,  7.105548229563101e-02,  1.597716608425190e-03,  7.458879456811743e-01,  3.669427002732782e-03,  2.145386750478695e-01,  3.144871770935538e-01,  2.805643827188476e-01,  8.143391056436003e-01,  2.196025390999302e+00, -3.332083531420298e+00,  2.812469702939060e+00
  3.320000000000000e+00, -9.320285824580526e-03, -2.611881892326409e-01,  7.092683056487065e-02,  1.365375339316344e-03,  7.456580622327210e-01,  3.492687442465125e-03,  2.129719514781566e-01,  3.186705920343140e-01,  2.808570138308020e-01,  8.072812605175557e-01,  2.193282947930339e+00, -3.324740870626816e+00,  2.809178780785917e+00
  3.330000000000000e+00, -9.436500997336757e-03, -2.610208525398264e-01,  7.081027154524280e-02,  1.152113826013318e-03,  7.454451133425682e-01,  3.331299816021269e-03,  2.114922737861535e-01,  3.226524657872209e-01,  2.810966879894291e-01,  8.006642513134361e-01,  2.190752116886488e+00, -3.317861300746693e+00,  2.806040469198263e+00
  3.340000000000000e+00, -9.543502611568716e-03, -2.608719528930299e-01,  7.070506490131181e-02,  9.570101706296755e-04,  7.452484856294962e-01,  3.184449108923592e-03,  2.101003566460698e-01,  3.264248955306225e-01,  2.812886057139002e-01,  7.944847643051404e-01,  2.188430602634796e+00, -3.311444858836645e+00,  2.803062974174314e+00
  3.350000000000000e+00, -9.641671880766891e-03, -2.607401155227831e-01,  7.061048792282418e-02,  7.791605384635200e-04,  7.450675712941335e-01,  3.051334189814319e-03,  2.087966066324247e-01,  3.299814231458295e-01,  2.814379177318200e-01,  7.887378771446559e-01,  2.186312659725438e+00, -3.305487997503565e+00,  2.800253801150315e+00
  3.360000000000000e+00, -9.731397804805255e-03, -2.606239765298375e-01,  7.052582024935022e-02,  6.176537125271560e-04,  7.449017453612795e-01,  2.931148115752597e-03,  2.075810505051884e-01,  3.333169668584977e-01,  2.815497262696287e-01,  7.834173262931863e-01,  2.184391376151025e+00, -3.299984848629513e+00,  2.797619038820541e+00
  3.370000000000000e+00, -9.813073829636323e-03, -2.605221962070999e-01,  7.045035052851298e-02,  4.715791906590203e-04,  7.447503711002768e-01,  2.823086097792151e-03,  2.064533439865918e-01,  3.364278321153364e-01,  2.816290259111567e-01,  7.785155537698932e-01,  2.182658903616554e+00, -3.294927454761424e+00,  2.795163297675427e+00
  3.380000000000000e+00, -9.887094026473789e-03, -2.604334734358886e-01,  7.038338369080721e-02,  3.400360556476089e-04,  7.446128061141569e-01,  2.726354166940129e-03,  2.054127839358674e-01,  3.393117175049571e-01,  2.816806421479553e-01,  7.740237499410267e-01,  2.181106633203303e+00, -3.290305971847538e+00,  2.792889681812366e+00
  3.390000000000000e+00, -9.953849837276750e-03, -2.603565585227768e-01,  7.032424736505717e-02,  2.221406619222239e-04,  7.444884074841444e-01,  2.640176800301705e-03,  2.044583194784340e-01,  3.419677157330352e-01,  2.817091748214660e-01,  7.699318913320368e-01,  2.179725355227390e+00, -3.286108851175610e+00,  2.790799782051165e+00
  3.400000000000000e+00, -1.001372752559540e-02, -2.602902640047548e-01,  7.027229718247437e-02,  1.170327746549781e-04,  7.443765357029163e-01,  2.563803187021845e-03,  2.035885607221739e-01,  3.443963126904546e-01,  2.817189481948000e-01,  7.662287701157916e-01,  2.178505400423917e+00, -3.282322990807860e+00,  2.788893688636024e+00
  3.410000000000000e+00, -1.006710642173768e-02, -2.602334732199347e-01,  7.022692085847594e-02,  2.388004033642970e-05,  7.442765572877199e-01,  2.496512008550954e-03,  2.028017843086044e-01,  3.465993860787945e-01,  2.817139684287056e-01,  7.629020154765710e-01,  2.177436774015912e+00, -3.278933863307446e+00,  2.787170014328439e+00
  3.420000000000000e+00, -1.011435798539868e-02, -2.601851464451752e-01,  7.018754095855698e-02, -5.811933565804779e-05,  7.441878460114432e-01,  2.437614616137640e-03,  2.020959352565686e-01,  3.485802057411314e-01,  2.816978895520879e-01,  7.599381047493824e-01,  2.176509272070630e+00, -3.275925617436569e+00,  2.785625926879169e+00
  3.430000000000000e+00, -1.015584570949829e-02, -2.601443244870140e-01,  7.015361629578046e-02, -1.297357414345466e-04,  7.441097827365940e-01,  2.386456554824453e-03,  2.014686248933309e-01,  3.503434364330544e-01,  2.816739885990673e-01,  7.573223604820265e-01,  2.175712562495305e+00, -3.273281142225039e+00,  2.784257196988375e+00
  3.440000000000000e+00, -1.019192580239028e-02, -2.601101298661671e-01,  7.012464204206900e-02, -1.917090219143272e-04,  7.440417539555008e-01,  2.342417533732239e-03,  2.009171252417493e-01,  3.518951412432389e-01,  2.816451493846142e-01,  7.550389338396229e-01,  2.175036238779677e+00, -3.270982100348351e+00,  2.783058259550155e+00
  3.450000000000000e+00, -1.022294860978922e-02, -2.600817657368698e-01,  7.010014862656394e-02, -2.447509590948905e-04,  7.439831491016654e-01,  2.304909928351647e-03,  2.004383597052276e-01,  3.532427864316490e-01,  2.816138544298757e-01,  7.530707773638392e-01,  2.174469861174416e+00, -3.269008949653875e+00,  2.782022277760862e+00
  3.460000000000000e+00, -1.024926083348717e-02, -2.600585125204785e-01,  7.007969938749002e-02, -2.895494648974034e-04,  7.439333565178209e-01,  2.273375755177528e-03,  2.000288890395620e-01,  3.543952496363920e-01,  2.815821846079049e-01,  7.513996094518263e-01,  2.174003001255365e+00, -3.267340962036406e+00,  2.781141200373073e+00
  3.470000000000000e+00, -1.027120855407369e-02, -2.600397224024477e-01,  7.006288703397029e-02, -3.267744615580933e-04,  7.438917580525736e-01,  2.247282166925821e-03,  1.996848922453719e-01,  3.553628302899300e-01,  2.815518251616175e-01,  7.500058723896573e-01,  2.173625306920274e+00, -3.265956239716168e+00,  2.780405809953792e+00
  3.480000000000000e+00, -1.028900982778716e-02, -2.600249319803983e-01,  7.004943263527363e-02, -3.568610349876741e-04,  7.438579701464608e-01,  2.226274294209253e-03,  1.994041805573853e-01,  3.561514505274778e-01,  2.815242016965198e-01,  7.488771516805156e-01,  2.173328973234357e+00, -3.264840216196879e+00,  2.779810282225011e+00
  3.490000000000000e+00, -1.030323554508797e-02, -2.600134116348498e-01,  7.003880155899184e-02, -3.808341103891794e-04,  7.438309366779332e-01,  2.209589909852082e-03,  1.991787842351486e-01,  3.567837536360531e-01,  2.815000815894537e-01,  7.479773210928851e-01,  2.173100015846905e+00, -3.263954723687735e+00,  2.779335805312327e+00
  3.500000000000000e+00, -1.031488153495845e-02, -2.600041635542211e-01,  7.003017232508896e-02, -4.004167932447705e-04,  7.438087858515423e-01,  2.195994612522282e-03,  1.989936342637821e-01,  3.573025001751312e-01,  2.814790585176367e-01,  7.472425300255603e-01,  2.172918269605640e+00, -3.263234669852432e+00,  2.778948615006496e+00
