Main.Studies.MarkerTracking.t,Main.Studies.MarkerTracking.JointAngleOutputs.OutputFile_LeftArm.ThoraxClavicula[0],Main.Studies.MarkerTracking.JointAngleOutputs.OutputFile_LeftArm.ThoraxClavicula[1],Main.Studies.MarkerTracking.JointAngleOutputs.OutputFile_LeftArm.ThoraxClavicula[2],Main.Studies.MarkerTracking.JointAngleOutputs.OutputFile_LeftArm.ClaviculaScapula[0],Main.Studies.MarkerTracking.JointAngleOutputs.OutputFile_LeftArm.ClaviculaScapula[1],Main.Studies.MarkerTracking.JointAngleOutputs.OutputFile_LeftArm.ClaviculaScapula[2],Main.Studies.MarkerTracking.JointAngleOutputs.OutputFile_LeftArm.ScapulaHumerus[0],Main.Studies.MarkerTracking.JointAngleOutputs.OutputFile_LeftArm.ScapulaHumerus[1],Main.Studies.MarkerTracking.JointAngleOutputs.OutputFile_LeftArm.ScapulaHumerus[2],Main.Studies.MarkerTracking.JointAngleOutputs.OutputFile_LeftArm.HumerusUlna,Main.Studies.MarkerTracking.JointAngleOutputs.OutputFile_LeftArm.UlnaRadius,Main.Studies.MarkerTracking.JointAngleOutputs.OutputFile_LeftArm.RadiusWrist,Main.Studies.MarkerTracking.JointAngleOutputs.OutputFile_LeftArm.WristHand
  1.000000000000000e-02, -1.243146578317545e-02, -2.178301459104863e-01,  5.234680819918345e-02, -1.298785051564995e-02,  7.442636019062644e-01, -1.453163346818421e-02,  3.784374539951517e-01,  5.884488576769448e-02,  5.034625246092956e-01,  8.869551381937076e-01, -1.837365000541932e+00, -2.262772836341134e+00,  1.063741567433132e+00
  2.000000000000000e-02, -1.118292316150902e-02, -2.219416210836072e-01,  5.447112743479676e-02, -1.025527357009987e-02,  7.463153550519903e-01, -1.194612065187506e-02,  3.761400943424510e-01,  6.781852842525259e-02,  4.911072961286838e-01,  8.986837011771989e-01, -1.807114317577830e+00, -2.388397571608625e+00,  1.093357224040864e+00
  3.000000000000000e-02, -9.926625561223198e-03, -2.260916376100218e-01,  5.662232737744127e-02, -7.488877153173768e-03,  7.483770648698408e-01, -9.350742569416192e-03,  3.738437981701566e-01,  7.745139692026135e-02,  4.786913932256585e-01,  9.104456992668741e-01, -1.777836420421042e+00, -2.521202934926932e+00,  1.121119622450649e+00
  4.000000000000000e-02, -8.660504215845771e-03, -2.302939938198190e-01,  5.880699939581818e-02, -4.682264911126659e-03,  7.504509777570059e-01, -6.739270961591926e-03,  3.715378332698906e-01,  8.774656812076533e-02,  4.661435600202929e-01,  9.222985619097135e-01, -1.749266119117880e+00, -2.659805739632405e+00,  1.146546075188441e+00
  5.000000000000000e-02, -7.385428328968340e-03, -2.345486260398576e-01,  6.102509130628455e-02, -1.836369629287037e-03,  7.525349730666498e-01, -4.113036615243120e-03,  3.692325902892881e-01,  9.869802500669096e-02,  4.534512426281661e-01,  9.342277303604082e-01, -1.721240099212703e+00, -2.800594530591271e+00,  1.168730585757294e+00
  6.000000000000000e-02, -6.104167053768141e-03, -2.388473332060482e-01,  6.327250132344292e-02,  1.043179727987205e-03,  7.546240220848970e-01, -1.477875615838961e-03,  3.669422588203474e-01,  1.103132193376688e-01,  4.406385040345310e-01,  9.461942002428214e-01, -1.693534877233398e+00, -2.939798246138595e+00,  1.187050871520016e+00
  6.999999999999999e-02, -4.817922046432683e-03, -2.431896663820713e-01,  6.554883035114965e-02,  3.954752218262543e-03,  7.567153594007788e-01,  1.164532239568481e-03,  3.646671597367311e-01,  1.226205712328597e-01,  4.276982453851053e-01,  9.581389386770492e-01, -1.665474752853593e+00, -3.076086739033407e+00,  1.201710309875343e+00
  7.999999999999999e-02, -3.527222215604571e-03, -2.475761413472462e-01,  6.785433950435744e-02,  6.897923629882903e-03,  7.588074545319834e-01,  3.813449303702026e-03,  3.624167077722859e-01,  1.356379288378121e-01,  4.146218330154102e-01,  9.700013409547399e-01, -1.636504229875558e+00, -3.208013111102111e+00,  1.212755053729262e+00
  9.000000000000000e-02, -2.233240422544714e-03, -2.520053756703088e-01,  7.018825282744243e-02,  9.870850031327257e-03,  7.608976890919347e-01,  6.466928092690198e-03,  3.601972547580645e-01,  1.493979758835699e-01,  4.014090970863944e-01,  9.817294656554063e-01, -1.606126964791047e+00, -3.335755159658146e+00,  1.220612254839654e+00
  9.999999999999999e-02, -9.366022242153443e-04, -2.564771889075435e-01,  7.255049916171316e-02,  1.287276168603623e-02,  7.629844011231531e-01,  9.123930063485870e-03,  3.580203809889743e-01,  1.639284956738445e-01,  3.880566465972140e-01,  9.932757719048260e-01, -1.573940974955795e+00, -3.459999235012341e+00,  1.225742614918584e+00
  1.100000000000000e-01,  3.604627370701101e-04, -2.609860035030501e-01,  7.493811875124673e-02,  1.589916346612013e-02,  7.650633310965944e-01,  1.178020965963586e-02,  3.558985032138909e-01,  1.792518257952390e-01,  3.745790079200944e-01,  1.004609972562892e+00, -1.539881439740111e+00, -3.579815516928859e+00,  1.228131945869914e+00
  1.200000000000000e-01,  1.656153320150546e-03, -2.655266783549318e-01,  7.734846098923107e-02,  1.894622615649824e-02,  7.671310463960522e-01,  1.443210783871588e-02,  3.538522783278165e-01,  1.953675987508325e-01,  3.609883761700057e-01,  1.015720407321805e+00, -1.504163001370895e+00, -3.692486973087733e+00,  1.227358175138736e+00
  1.300000000000000e-01,  2.947536958052372e-03, -2.700897260403239e-01,  7.977655311431359e-02,  2.200726970431274e-02,  7.691823796383798e-01,  1.707360532739709e-02,  3.519050795637388e-01,  2.122573964386896e-01,  3.473110400461445e-01,  1.026626416314554e+00, -1.467434672565038e+00, -3.794177446925931e+00,  1.222909547652043e+00
  1.400000000000000e-01,  4.228689452157101e-03, -2.746512457575065e-01,  8.221008589857640e-02,  2.506739937321849e-02,  7.712079384533794e-01,  1.969142438831958e-02,  3.500986491222378e-01,  2.298304140516640e-01,  3.336262969083515e-01,  1.037368192840105e+00, -1.431297795236334e+00, -3.874534491172804e+00,  1.212811616336572e+00
  1.500000000000000e-01,  5.491401764123335e-03, -2.791773888321180e-01,  8.463142070700252e-02,  2.810547514093880e-02,  7.731950710690789e-01,  2.226732486432249e-02,  3.484691964719784e-01,  2.479950694369140e-01,  3.200576497140784e-01,  1.047960861482601e+00, -1.397470878811132e+00, -3.927985502381395e+00,  1.196495351075793e+00
  1.600000000000000e-01,  6.730645692614864e-03, -2.836367771823008e-01,  8.702504420299254e-02,  3.110543480421515e-02,  7.751373822801348e-01,  2.478687015752418e-02,  3.470795111780709e-01,  2.666062441360815e-01,  3.067409179343873e-01,  1.058353201651617e+00, -1.367400176665432e+00, -3.952440522838652e+00,  1.173997041437118e+00
  1.700000000000000e-01,  7.943496020577817e-03, -2.880126110109591e-01,  8.938221878580078e-02,  3.405777594197653e-02,  7.770310570156148e-01,  2.724254201379920e-02,  3.459434964172687e-01,  2.856509104003199e-01,  2.937604015409786e-01,  1.068426778608401e+00, -1.340966731124360e+00, -3.958102148695770e+00,  1.148197869926072e+00
  1.800000000000000e-01,  9.131178213330220e-03, -2.923034432431316e-01,  9.170235533005991e-02,  3.696310735117604e-02,  7.788787901019587e-01,  2.963545722514622e-02,  3.450749419179922e-01,  3.051198841775074e-01,  2.811430743063671e-01,  1.078080183819382e+00, -1.317565249786368e+00, -3.954373867569775e+00,  1.121535183806384e+00
  1.900000000000000e-01,  1.029524713025098e-02, -2.965115637854907e-01,  9.398659370941004e-02,  3.982352954478365e-02,  7.806834920700795e-01,  3.196822946989841e-02,  3.444786160350232e-01,  3.250145246679997e-01,  2.688958988763561e-01,  1.087235289181697e+00, -1.296567241391173e+00, -3.947321017045705e+00,  1.095543698886033e+00
  2.000000000000000e-01,  1.143693941082855e-02, -3.006375658893258e-01,  9.623524963059327e-02,  4.264028019326166e-02,  7.824476565485825e-01,  3.424261146535899e-02,  3.441617208701774e-01,  3.453203299300439e-01,  2.570317275640759e-01,  1.095828980218987e+00, -1.277566423222636e+00, -3.939769792369904e+00,  1.070935559485502e+00
  2.100000000000000e-01,  1.255666513172582e-02, -3.046788369762476e-01,  9.844692964477565e-02,  4.541253346493234e-02,  7.841725452499317e-01,  3.645862194442737e-02,  3.441292861193385e-01,  3.660205480645305e-01,  2.455764340871343e-01,  1.103793636818560e+00, -1.260276288640958e+00, -3.932931049554901e+00,  1.048026327770389e+00
  2.200000000000000e-01,  1.365704525144266e-02, -3.086374681706562e-01,  1.006232342425407e-01,  4.814412555909188e-02,  7.858632512808945e-01,  3.861953599354152e-02,  3.444018633131203e-01,  3.870544366640201e-01,  2.345422746848424e-01,  1.111103586200279e+00, -1.244647070722658e+00, -3.927181822172101e+00,  1.026926725473415e+00
  2.300000000000000e-01,  1.473880490029925e-02, -3.125103449157985e-01,  1.027627237587012e-01,  5.083465166689730e-02,  7.875217519883742e-01,  4.072539926683996e-02,  3.449862539931681e-01,  4.083874614346940e-01,  2.239610202131921e-01,  1.117702753741755e+00, -1.230557302617369e+00, -3.922707907085743e+00,  1.007711893570897e+00
  2.400000000000000e-01,  1.580349088221375e-02, -3.162961266668132e-01,  1.048650874350498e-01,  5.348546155033648e-02,  7.891514504840662e-01,  4.277746077722740e-02,  3.458926686040189e-01,  4.299705254814065e-01,  2.138600288390773e-01,  1.123549766616218e+00, -1.217959058075419e+00, -3.919537835241999e+00,  9.904200588983988e-01
  2.500000000000000e-01,  1.685345988752521e-02, -3.199955186720055e-01,  1.069312763256216e-01,  5.609973945416072e-02,  7.907570976343353e-01,  4.477821501079188e-02,  3.471338690656930e-01,  4.517404588419668e-01,  2.042602739201243e-01,  1.128619910129467e+00, -1.206871200237449e+00, -3.917632076724555e+00,  9.750748268873082e-01
  2.600000000000000e-01,  1.788940037086872e-02, -3.236047851384410e-01,  1.089595893909196e-01,  5.867692879985505e-02,  7.923407097520072e-01,  4.672741854316129e-02,  3.487090022557031e-01,  4.736640852784372e-01,  1.951998846716792e-01,  1.132856850991033e+00, -1.197191217063399e+00, -3.917012021823913e+00,  9.617149480737271e-01
  2.700000000000000e-01,  1.891393742018779e-02, -3.271254472367195e-01,  1.109514843656772e-01,  6.122091628611581e-02,  7.939074646893538e-01,  4.862796130212333e-02,  3.506266558085230e-01,  4.956759942318746e-01,  1.866981182736276e-01,  1.136244044001112e+00, -1.188955124373475e+00, -3.917631412575766e+00,  9.503617018656585e-01
  2.800000000000000e-01,  1.992924311461653e-02, -3.305580441747574e-01,  1.129078177423648e-01,  6.373466833081794e-02,  7.954617574078897e-01,  5.048201945263989e-02,  3.528895238801444e-01,  5.177200680572871e-01,  1.787777424245354e-01,  1.138759220700032e+00, -1.182164471685862e+00, -3.919475980962474e+00,  9.410428410071078e-01
  2.900000000000000e-01,  2.093757638807340e-02, -3.339036395027128e-01,  1.148297394280858e-01,  6.622147166615712e-02,  7.970080737430069e-01,  5.229195085279093e-02,  3.554980210473760e-01,  5.397403403856170e-01,  1.714591503231081e-01,  1.140385750424982e+00, -1.176825887715430e+00, -3.922542987725500e+00,  9.337868060298635e-01
  3.000000000000000e-01,  2.194124724327338e-02, -3.371637958945177e-01,  1.167186682869885e-01,  6.868487317833132e-02,  7.985509190960818e-01,  5.406025625675338e-02,  3.584502606989228e-01,  5.616817130900303e-01,  1.647600697775105e-01,  1.141112845681050e+00, -1.172949979741521e+00, -3.926842644202839e+00,  9.286226100389130e-01
  3.100000000000000e-01,  2.294258048107281e-02, -3.403405375107142e-01,  1.185762612667362e-01,  7.112861463571048e-02,  8.000947486317362e-01,  5.578953766136194e-02,  3.617420876150225e-01,  5.834906653901317e-01,  1.586953492002093e-01,  1.140935670420745e+00, -1.170550494544750e+00, -3.932399463414132e+00,  9.255797968477282e-01
  3.200000000000000e-01,  2.394333683235534e-02, -3.434346899115274e-01,  1.204034136556471e-01,  7.355526428176511e-02,  8.016430528011744e-01,  5.748156124266365e-02,  3.653637092415059e-01,  6.051270951375786e-01,  1.532836494019652e-01,  1.139842997558004e+00, -1.169596904668232e+00, -3.939275018471636e+00,  9.246918760925849e-01
  3.300000000000000e-01,  2.494692055445316e-02, -3.464524603450619e-01,  1.222041871656523e-01,  7.597150656503672e-02,  8.032018006764163e-01,  5.914090335465114e-02,  3.693140297557163e-01,  6.265192164576382e-01,  1.485193983240979e-01,  1.137867904812887e+00, -1.170205765670151e+00, -3.947485078493398e+00,  9.259830778071385e-01
  3.400000000000000e-01,  2.595489817348538e-02, -3.493951979070104e-01,  1.239796826187504e-01,  7.837984345903473e-02,  8.047739823365472e-01,  6.076923439142663e-02,  3.735789447482735e-01,  6.476343480245429e-01,  1.444155756634943e-01,  1.135009502772155e+00, -1.172345180028800e+00, -3.957134901271853e+00,  9.294900803776598e-01
  3.500000000000000e-01,  2.696933378436701e-02, -3.522662782707865e-01,  1.257321537191178e-01,  8.078416025900681e-02,  8.063632696628372e-01,  6.236916579398744e-02,  3.781464812498685e-01,  6.684317532608223e-01,  1.409747617142221e-01,  1.131285849217560e+00, -1.176035088044901e+00, -3.968335681867567e+00,  9.352486056097731e-01
  3.600000000000000e-01,  2.799216855558482e-02, -3.550692920166066e-01,  1.274639219543389e-01,  8.318825054499258e-02,  8.079730399893252e-01,  6.394323431008848e-02,  3.830032190676992e-01,  6.888752041652283e-01,  1.381965812006339e-01,  1.126720073147941e+00, -1.181295846113764e+00, -3.981235348892905e+00,  9.432987900897132e-01
  3.700000000000000e-01,  2.902565199082635e-02, -3.578093976752795e-01,  1.291781856184550e-01,  8.559687996211637e-02,  8.096070266991546e-01,  6.549461503431790e-02,  3.881374653519699e-01,  7.089234161630686e-01,  1.360714709530919e-01,  1.121350155558967e+00, -1.188187207812467e+00, -3.996009449993053e+00,  9.536843784159968e-01
  3.800000000000000e-01,  3.007047249824666e-02, -3.604874281826864e-01,  1.308754990164076e-01,  8.801115975979171e-02,  8.112664992365685e-01,  6.702402870543170e-02,  3.935272798212656e-01,  7.285719452855081e-01,  1.346076186185851e-01,  1.115185453464572e+00, -1.196643059872366e+00, -4.012962550583798e+00,  9.664696572978652e-01
  3.900000000000000e-01,  3.112871133617425e-02, -3.631091114121032e-01,  1.325592889627767e-01,  9.043582230197068e-02,  8.129547356898892e-01,  6.853461290535513e-02,  3.991601145302739e-01,  7.477876763052196e-01,  1.337891616327798e-01,  1.108274207122888e+00, -1.206733011360706e+00, -4.032417991961627e+00,  9.817239609149060e-01
  4.000000000000000e-01,  3.220135303622790e-02, -3.656771763868354e-01,  1.342311441868811e-01,  9.287304586129901e-02,  8.146732760132761e-01,  7.002779210103854e-02,  4.050166535354823e-01,  7.665647854377260e-01,  1.336125401682368e-01,  1.100645375239445e+00, -1.218442099946130e+00, -4.054867669978751e+00,  9.995480569853793e-01
  4.100000000000000e-01,  3.329067109273436e-02, -3.681989183176881e-01,  1.358953548735597e-01,  9.532839509565562e-02,  8.164254829273994e-01,  7.150718982958514e-02,  4.110870885284784e-01,  7.848704577747802e-01,  1.340513599200519e-01,  1.092360951497531e+00, -1.231877786909293e+00, -4.080896576511756e+00,  1.020063746993032e+00
  4.200000000000000e-01,  3.439738861490847e-02, -3.706768317312454e-01,  1.375533358136387e-01,  9.780363307569619e-02,  8.182123659132279e-01,  7.297388194811394e-02,  4.173519748716042e-01,  8.027116010563545e-01,  1.351016154439938e-01,  1.083449783258737e+00, -1.247020927957761e+00, -4.111408902397330e+00,  1.043457774266299e+00
  4.300000000000000e-01,  3.552325668589588e-02, -3.731166333913299e-01,  1.392084799336167e-01,  1.003031135821121e-01,  8.200364344182037e-01,  7.443054554050761e-02,  4.237999009822307e-01,  8.200762644434685e-01,  1.367448817465214e-01,  1.073961025122202e+00, -1.263947495641988e+00, -4.147575718147679e+00,  1.069975535877121e+00
  4.400000000000000e-01,  3.666907279414339e-02, -3.755200798672999e-01,  1.408619526830236e-01,  1.028285569666637e-01,  8.218989042633212e-01,  7.587798825197435e-02,  4.304133988820190e-01,  8.369849827727146e-01,  1.389863214228361e-01,  1.063913603762879e+00, -1.282656093494594e+00, -4.191072731775367e+00,  1.099967317070006e+00
  4.500000000000000e-01,  3.783794745034764e-02, -3.778940615527614e-01,  1.425184127767746e-01,  1.053868925460957e-01,  8.238046769526405e-01,  7.731996489022409e-02,  4.371917699455384e-01,  8.534179266387467e-01,  1.418163733301499e-01,  1.053349363938484e+00, -1.303352017343182e+00, -4.243678794146050e+00,  1.133779477665902e+00
  4.600000000000000e-01,  3.903489788687060e-02, -3.802450994408392e-01,  1.441833550371668e-01,  1.079880466428219e-01,  8.257623367861777e-01,  7.876116034298422e-02,  4.441470328616198e-01,  8.693385342032776e-01,  1.452531857086648e-01,  1.042288105785065e+00, -1.326468329332054e+00, -4.305575081687395e+00,  1.171277705294960e+00
  4.700000000000000e-01,  4.026890362722640e-02, -3.825790137878947e-01,  1.458640015301828e-01,  1.106481556319018e-01,  8.277881555790861e-01,  8.020826489371247e-02,  4.513160732060631e-01,  8.846441124021789e-01,  1.493651483740358e-01,  1.030753790395648e+00, -1.353299185758770e+00, -4.366910542992885e+00,  1.209780646302304e+00
  4.800000000000000e-01,  4.154835798283491e-02, -3.848951779246145e-01,  1.475644169174333e-01,  1.133806103393910e-01,  8.298981709422811e-01,  8.166542505730773e-02,  4.587299614497581e-01,  8.991501939793455e-01,  1.542424712793398e-01,  1.018966425074142e+00, -1.387447950008609e+00, -4.391842917159081e+00,  1.241325344604760e+00
  4.900000000000000e-01,  4.285914011020957e-02, -3.871601013964319e-01,  1.492622853554327e-01,  1.161529888869862e-01,  8.320701406652552e-01,  8.311358114401704e-02,  4.662663293489246e-01,  9.129277937224033e-01,  1.599501752546822e-01,  1.007575863522597e+00, -1.435295570153879e+00, -4.333698850450864e+00,  1.259768580137089e+00
  5.000000000000000e-01,  4.417247834950896e-02, -3.893620827788021e-01,  1.509376547714257e-01,  1.189155182360925e-01,  8.342504396210184e-01,  8.453216175494789e-02,  4.737150375714700e-01,  9.264735694820238e-01,  1.662601011089617e-01,  9.971889254353788e-01, -1.498684298406350e+00, -4.184203472804847e+00,  1.267588006977916e+00
  5.099999999999999e-01,  4.548480786930681e-02, -3.915866672561883e-01,  1.526280268480043e-01,  1.216876473220510e-01,  8.364184950457922e-01,  8.594440676714382e-02,  4.810711177315448e-01,  9.401528727233162e-01,  1.725307537715182e-01,  9.872644494741104e-01, -1.564838163175161e+00, -3.995387174711591e+00,  1.269300598618170e+00
  5.200000000000000e-01,  4.680708101167947e-02, -3.938804667101099e-01,  1.543606764767661e-01,  1.245009202675112e-01,  8.385874708019917e-01,  8.736999611774110e-02,  4.884267820601057e-01,  9.539036966353356e-01,  1.785455943836290e-01,  9.770137036223006e-01, -1.623978139392010e+00, -3.812705276762429e+00,  1.268639144521127e+00
  5.300000000000000e-01,  4.814223456841529e-02, -3.962309299600051e-01,  1.561316241623845e-01,  1.273565124422616e-01,  8.407645209806738e-01,  8.880637191963028e-02,  4.958051042022523e-01,  9.675822607048387e-01,  1.844115779462442e-01,  9.662197305228963e-01, -1.675275492820533e+00, -3.643348679477571e+00,  1.266736288924163e+00
  5.400000000000000e-01,  4.948777609715684e-02, -3.986174586661211e-01,  1.579303180826881e-01,  1.302443852580055e-01,  8.429477873064627e-01,  9.024564807150126e-02,  5.031887038908714e-01,  9.811121500403389e-01,  1.902316504428846e-01,  9.549000333485853e-01, -1.719867349739500e+00, -3.485288979566980e+00,  1.264053405056959e+00
  5.500000000000000e-01,  5.083998966338254e-02, -4.010238908617830e-01,  1.597475240736528e-01,  1.331537564937859e-01,  8.451324818739011e-01,  9.168074387248346e-02,  5.105524045625488e-01,  9.944507561601594e-01,  1.960623143232444e-01,  9.431277669340969e-01, -1.758820585690151e+00, -3.335045092102723e+00,  1.260578336354206e+00
  5.599999999999999e-01,  5.219510605049854e-02, -4.034387202286486e-01,  1.615760483197293e-01,  1.360750721091939e-01,  8.473130702928275e-01,  9.310608767908236e-02,  5.178724627500761e-01,  1.007566443837081e+00,  2.019240790607665e-01,  9.309802009720033e-01, -1.792874559124461e+00, -3.189778036374483e+00,  1.256153604753051e+00
  5.700000000000000e-01,  5.354999378562775e-02, -4.058522946776407e-01,  1.634098072724955e-01,  1.390003020030883e-01,  8.494850404348202e-01,  9.451715923659482e-02,  5.251274933594386e-01,  1.020450432678005e+00,  2.078384099608579e-01,  9.185729258367722e-01, -1.822857842951738e+00, -3.046759099525636e+00,  1.250381308210490e+00
  5.800000000000001e-01,  5.490178168406634e-02, -4.082600662623653e-01,  1.652451835550963e-01,  1.419233296855248e-01,  8.516435906998634e-01,  9.591116286999800e-02,  5.323041688551767e-01,  1.033065118684291e+00,  2.137809440324341e-01,  9.059697832451216e-01, -1.849121202159866e+00, -2.904531891094400e+00,  1.242951388444114e+00
  5.900000000000000e-01,  5.624853394121106e-02, -4.106586360557231e-01,  1.670795440534927e-01,  1.448398728030368e-01,  8.537855667602725e-01,  9.728622270714599e-02,  5.393948534647645e-01,  1.045374489822096e+00,  2.197324565200913e-01,  8.932644474223937e-01, -1.872317659612787e+00, -2.760159763614909e+00,  1.232897546877179e+00
  6.000000000000000e-01,  5.759027927550537e-02, -4.130469886690261e-01,  1.689123809823111e-01,  1.477495488083892e-01,  8.559111725270201e-01,  9.864220959281055e-02,  5.463999924165740e-01,  1.057379235876457e+00,  2.256964124261022e-01,  8.806112123554271e-01, -1.893639696604090e+00, -2.612003727057824e+00,  1.219232299342430e+00
  6.100000000000000e-01,  5.892737226608270e-02, -4.154276371603259e-01,  1.707450326613997e-01,  1.506535842463131e-01,  8.580206021407309e-01,  9.998013461453256e-02,  5.533288583883460e-01,  1.069036819508393e+00,  2.316398203007599e-01,  8.680959763653848e-01, -1.914176578117927e+00, -2.457978162345141e+00,  1.200428647645762e+00
  6.200000000000000e-01,  6.026151710832288e-02, -4.178041314462288e-01,  1.725800606766812e-01,  1.535557365515031e-01,  8.601163956531699e-01,  1.013019385817114e-01,  5.601938301219020e-01,  1.080354969335415e+00,  2.375581293682953e-01,  8.558293678372674e-01, -1.935506978495219e+00, -2.299309671568977e+00,  1.175490009466633e+00
  6.300000000000000e-01,  6.159426119208812e-02, -4.201796237295146e-01,  1.744197864196526e-01,  1.564594089892589e-01,  8.622008242056695e-01,  1.026093049838823e-01,  5.670024293515811e-01,  1.091393784688336e+00,  2.434644028919886e-01,  8.439039312704938e-01, -1.959120945019127e+00, -2.141518195292633e+00,  1.144694148073087e+00
  6.400000000000000e-01,  6.292092894503895e-02, -4.225489670909686e-01,  1.762592722844383e-01,  1.593553010155856e-01,  8.642659249519561e-01,  1.038985915649902e-01,  5.737351633757701e-01,  1.102163263053358e+00,  2.493225855441163e-01,  8.322442350574309e-01, -1.984631665610449e+00, -1.992850702037432e+00,  1.110280466777036e+00
  6.500000000000000e-01,  6.423812210129415e-02, -4.249070663306972e-01,  1.780942207454224e-01,  1.622361719357551e-01,  8.663062368194090e-01,  1.051669477467044e-01,  5.803721054282024e-01,  1.112744146809331e+00,  2.551398110399250e-01,  8.208886136321477e-01, -2.011911319213766e+00, -1.858754065176251e+00,  1.074375025320563e+00
  6.600000000000000e-01,  6.553824165310421e-02, -4.272428380742751e-01,  1.799151407829259e-01,  1.650860163005843e-01,  8.683096328669790e-01,  1.064080741287022e-01,  5.868803870928508e-01,  1.123121608123381e+00,  2.608725570732811e-01,  8.097774940005003e-01, -2.039666452906698e+00, -1.740878382756023e+00,  1.038805366787555e+00
  6.700000000000000e-01,  6.681572352953041e-02, -4.295472628869729e-01,  1.817145131365861e-01,  1.678927289972889e-01,  8.702676024417749e-01,  1.076174446425466e-01,  5.932367610572934e-01,  1.133287087050144e+00,  2.664951257845746e-01,  7.989136926521526e-01, -2.067210424914687e+00, -1.638030440542733e+00,  1.004354054744280e+00
  6.800000000000000e-01,  6.806596388402002e-02, -4.318123889052222e-01,  1.834857633641659e-01,  1.706460605126174e-01,  8.721733765866304e-01,  1.087914580030148e-01,  5.994233167967726e-01,  1.143227351628399e+00,  2.719868429289236e-01,  7.883178435313856e-01, -2.094122159865468e+00, -1.548226252509642e+00,  9.713506622552125e-01
  6.899999999999999e-01,  6.928363068533300e-02, -4.340285149001887e-01,  1.852209958142433e-01,  1.733339823860294e-01,  8.740192950025375e-01,  1.099258906958722e-01,  6.054203134956396e-01,  1.152898469592152e+00,  2.773182849386447e-01,  7.779869709240534e-01, -2.119826401882405e+00, -1.469472577187278e+00,  9.400396852760817e-01
  7.000000000000000e-01,  7.046535897163272e-02, -4.361889342514645e-01,  1.869147577221376e-01,  1.759485901636128e-01,  8.758009207599676e-01,  1.110183570492090e-01,  6.112161140622711e-01,  1.162281947223949e+00,  2.824760371645408e-01,  7.679553252676542e-01, -2.144203911866265e+00, -1.400019611431727e+00,  9.104282355095585e-01
  7.100000000000001e-01,  7.160787104585874e-02, -4.382869252305004e-01,  1.885615839723665e-01,  1.784820979250860e-01,  8.775140736818009e-01,  1.120666103407216e-01,  6.167997767661055e-01,  1.171352216185211e+00,  2.874454807463236e-01,  7.582494688457688e-01, -2.167121416847398e+00, -1.338436071034084e+00,  8.825227430912221e-01
  7.200000000000000e-01,  7.270834099168388e-02, -4.403164444616213e-01,  1.901565410340493e-01,  1.809276591125130e-01,  8.791553611993792e-01,  1.130688669059315e-01,  6.221622738057783e-01,  1.180085504590505e+00,  2.922142486925148e-01,  7.488965399205276e-01, -2.188507268494322e+00, -1.283568221042289e+00,  8.563093892158375e-01
  7.300000000000000e-01,  7.376435446091370e-02, -4.422721229892231e-01,  1.916952151831793e-01,  1.832793067280963e-01,  8.807220847070459e-01,  1.140237600349755e-01,  6.272962178864714e-01,  1.188460454870884e+00,  2.967719365053099e-01,  7.399230097329479e-01, -2.208334566129265e+00, -1.234489652360718e+00,  8.317638689423460e-01
  7.400000000000000e-01,  7.477326116268632e-02, -4.441480056254277e-01,  1.931727464048273e-01,  1.855304966137695e-01,  8.822112784658305e-01,  1.149297215740136e-01,  6.321931011158664e-01,  1.196445793191298e+00,  3.011052821623360e-01,  7.313434668723727e-01, -2.226480366926870e+00, -1.190435539024375e+00,  8.088953336386145e-01
  7.500000000000000e-01,  7.573460548172650e-02, -4.459425092978634e-01,  1.945876179110891e-01,  1.876796763107875e-01,  8.836231862260393e-01,  1.157872467244135e-01,  6.368532666267613e-01,  1.204051435663730e+00,  3.052166813852319e-01,  7.232016347413821e-01, -2.243235217242823e+00, -1.150834879204693e+00,  7.875863644882244e-01
  7.600000000000000e-01,  7.664641040740244e-02, -4.476509583466587e-01,  1.959359492218501e-01,  1.897218229786080e-01,  8.849558733791081e-01,  1.165953978513716e-01,  6.412705306020202e-01,  1.211252719541441e+00,  3.090961562809497e-01,  7.155068846623668e-01, -2.258518180035433e+00, -1.115172705944275e+00,  7.678388563278451e-01
  7.700000000000000e-01,  7.750758084412716e-02, -4.492704278525666e-01,  1.972152067984308e-01,  1.916539265101798e-01,  8.862086876722586e-01,  1.173540446610917e-01,  6.454420520913076e-01,  1.218040194029677e+00,  3.127397442188272e-01,  7.082760762834290e-01, -2.272386844847415e+00, -1.083035528177443e+00,  7.496107767322702e-01
  7.800000000000000e-01,  7.831779970311248e-02, -4.507996159426669e-01,  1.984241012800812e-01,  1.934747864050566e-01,  8.873820645070442e-01,  1.180637525657015e-01,  6.493679184719837e-01,  1.224418818475838e+00,  3.161488234117397e-01,  7.015306895518342e-01, -2.285012799454328e+00, -1.054092732433354e+00,  7.328283221786757e-01
  7.899999999999999e-01,  7.907495881537013e-02, -4.522334072799448e-01,  1.995584639846172e-01,  1.951790521332243e-01,  8.884739244953999e-01,  1.187233834897344e-01,  6.530404587053970e-01,  1.230351621397956e+00,  3.193106024528543e-01,  6.952597933529813e-01, -2.296160379600479e+00, -1.028004428167821e+00,  7.175285994988776e-01
  8.000000000000000e-01,  7.978015776545239e-02, -4.535734950866084e-01,  2.006193108286597e-01,  1.967688398631451e-01,  8.894866416155015e-01,  1.193347384525166e-01,  6.564650615283723e-01,  1.235870479615186e+00,  3.222363463699019e-01,  6.894936660498489e-01, -2.306209177084514e+00, -1.004566680716835e+00,  7.035795132971867e-01
  8.100000000000001e-01,  8.043270043777419e-02, -4.548177734217803e-01,  2.016047932231100e-01,  1.982421158049610e-01,  8.904200458212784e-01,  1.198978973151379e-01,  6.596393799797069e-01,  1.240965877735368e+00,  3.249232532948805e-01,  6.842313848398305e-01, -2.315137465125842e+00, -9.835499530574637e-01,  6.909586516896433e-01
  8.200000000000000e-01,  8.103250161309410e-02, -4.559654525781293e-01,  2.025140817068202e-01,  1.995982891228210e-01,  8.912747762271529e-01,  1.204134536461374e-01,  6.625633789348927e-01,  1.245640293950418e+00,  3.273728573950603e-01,  6.794767315515889e-01, -2.323016876758623e+00, -9.647685608009896e-01,  6.796180146827412e-01
  8.300000000000001e-01,  8.157960454230040e-02, -4.570160434573634e-01,  2.033465957687329e-01,  2.008370944158766e-01,  8.920516007909700e-01,  1.208820632826078e-01,  6.652373645319098e-01,  1.249897761874435e+00,  3.295873772928307e-01,  6.752318567344345e-01, -2.329917977026892e+00, -9.480621234546933e-01,  6.695103980752520e-01
  8.400000000000000e-01,  8.207414650152466e-02, -4.579692907729705e-01,  2.041019533612065e-01,  2.019585137020979e-01,  8.927513635543662e-01,  1.213044110449377e-01,  6.676618796225648e-01,  1.253743290185884e+00,  3.315694705381034e-01,  6.714974917889436e-01, -2.335907181865455e+00, -9.332918385827201e-01,  6.605906896091112e-01
  8.500000000000000e-01,  8.251596831040008e-02, -4.588243265674750e-01,  2.047793277242718e-01,  2.029618604026835e-01,  8.933744513133236e-01,  1.216808548386806e-01,  6.698361349754048e-01,  1.257173787426696e+00,  3.333190710086966e-01,  6.682687673134198e-01, -2.340972355365549e+00, -9.203267264875564e-01,  6.528340550032187e-01
  8.600000000000000e-01,  8.290609724980549e-02, -4.595829146355003e-01,  2.053799115061573e-01,  2.038492667964552e-01,  8.939228006899261e-01,  1.220127753519093e-01,  6.717641438513315e-01,  1.260213437341191e+00,  3.348454933539049e-01,  6.655540796729299e-01, -2.345322889109586e+00, -9.090868461972477e-01,  6.461647094248786e-01
  8.700000000000000e-01,  8.324443709089471e-02, -4.602444124271125e-01,  2.059030895462446e-01,  2.046202562646351e-01,  8.943967625514802e-01,  1.223004730008923e-01,  6.734452466307925e-01,  1.262859154587440e+00,  3.361486709603114e-01,  6.633469909779366e-01, -2.348930689267503e+00, -8.994724614767483e-01,  6.405663099404385e-01
  8.800000000000000e-01,  8.353094275088051e-02, -4.608083227317872e-01,  2.063483777057936e-01,  2.052744981773590e-01,  8.947967020036904e-01,  1.225442403779671e-01,  6.748789724130725e-01,  1.265108118181402e+00,  3.372286194007523e-01,  6.616413042779559e-01, -2.351767821051372e+00, -8.913987563508465e-01,  6.360237373093257e-01
  8.900000000000000e-01,  8.376664450534921e-02, -4.612765883736976e-01,  2.067171583118528e-01,  2.058142367452375e-01,  8.951243628586082e-01,  1.227452946357435e-01,  6.760692904381117e-01,  1.266983631397450e+00,  3.380940698689927e-01,  6.604441956328873e-01, -2.354015123764056e+00, -8.848255293317195e-01,  6.324782491925298e-01
  9.000000000000000e-01,  8.395114289355604e-02, -4.616480545603385e-01,  2.070084788636712e-01,  2.062383752466832e-01,  8.953795048699958e-01,  1.229035056823899e-01,  6.770143239801775e-01,  1.268473900446982e+00,  3.387416210759899e-01,  6.597458861021385e-01, -2.355562065900699e+00, -8.796808842815239e-01,  6.299401910340722e-01
  9.100000000000000e-01,  8.408544862818373e-02, -4.619246798215123e-01,  2.072237823197187e-01,  2.065491608100443e-01,  8.955637284305101e-01,  1.230199544290425e-01,  6.777179538966545e-01,  1.269600346001972e+00,  3.391795022195596e-01,  6.595527494957025e-01, -2.356573962344549e+00, -8.759496949667431e-01,  6.283591697359268e-01
  9.199999999999999e-01,  8.416920349749088e-02, -4.621054687915208e-01,  2.073622803265441e-01,  2.067456441732888e-01,  8.956767344636308e-01,  1.230944389209393e-01,  6.781785053463184e-01,  1.270351037893544e+00,  3.394042568717996e-01,  6.598559402844796e-01, -2.356940367507579e+00, -8.735834557481905e-01,  6.277497421763494e-01
  9.300000000000000e-01,  8.420290913717819e-02, -4.621916309279402e-01,  2.074248125156453e-01,  2.068290185389490e-01,  8.957192590075826e-01,  1.231275428219077e-01,  6.783981864756274e-01,  1.270740044410711e+00,  3.394194120372575e-01,  6.606632282243007e-01, -2.356734348290440e+00, -8.725668785589973e-01,  6.281004231079196e-01
  9.400000000000001e-01,  8.418722072687478e-02, -4.621842235484345e-01,  2.074122577225750e-01,  2.068006958520277e-01,  8.956923018218395e-01,  1.231198110506371e-01,  6.783792421393868e-01,  1.270774186288887e+00,  3.392297544285643e-01,  6.619725955438718e-01, -2.356030543420490e+00, -8.729185168237376e-01,  6.293798994514416e-01
  9.500000000000000e-01,  8.412192821770244e-02, -4.620829178940242e-01,  2.073243366277762e-01,  2.066602256805056e-01,  8.955955423379659e-01,  1.230710728831805e-01,  6.781209846682829e-01,  1.270448504862279e+00,  3.388324891525863e-01,  6.637834404387996e-01, -2.354753315860706e+00, -8.746188727932819e-01,  6.316115125354450e-01
  9.600000000000001e-01,  8.400714273588833e-02, -4.618879972787852e-01,  2.071612888860327e-01,  2.064078980732412e-01,  8.954290635084478e-01,  1.229813646316032e-01,  6.776239153400213e-01,  1.269762877411286e+00,  3.382274086550899e-01,  6.660963093475768e-01, -2.352882020563178e+00, -8.776767476803271e-01,  6.348041699481978e-01
  9.700000000000000e-01,  8.384260498787230e-02, -4.615989683630051e-01,  2.069227822186365e-01,  2.060431545944648e-01,  8.951923958274737e-01,  1.228503388698739e-01,  6.768870532204725e-01,  1.268707727943669e+00,  3.374109884581894e-01,  6.689072915199916e-01, -2.350318689593387e+00, -8.820939856780364e-01,  6.389828634588638e-01
  9.800000000000000e-01,  8.362860180483503e-02, -4.612166423304153e-01,  2.066094794837170e-01,  2.055667713273373e-01,  8.948857324403157e-01,  1.226781046618615e-01,  6.759116937131388e-01,  1.267288383332236e+00,  3.363843916517222e-01,  6.722216717035222e-01, -2.347073305927184e+00, -8.879103112466059e-01,  6.441634644562596e-01
  9.900000000000001e-01,  8.336575641723870e-02, -4.607425215749626e-01,  2.062226085874876e-01,  2.049803146810047e-01,  8.945096846305904e-01,  1.224650071104178e-01,  6.747005137948258e-01,  1.265515458277514e+00,  3.351511270850790e-01,  6.760459903314595e-01, -2.343214496581882e+00, -8.951821629198891e-01,  6.503406038725136e-01
  1.000000000000000e+00,  8.305350299146040e-02, -4.601755816512543e-01,  2.057614813116947e-01,  2.042825885665045e-01,  8.940632014563787e-01,  1.222102807016766e-01,  6.732512806467489e-01,  1.263372018298930e+00,  3.337048463797586e-01,  6.803736094997958e-01, -2.338566443072585e+00, -9.039336268944610e-01,  6.575685893360216e-01
  1.010000000000000e+00,  8.269275131863127e-02, -4.595180573805671e-01,  2.052279087656466e-01,  2.034758931752808e-01,  8.935471711727582e-01,  1.219144435575211e-01,  6.715678768364649e-01,  1.260875492559772e+00,  3.320511044636305e-01,  6.852152916743920e-01, -2.333240569518060e+00, -9.142514604794276e-01,  6.658407646878154e-01
  1.020000000000000e+00,  8.228292673882338e-02, -4.587689453388463e-01,  2.046212624628167e-01,  2.025590513441221e-01,  8.929604338221155e-01,  1.215766176284976e-01,  6.696479107434230e-01,  1.258007571673901e+00,  3.301833055487133e-01,  6.905621065909898e-01, -2.327035777920107e+00, -9.261806531407262e-01,  6.752216937909727e-01
  1.030000000000000e+00,  8.182504078454493e-02, -4.579307362163624e-01,  2.039435875558447e-01,  2.015346381570510e-01,  8.923039295705611e-01,  1.211973183252703e-01,  6.674955920909297e-01,  1.254786368100910e+00,  3.281074028312592e-01,  6.964239496750430e-01, -2.320057134377468e+00, -9.398324384984873e-01,  6.857088169839762e-01
  1.040000000000000e+00,  8.131905439919108e-02, -4.570036115898802e-01,  2.031952007647375e-01,  2.004027665438921e-01,  8.915771418525846e-01,  1.207760532244070e-01,  6.651105834220858e-01,  1.251204254643004e+00,  3.258208363042518e-01,  7.027949925686678e-01, -2.312177715307257e+00, -9.552926451405453e-01,  6.973529713452049e-01
  1.050000000000000e+00,  8.076489159502537e-02, -4.559876726016377e-01,  2.023763827625053e-01,  1.991634768614415e-01,  8.907794635484980e-01,  1.203122414731000e-01,  6.624922194091699e-01,  1.247251966023791e+00,  3.233207955146580e-01,  7.096656652738702e-01, -2.303239769471401e+00, -9.726565490738339e-01,  7.102141873198956e-01
  1.060000000000000e+00,  8.016390709282263e-02, -4.548861067124980e-01,  2.014897807265913e-01,  1.978201690772589e-01,  8.899122161803202e-01,  1.198065663704952e-01,  6.596457785527357e-01,  1.242951086950098e+00,  3.206153378525135e-01,  7.170426904662811e-01, -2.293353444161855e+00, -9.920867281403498e-01,  7.242895273961757e-01
  1.070000000000000e+00,  7.951635648262621e-02, -4.536996720887358e-01,  2.005362260466633e-01,  1.963736641555338e-01,  8.889752021756002e-01,  1.192586538233329e-01,  6.565716500811243e-01,  1.238296615941106e+00,  3.177039590534168e-01,  7.249136350386842e-01, -2.282374819580030e+00, -1.013720613526809e+00,  7.396363266804646e-01
  1.080000000000000e+00,  7.882302602025149e-02, -4.524302299285434e-01,  1.995174140011959e-01,  1.948260221719037e-01,  8.879689377912460e-01,  1.186685706757117e-01,  6.532722756389319e-01,  1.233293642010070e+00,  3.145901343158382e-01,  7.332685861185647e-01, -2.270236725362162e+00, -1.037734481327037e+00,  7.562941378307111e-01
  1.090000000000000e+00,  7.808488944355259e-02, -4.510799810516099e-01,  1.984353247954105e-01,  1.931797304346823e-01,  8.868941955022480e-01,  1.180365140549796e-01,  6.497506790209239e-01,  1.227949238521888e+00,  3.112786412656483e-01,  7.420949320039757e-01, -2.256875903920488e+00, -1.064335601972362e+00,  7.743018974984104e-01
  1.100000000000000e+00,  7.730312155129436e-02, -4.496514789868350e-01,  1.972922331235591e-01,  1.914377283830288e-01,  8.857520339542894e-01,  1.173628291241306e-01,  6.460105276971047e-01,  1.222272450048615e+00,  3.077756287876202e-01,  7.513770646882912e-01, -2.242233701521434e+00, -1.093769599626616e+00,  7.936981061875100e-01
  1.110000000000000e+00,  7.647911954695731e-02, -4.481476591249277e-01,  1.960907294460778e-01,  1.896034500079959e-01,  8.845438398285584e-01,  1.166480353562314e-01,  6.420562398984394e-01,  1.216274426203541e+00,  3.040887317751738e-01,  7.610962997514127e-01, -2.226259070239501e+00, -1.126330902483061e+00,  8.145208137258937e-01
  1.120000000000000e+00,  7.561452354353917e-02, -4.465718649223592e-01,  1.948337386645859e-01,  1.876808634929043e-01,  8.832713698722866e-01,  1.158928533494378e-01,  6.378931010517590e-01,  1.209968506655168e+00,  3.002271683333166e-01,  7.712309204794876e-01, -2.208912306146806e+00, -1.162376969898122e+00,  8.368078786215269e-01
  1.130000000000000e+00,  7.471123586874390e-02, -4.449278696406559e-01,  1.935245352781423e-01,  1.856745069735105e-01,  8.819367926641927e-01,  1.150982316312701e-01,  6.335273873963315e-01,  1.203370248061475e+00,  2.962018230943463e-01,  7.817563658596830e-01, -2.190169687973040e+00, -1.202347613121101e+00,  8.605975394202445e-01
  1.140000000000000e+00,  7.377143915753492e-02, -4.432198923935503e-01,  1.921667544712471e-01,  1.835895199966286e-01,  8.805427302102878e-01,  1.142653730545684e-01,  6.289664951083399e-01,  1.196497390467822e+00,  2.920253267080100e-01,  7.926455863237434e-01, -2.170029343657887e+00, -1.246791144449893e+00,  8.859292524744370e-01
  1.150000000000000e+00,  7.279761357853527e-02, -4.414526073816079e-01,  1.907643988638080e-01,  1.814316708969385e-01,  8.790923000608338e-01,  1.133957605126737e-01,  6.242190737659723e-01,  1.189369765868249e+00,  2.877121488424718e-01,  8.038695956129891e-01, -2.148518918628602e+00, -1.296399507822189e+00,  9.128445517025364e-01
  1.160000000000000e+00,  7.179255451358039e-02, -4.396311463139423e-01,  1.893218417587119e-01,  1.792073822768483e-01,  8.775891601833770e-01,  1.124911823695642e-01,  6.192951668313780e-01,  1.182009159935056e+00,  2.832787320736697e-01,  8.153982628134697e-01, -2.125706129675479e+00, -1.352054632360412e+00,  9.413871555705104e-01
  1.170000000000000e+00,  7.075939417452148e-02, -4.377610970917578e-01,  1.878438304062706e-01,  1.769237612971792e-01,  8.760375622495272e-01,  1.115537597646071e-01,  6.142063727258926e-01,  1.174439143345481e+00,  2.787437064026901e-01,  8.272014329469930e-01, -2.101714317533375e+00, -1.414886874151564e+00,  9.716001850961311e-01
  1.180000000000000e+00,  6.970163501040358e-02, -4.358485085406025e-01,  1.863354983905585e-01,  1.745886507258332e-01,  8.744424259240249e-01,  1.105859818047068e-01,  6.089660649147881e-01,  1.166684876562357e+00,  2.741282364773522e-01,  8.392505753815673e-01, -2.076747140800880e+00, -1.486339956640601e+00,  1.003514883416166e+00
  1.190000000000000e+00,  6.862321111636294e-02, -4.338999251870825e-01,  1.848024074908232e-01,  1.722107347257470e-01,  8.728094598974903e-01,  1.095907626077838e-01,  6.035897640373740e-01,  1.158772809770126e+00,  2.694565465653743e-01,  8.515214240394130e-01, -2.051130340332480e+00, -1.568214286088229e+00,  1.037116379448049e+00
  1.200000000000000e+00,  6.752860657687719e-02, -4.319225010478241e-01,  1.832506579119718e-01,  1.697997617187603e-01,  8.711453750892193e-01,  1.085715475899100e-01,  5.980958604028063e-01,  1.150729868542548e+00,  2.647565628708438e-01,  8.639986316178464e-01, -2.025383915700970e+00, -1.662590708427797e+00,  1.072250543563015e+00
  1.210000000000000e+00,  6.642305782768136e-02, -4.299242552794146e-01,  1.816871106700812e-01,  1.673669474080141e-01,  8.694582306274140e-01,  1.075325010875967e-01,  5.925070024332943e-01,  1.142580498445385e+00,  2.600600711359842e-01,  8.766841478157527e-01, -2.000336095203394e+00, -1.771349184845572e+00,  1.108392863080743e+00
  1.220000000000000e+00,  6.531225346855123e-02, -4.279136491825833e-01,  1.801190098852411e-01,  1.649243423312909e-01,  8.677569696120707e-01,  1.064782845043551e-01,  5.868502142890181e-01,  1.134329036540425e+00,  2.553953280439224e-01,  8.895950951471321e-01, -1.977095600310303e+00, -1.894703047330655e+00,  1.144241578817022e+00
  1.230000000000000e+00,  6.420470444573485e-02, -4.259031468714113e-01,  1.785569560383961e-01,  1.624898023380703e-01,  8.660552176839706e-01,  1.054161612527900e-01,  5.811669886488346e-01,  1.125988689400299e+00,  2.508067798827002e-01,  9.028566704541101e-01, -1.957588446903642e+00, -2.028807257135026e+00,  1.177080473194239e+00
  1.240000000000000e+00,  6.310413100328194e-02, -4.238976895042644e-01,  1.770052698549597e-01,  1.600709576835638e-01,  8.643591601705494e-01,  1.043493247954960e-01,  5.754827269497118e-01,  1.117468064655516e+00,  2.462868312899644e-01,  9.164891596950743e-01, -1.942147254827221e+00, -2.165660532855358e+00,  1.204211966261604e+00
  1.250000000000000e+00,  6.201176732260080e-02, -4.218977020585728e-01,  1.754647408494690e-01,  1.576699556857741e-01,  8.626712007445397e-01,  1.032786452443836e-01,  5.698088927439056e-01,  1.108677116760369e+00,  2.418253335889732e-01,  9.304635691407088e-01, -1.929899469087838e+00, -2.298064658525411e+00,  1.224477989723632e+00
  1.260000000000000e+00,  6.092621821656399e-02, -4.198982279788556e-01,  1.739321847110352e-01,  1.552829914807672e-01,  8.609897765916370e-01,  1.022022578701910e-01,  5.641380038826282e-01,  1.099570075019315e+00,  2.374279494669587e-01,  9.446692179103097e-01, -1.919056184167921e+00, -2.424652240644505e+00,  1.239115750881901e+00
  1.270000000000000e+00,  5.984889979105185e-02, -4.178970716438855e-01,  1.724072490017818e-01,  1.529117092139289e-01,  8.593180956657710e-01,  1.011203994579240e-01,  5.584698687327376e-01,  1.090186392537818e+00,  2.331509123479212e-01,  9.590929193074293e-01, -1.908978040644432e+00, -2.545274934910648e+00,  1.249220465622619e+00
  1.280000000000000e+00,  5.877626004979982e-02, -4.158854516512816e-01,  1.708838384796375e-01,  1.505476445453778e-01,  8.576511375616785e-01,  1.000289969873795e-01,  5.527841771603943e-01,  1.080515087528890e+00,  2.290066120789138e-01,  9.735207216544605e-01, -1.897872389142436e+00, -2.662460799106294e+00,  1.256658461879913e+00
  1.290000000000000e+00,  5.770849297371569e-02, -4.138599128949694e-01,  1.693604135236256e-01,  1.481900984878935e-01,  8.559899463041977e-01,  9.892723552025173e-02,  5.470777791485120e-01,  1.070591121971765e+00,  2.250393719736855e-01,  9.878632322667510e-01, -1.885215457986730e+00, -2.777516053018889e+00,  1.262329799510192e+00
  1.300000000000000e+00,  5.664563857525716e-02, -4.118176858059359e-01,  1.678356945964894e-01,  1.458383399669093e-01,  8.543351327120717e-01,  9.781439427581194e-02,  5.413506631767797e-01,  1.060428006514532e+00,  2.212783268531186e-01,  1.002004832979443e+00, -1.870485155279310e+00, -2.890961247067481e+00,  1.266728385593155e+00
  1.310000000000000e+00,  5.558892882793080e-02, -4.097579444210340e-01,  1.663099538394176e-01,  1.434941732239896e-01,  8.526892185560866e-01,  9.669090382291566e-02,  5.356100178437051e-01,  1.050047115985414e+00,  2.177580914446318e-01,  1.015871083714776e+00, -1.853512456782258e+00, -3.003568112597354e+00,  1.270216426705819e+00
  1.320000000000000e+00,  5.453949505072610e-02, -4.076806459403385e-01,  1.647837770278156e-01,  1.411594731686109e-01,  8.510544058046889e-01,  9.555738456284142e-02,  5.298657335600330e-01,  1.039454140323932e+00,  2.145001328245204e-01,  1.029360488736845e+00, -1.833989715194882e+00, -3.116607631405248e+00,  1.273170311316204e+00
  1.330000000000000e+00,  5.349936731726116e-02, -4.055873446431014e-01,  1.632589587762543e-01,  1.388380495068687e-01,  8.494343474538373e-01,  9.441541369089469e-02,  5.241335512573108e-01,  1.028658392338555e+00,  2.115281376378916e-01,  1.042410690935395e+00, -1.811868257046434e+00, -3.230557834455717e+00,  1.275638105045985e+00
  1.340000000000000e+00,  5.247056295899562e-02, -4.034804648224274e-01,  1.617376754459242e-01,  1.365339381854762e-01,  8.478325531268014e-01,  9.326686334886852e-02,  5.184314307560453e-01,  1.017661440630097e+00,  2.088558438446534e-01,  1.054937574986441e+00, -1.786917051727829e+00, -3.346886461869068e+00,  1.277807290089049e+00
  1.350000000000000e+00,  5.145552337106424e-02, -4.013637972409118e-01,  1.602229370007944e-01,  1.342522540507801e-01,  8.462531456121097e-01,  9.211428582935062e-02,  5.127810270340286e-01,  1.006464812893495e+00,  2.064923470090655e-01,  1.066859286095921e+00, -1.758843637170238e+00, -3.467461649237177e+00,  1.279804398413873e+00
  1.360000000000000e+00,  5.045718741947489e-02, -3.992430965931680e-01,  1.587188927789196e-01,  1.319994800936926e-01,  8.447009141464784e-01,  9.096114546786165e-02,  5.072084724660572e-01,  9.950682649858370e-01,  2.044379411861162e-01,  1.078079264457830e+00, -1.727117971326066e+00, -3.595054241392337e+00,  1.281718719733273e+00
  1.370000000000000e+00,  4.947958278211676e-02, -3.971280208885707e-01,  1.572320227687574e-01,  1.297849918277466e-01,  8.431821414043783e-01,  8.981273108640499e-02,  5.017484252504572e-01,  9.834678992124208e-01,  2.026774160140451e-01,  1.088459544434697e+00, -1.690647203662689e+00, -3.734200035674354e+00,  1.283536212593789e+00
  1.380000000000000e+00,  4.852975111920462e-02, -3.950382981389750e-01,  1.557749557880430e-01,  1.276259832450052e-01,  8.417073116037791e-01,  8.867907231293203e-02,  4.964570183978407e-01,  9.716581957443141e-01,  2.011616172121884e-01,  1.097727832199942e+00, -1.646642904820425e+00, -3.897158246182204e+00,  1.285525304952037e+00
  1.390000000000000e+00,  4.852975111920462e-02, -3.950382981389750e-01,  1.557749557880430e-01,  1.276259832450052e-01,  8.417073116037791e-01,  8.867907231293203e-02,  4.964570183978407e-01,  9.716581957443141e-01,  2.011616172121884e-01,  1.097727832199942e+00, -1.646642904820425e+00, -3.897158246182204e+00,  1.285525304952037e+00
